rod_swingDescr7.dat
size1 30
size3 31
beh_type.id 14
sizes[]=36 45 46 45 40 44 41 42 43 47 42 46 48 42 46 42 49 46 43 45 46 45 47 49 50 43 37 43 43 44 
thresholds[]=0.16 0.16 0.16 0.16 0.16 0.16 0.16 0.16 0.16 0.16 0.16 0.16 0.16 0.16 0.16 0.16 0.16 0.16 0.16 0.16 0.16 0.16 0.16 0.16 0.16 0.16 0.16 0.16 0.16 0.16 
map[0][.]=0 1 0 0 0 0 0 0 0 0 0 0 0 0 0 0 0 0 0 0 0 0 0 0 0 0 0 0 0 0 0 
map[1][.]=0 0 1 0 0 0 0 0 0 0 0 0 0 0 0 0 0 0 0 0 0 0 0 0 0 0 0 0 0 0 0 
map[2][.]=0 0 0 1 0 0 0 0 0 0 0 0 0 0 0 0 0 0 0 0 0 0 0 0 0 0 0 0 0 0 0 
map[3][.]=0 0 0 0 1 0 0 0 0 0 0 0 0 0 0 0 0 0 0 0 0 0 0 0 0 0 0 0 0 0 0 
map[4][.]=0 0 0 0 0 1 0 0 0 0 0 0 0 0 0 0 0 0 0 0 0 0 0 0 0 0 0 0 0 0 0 
map[5][.]=0 0 0 0 0 0 1 0 0 0 0 0 0 0 0 0 0 0 0 0 0 0 0 0 0 0 0 0 0 0 0 
map[6][.]=0 0 0 0 0 0 0 1 0 0 0 0 0 0 0 0 0 0 0 0 0 0 0 0 0 0 0 0 0 0 0 
map[7][.]=0 0 0 0 0 0 0 0 1 0 0 0 0 0 0 0 0 0 0 0 0 0 0 0 0 0 0 0 0 0 0 
map[8][.]=0 0 0 0 0 0 0 0 0 1 0 0 0 0 0 0 0 0 0 0 0 0 0 0 0 0 0 0 0 0 0 
map[9][.]=0 0 0 0 0 0 0 0 0 0 1 0 0 0 0 0 0 0 0 0 0 0 0 0 0 0 0 0 0 0 0 
map[10][.]=0 0 0 0 0 0 0 0 0 0 0 1 0 0 0 0 0 0 0 0 0 0 0 0 0 0 0 0 0 0 0 
map[11][.]=0 0 0 0 0 0 0 0 0 0 0 0 1 0 0 0 0 0 0 0 0 0 0 0 0 0 0 0 0 0 0 
map[12][.]=0 0 0 0 0 0 0 0 0 0 0 0 0 1 0 0 0 0 0 0 0 0 0 0 0 0 0 0 0 0 0 
map[13][.]=0 0 0 0 0 0 0 0 0 0 0 0 0 0 1 0 0 0 0 0 0 0 0 0 0 0 0 0 0 0 0 
map[14][.]=0 0 0 0 0 0 0 0 0 0 0 0 0 0 0 1 0 0 0 0 0 0 0 0 0 0 0 0 0 0 0 
map[15][.]=0 0 0 0 0 0 0 0 0 0 0 0 0 0 0 0 1 0 0 0 0 0 0 0 0 0 0 0 0 0 0 
map[16][.]=0 0 0 0 0 0 0 0 0 0 0 0 0 0 0 0 0 1 0 0 0 0 0 0 0 0 0 0 0 0 0 
map[17][.]=0 0 0 0 0 0 0 0 0 0 0 0 0 0 0 0 0 0 1 0 0 0 0 0 0 0 0 0 0 0 0 
map[18][.]=0 0 0 0 0 0 0 0 0 0 0 0 0 0 0 0 0 0 0 1 0 0 0 0 0 0 0 0 0 0 0 
map[19][.]=0 0 0 0 0 0 0 0 0 0 0 0 0 0 0 0 0 0 0 0 1 0 0 0 0 0 0 0 0 0 0 
map[20][.]=0 0 0 0 0 0 0 0 0 0 0 0 0 0 0 0 0 0 0 0 0 1 0 0 0 0 0 0 0 0 0 
map[21][.]=0 0 0 0 0 0 0 0 0 0 0 0 0 0 0 0 0 0 0 0 0 0 1 0 0 0 0 0 0 0 0 
map[22][.]=0 0 0 0 0 0 0 0 0 0 0 0 0 0 0 0 0 0 0 0 0 0 0 1 0 0 0 0 0 0 0 
map[23][.]=0 0 0 0 0 0 0 0 0 0 0 0 0 0 0 0 0 0 0 0 0 0 0 0 1 0 0 0 0 0 0 
map[24][.]=0 0 0 0 0 0 0 0 0 0 0 0 0 0 0 0 0 0 0 0 0 0 0 0 0 1 0 0 0 0 0 
map[25][.]=0 0 0 0 0 0 0 0 0 0 0 0 0 0 0 0 0 0 0 0 0 0 0 0 0 0 1 0 0 0 0 
map[26][.]=0 0 0 0 0 0 0 0 0 0 0 0 0 0 0 0 0 0 0 0 0 0 0 0 0 0 0 1 0 0 0 
map[27][.]=0 0 0 0 0 0 0 0 0 0 0 0 0 0 0 0 0 0 0 0 0 0 0 0 0 0 0 0 1 0 0 
map[28][.]=0 0 0 0 0 0 0 0 0 0 0 0 0 0 0 0 0 0 0 0 0 0 0 0 0 0 0 0 0 1 0 
map[29][.]=0 0 0 0 0 0 0 0 0 0 0 0 0 0 0 0 0 0 0 0 0 0 0 0 0 0 0 0 0 0 1 
map[30][.]=0 0 0 0 0 0 0 0 0 0 0 0 0 0 0 0 0 0 0 0 0 0 0 0 0 0 0 0 0 0 0 
isLast[.]=false false false false false false false false false false false false false false false false false false false false false false false false false false false false false false true 
descriptor[i][.]=(287, 246)(-0.025, -0.5)(0.0125, -0.5)(-0.0125, 0.5)(0.4375, 0.5)
				 (287, 246)(-0.00793651, -0.5)(0.00396825, -0.5)(-0.00396825, 0.5)(0.138889, 0.5)
				 (287, 246)(-0.00793651, -0.5)(-0.107143, -0.404762)(-0.154762, -0.261905)(-0.0674603, -0.146825)(-0.0714286, 0.00793651)(-0.047619, 0.166667)(-0.0238095, 0.321429)(-0.00396825, 0.464286)(0.107143, 0.5)(0.134921, 0.384921)(0.0833333, 0.230159)(0.0992063, 0.0753968)(0.138889, -0.0793651)(0.119048, -0.230159)(0.0793651, -0.380952)
				 (287, 246)(0.0634921, 0.170635)(-0.0674603, -0.404762)(0.138889, 0.5)(0.0714286, 0.18254)(0.138889, -0.0634921)(0.031746, -0.488095)(-0.00793651, -0.5)(-0.0515873, -0.472222)(-0.130952, -0.392857)
descriptor[i][.]=(285, 246)(-0.0253165, -0.5)(0.0506329, -0.5)(-0.0253165, 0.43254)(0.43038, 0.5)
				 (285, 246)(-0.00793651, -0.5)(0.015873, -0.5)(-0.00793651, 0.43254)(0.134921, 0.5)
				 (285, 246)(-0.00793651, -0.5)(-0.107143, -0.400794)(-0.146825, -0.257937)(-0.0595238, -0.142857)(-0.0595238, 0.0119048)(-0.047619, 0.162698)(-0.00793651, 0.31746)(0.015873, 0.448413)(0.115079, 0.5)(0.138889, 0.376984)(0.0873016, 0.22619)(0.111111, 0.0753968)(0.146825, -0.0793651)(0.126984, -0.234127)(0.0753968, -0.384921)
				 (285, 246)(-0.0595238, -0.194444)(0.0674603, 0.18254)(-0.0357143, 0.0396825)(0.00396825, 0.333333)(-0.134921, -0.234127)(-0.111111, -0.214286)(-0.0634921, 0.00793651)(-0.0357143, 0.0396825)(-0.047619, 0.154762)(0.00396825, 0.333333)(-0.00793651, 0.424603)(0.00793651, 0.492063)(0.134921, 0.5)(0.0873016, 0.214286)(0.0714286, 0.186508)(0.0357143, -0.488095)(-0.00793651, -0.5)(-0.0436508, -0.47619)
descriptor[i][.]=(285, 246)(-0.025641, -0.498008)(0.0512821, -0.498008)(-0.179487, 0.243028)(0.384615, 0.501992)
				 (285, 246)(-0.00796813, -0.498008)(0.0159363, -0.498008)(-0.0557769, 0.243028)(0.119522, 0.501992)
				 (285, 246)(-0.00796813, -0.498008)(-0.10757, -0.40239)(-0.151394, -0.262948)(-0.0557769, -0.159363)(-0.0557769, -0.00796813)(-0.0557769, 0.14741)(-0.0199203, 0.298805)(0.0438247, 0.450199)(0.0956175, 0.501992)(0.12749, 0.378486)(0.0677291, 0.227092)(0.115538, 0.0756972)(0.14741, -0.0756972)(0.123506, -0.227092)(0.0717131, -0.38247)
				 (285, 246)(-0.0557769, -0.187251)(0.0438247, 0.434263)(0.059761, 0.211155)(-0.063745, -0.406375)(-0.0398406, 0.0478088)(-0.111554, -0.207171)(-0.0677291, -0.0398406)(-0.0438247, 0.0438247)(-0.063745, 0.155378)(0.0398406, 0.430279)(0.00398406, 0.474104)(0.119522, 0.501992)(0.151394, 0.47012)(0.123506, 0.330677)(0.063745, 0.215139)(0.0278884, -0.49004)(-0.00796813, -0.498008)(-0.0557769, -0.466135)(-0.10757, -0.40239)
descriptor[i][.]=(284, 247)(-0.194805, -0.46)(0.0779221, -0.5)(-0.012987, 0.472)(0.233766, 0.5)
				 (284, 247)(-0.06, -0.46)(0.024, -0.5)(-0.004, 0.472)(0.072, 0.5)
				 (284, 247)(0.012, -0.5)(-0.072, -0.404)(-0.148, -0.296)(-0.056, -0.18)(-0.048, -0.024)(-0.064, 0.132)(-0.036, 0.288)(0.036, 0.436)(0.072, 0.5)(0.132, 0.384)(0.076, 0.232)(0.116, 0.08)(0.156, -0.064)(0.132, -0.22)(0.076, -0.372)
				 (284, 247)(-0.056, -0.188)(0.036, 0.432)(0.068, 0.18)(0.032, -0.444)(-0.144, -0.252)(-0.12, -0.22)(-0.072, 0.192)(-0.004, 0.384)(0.032, 0.428)(-0.004, 0.464)(0.004, 0.496)(0.072, 0.5)(0.144, 0.448)(0.148, 0.416)(0.068, 0.18)(0.144, 0.048)(0.068, -0.416)(0.036, -0.492)
descriptor[i][.]=(284, 248)(-0.103896, -0.489879)(0.0779221, -0.497976)(-0.207792, 0.255061)(0.233766, 0.502024)
				 (284, 248)(-0.0323887, -0.489879)(0.0242915, -0.497976)(-0.0647773, 0.255061)(0.0728745, 0.502024)
				 (284, 248)(0.0161943, -0.497976)(-0.0769231, -0.412955)(-0.153846, -0.295547)(-0.0526316, -0.186235)(-0.0566802, -0.0404858)(-0.0769231, 0.11336)(-0.0566802, 0.263158)(0.00809717, 0.408907)(0.0566802, 0.502024)(0.121457, 0.380567)(0.0769231, 0.234818)(0.117409, 0.0850202)(0.157895, -0.0607287)(0.133603, -0.214575)(0.0890688, -0.360324)
				 (284, 248)(-0.0526316, -0.194332)(0.0242915, 0.433198)(0.0688259, 0.182186)(-0.0809717, 0.210526)(0.0202429, 0.42915)(0, 0.48583)(0.0728745, 0.502024)(0.125506, 0.441296)(0.133603, 0.412955)(0.0688259, 0.182186)(0.0404858, -0.48583)(-0.0323887, -0.489879)(-0.137652, -0.376518)
descriptor[i][.]=(285, 249)(-0.0519481, -0.497959)(0.012987, -0.493878)(-0.038961, 0.502041)(0.168831, 0.502041)
				 (285, 249)(-0.0163265, -0.497959)(0.00408163, -0.493878)(-0.0122449, 0.502041)(0.0530612, 0.502041)
				 (285, 249)(-0.0163265, -0.497959)(-0.114286, -0.404082)(-0.146939, -0.257143)(-0.0612245, -0.155102)(-0.0530612, -0.00408163)(-0.0979592, 0.142857)(-0.0612245, 0.285714)(0, 0.436735)(0.0612245, 0.497959)(0.114286, 0.355102)(0.0653061, 0.204082)(0.138776, 0.0612245)(0.155102, -0.0897959)(0.126531, -0.232653)(0.077551, -0.379592)
				 (285, 249)(-0.0367347, -0.0857143)(-0.00408163, 0.416327)(0.0653061, 0.183673)(-0.0612245, -0.204082)(-0.146939, -0.24898)(-0.118367, -0.216327)(-0.0653061, -0.17551)(-0.0408163, -0.0897959)(-0.00816327, 0.412245)(-0.0204082, 0.497959)(0.0530612, 0.502041)(0.114286, 0.367347)(0.0653061, 0.183673)(0.142857, 0.0571429)(0.114286, -0.318367)(0.0122449, -0.489796)(-0.0530612, -0.485714)
descriptor[i][.]=(286, 250)(-0.038961, -0.5)(0.025974, -0.5)(-0.038961, 0.5)(0.0909091, 0.5)
				 (286, 250)(-0.0122951, -0.5)(0.00819672, -0.5)(-0.0122951, 0.5)(0.0286885, 0.5)
				 (286, 250)(-0.0122951, -0.5)(-0.114754, -0.401639)(-0.151639, -0.258197)(-0.057377, -0.163934)(-0.045082, -0.0122951)(-0.110656, 0.139344)(-0.0737705, 0.282787)(-0.0204918, 0.434426)(0.0491803, 0.463115)(0.106557, 0.356557)(0.057377, 0.204918)(0.139344, 0.0614754)(0.151639, -0.0901639)(0.127049, -0.241803)(0.0696721, -0.385246)
				 (286, 250)(-0.0409836, -0.0860656)(0.057377, 0.20082)(-0.0614754, -0.204918)(-0.045082, -0.00409836)(-0.143443, -0.22541)(-0.045082, -0.0901639)(-0.118852, 0.159836)(-0.0204918, 0.495902)(0.0286885, 0.5)(0.057377, 0.20082)(0.139344, 0.0655738)(0.0245902, -0.487705)(-0.0368852, -0.495902)(-0.139344, -0.377049)
descriptor[i][.]=(287, 251)(-0.0779221, -0.5)(0.012987, -0.487603)(-0.103896, 0.5)(0.298701, 0.450413)
				 (287, 251)(-0.0247934, -0.5)(0.00413223, -0.487603)(-0.0330579, 0.5)(0.0950413, 0.450413)
				 (287, 251)(-0.0247934, -0.5)(-0.115702, -0.404959)(-0.157025, -0.256198)(-0.0578512, -0.157025)(-0.0578512, 0)(-0.128099, 0.144628)(-0.0743802, 0.293388)(-0.0454545, 0.446281)(0.0371901, 0.450413)(0.11157, 0.359504)(0.0578512, 0.206612)(0.132231, 0.0702479)(0.161157, -0.0826446)(0.128099, -0.235537)(0.0702479, -0.380165)
				 (287, 251)(-0.0371901, -0.0826446)(-0.0371901, 0.413223)(0.0578512, 0.198347)(-0.0661157, -0.194215)(-0.0661157, -0.194215)(-0.0495868, -0.0991736)(-0.053719, 0.392562)(-0.0619835, 0.471074)(-0.0330579, 0.5)(0.103306, 0.446281)(0.0578512, 0.198347)(0.157025, 0.00826446)(-0.0206612, -0.5)(-0.0702479, -0.487603)(-0.144628, -0.371901)
descriptor[i][.]=(287, 253)(-0.139241, -0.497959)(0.0379747, -0.465306)(-0.227848, 0.502041)(0, 0.485714)
				 (287, 253)(-0.044898, -0.497959)(0.0122449, -0.465306)(-0.0734694, 0.502041)(0, 0.485714)
				 (287, 253)(-0.044898, -0.497959)(-0.122449, -0.383673)(-0.146939, -0.236735)(-0.044898, -0.134694)(-0.077551, 0.0163265)(-0.122449, 0.171429)(-0.0734694, 0.322449)(-0.0979592, 0.461224)(0.0163265, 0.461224)(0.110204, 0.371429)(0.0653061, 0.216327)(0.126531, 0.077551)(0.163265, -0.0816327)(0.130612, -0.236735)(0.0734694, -0.379592)
				 (287, 253)(-0.0244898, -0.0897959)(-0.0489796, 0.4)(0.0571429, 0.191837)(-0.0612245, -0.195918)(-0.142857, -0.22449)(-0.0612245, -0.195918)(-0.0285714, -0.0938776)(-0.0653061, 0.379592)(-0.0979592, 0.453061)(-0.0816327, 0.497959)(0, 0.485714)(0.102041, 0.432653)(0.0571429, 0.191837)(0.159184, 0.00816327)(-0.0244898, -0.493878)(-0.0693878, -0.493878)
descriptor[i][.]=(288, 254)(-0.21519, -0.5)(0.113924, -0.430328)(-0.21519, 0.5)(0.329114, 0.434426)
				 (288, 254)(-0.0696721, -0.5)(0.0368852, -0.430328)(-0.0696721, 0.5)(0.106557, 0.434426)
				 (288, 254)(-0.0696721, -0.5)(-0.131148, -0.377049)(-0.147541, -0.229508)(-0.0368852, -0.127049)(-0.0737705, 0.0204918)(-0.114754, 0.17623)(-0.0737705, 0.32377)(-0.0819672, 0.479508)(0.045082, 0.434426)(0.106557, 0.344262)(0.0614754, 0.184426)(0.143443, 0.0409836)(0.151639, -0.110656)(0.131148, -0.266393)(0.0532787, -0.405738)
				 (288, 254)(-0.0245902, -0.0942623)(-0.0614754, 0.401639)(0.057377, 0.192623)(-0.0819672, -0.42623)(-0.0614754, -0.192623)(-0.143443, -0.221311)(-0.0614754, -0.192623)(-0.0368852, -0.114754)(-0.114754, 0.168033)(-0.0696721, 0.389344)(-0.0819672, 0.471311)(0.114754, 0.430328)(0.057377, 0.192623)(0.135246, 0.0655738)(0.114754, -0.327869)(0.0737705, -0.385246)(0.045082, -0.422131)(-0.0368852, -0.495902)(-0.0942623, -0.491803)(-0.114754, -0.405738)
descriptor[i][.]=(288, 258)(-0.246914, -0.5)(0, -0.468254)(-0.0864198, 0.5)(0, 0.492063)
				 (288, 258)(-0.0793651, -0.5)(0, -0.468254)(-0.0277778, 0.5)(0, 0.492063)
				 (288, 258)(-0.0793651, -0.5)(-0.126984, -0.365079)(-0.126984, -0.22619)(-0.031746, -0.119048)(-0.0634921, 0.0277778)(-0.0793651, 0.178571)(-0.0555556, 0.329365)(-0.0634921, 0.480159)(0.0555556, 0.424603)(0.0952381, 0.297619)(0.0674603, 0.150794)(0.146825, 0.00793651)(0.142857, -0.134921)(0.123016, -0.285714)(0.0357143, -0.40873)
				 (288, 258)(-0.0238095, -0.107143)(0.0555556, 0.170635)(-0.0595238, -0.202381)(-0.0396825, 0.369048)(-0.146825, -0.238095)(-0.0595238, -0.202381)(-0.0357143, -0.126984)(-0.0515873, 0.353175)(-0.0674603, 0.468254)(-0.0277778, 0.5)(0.0555556, 0.170635)(0.162698, -0.0992063)(0.119048, -0.321429)(-0.047619, -0.496032)(-0.0793651, -0.5)
descriptor[i][.]=(288, 257)(-0.240506, -0.498008)(0.303797, -0.358566)(-0.0506329, 0.501992)(0.126582, 0.49004)
				 (288, 257)(-0.0756972, -0.498008)(0.0956175, -0.358566)(-0.0159363, 0.501992)(0.0398406, 0.49004)
				 (288, 257)(-0.0756972, -0.498008)(-0.12749, -0.36255)(-0.12749, -0.227092)(-0.0398406, -0.123506)(-0.0478088, 0.0199203)(-0.0517928, 0.171315)(-0.0318725, 0.322709)(-0.0398406, 0.466135)(0.0756972, 0.450199)(0.0956175, 0.310757)(0.0557769, 0.159363)(0.143426, 0.0159363)(0.143426, -0.131474)(0.123506, -0.282869)(0.0358566, -0.410359)
				 (288, 257)(-0.0239044, -0.10757)(0.0557769, 0.159363)(-0.0956175, -0.422311)(-0.0677291, -0.207171)(-0.0119522, 0.370518)(-0.0677291, -0.207171)(-0.063745, 0.103586)(-0.0159363, 0.366534)(-0.0438247, 0.482072)(0.0398406, 0.49004)(0.119522, 0.398406)(0.0557769, 0.159363)(0.0876494, 0.123506)(0.14741, 0.0119522)(0.159363, -0.0916335)(0.10757, -0.342629)(-0.0318725, -0.494024)(-0.0756972, -0.498008)(-0.0996016, -0.434263)
descriptor[i][.]=(288, 256)(-0.2125, -0.5)(0.05, -0.451613)(-0.025, 0.491935)(0.075, 0.5)
				 (288, 256)(-0.0685484, -0.5)(0.016129, -0.451613)(-0.00806452, 0.491935)(0.0241935, 0.5)
				 (288, 256)(-0.0685484, -0.5)(-0.116935, -0.370968)(-0.137097, -0.229839)(-0.0403226, -0.129032)(-0.0403226, 0.0241935)(-0.0483871, 0.177419)(-0.016129, 0.326613)(-0.016129, 0.479839)(0.116935, 0.451613)(0.108871, 0.310484)(0.0685484, 0.157258)(0.145161, 0.016129)(0.145161, -0.133065)(0.125, -0.282258)(0.0322581, -0.415323)
				 (288, 256)(-0.100806, -0.423387)(-0.0241935, -0.100806)(0.0685484, 0.141129)(-0.0725806, -0.217742)(0.0120968, 0.395161)(-0.104839, -0.419355)(-0.16129, -0.282258)(-0.149194, -0.233871)(-0.0725806, -0.217742)(-0.0685484, -0.193548)(-0.0403226, -0.120968)(0, 0.379032)(-0.016129, 0.479839)(0.0201613, 0.5)(0.0564516, 0.495968)(0.141129, 0.435484)(0.137097, 0.0403226)(0.120968, -0.314516)(0.0282258, -0.439516)(-0.0483871, -0.5)(-0.100806, -0.487903)
descriptor[i][.]=(287, 256)(-0.166667, -0.5)(0.0357143, -0.456349)(-0.0952381, 0.218254)(0.369048, 0.492063)
				 (287, 256)(-0.0555556, -0.5)(0.0119048, -0.456349)(-0.031746, 0.218254)(0.123016, 0.492063)
				 (287, 256)(-0.0555556, -0.5)(-0.115079, -0.373016)(-0.138889, -0.234127)(-0.0357143, -0.134921)(-0.0198413, 0.015873)(-0.0277778, 0.170635)(0.031746, 0.313492)(0.0119048, 0.460317)(0.126984, 0.488095)(0.138889, 0.353175)(0.0952381, 0.198413)(0.123016, 0.0436508)(0.162698, -0.107143)(0.123016, -0.253968)(0.0515873, -0.388889)
				 (287, 256)(-0.0198413, -0.0912698)(0.0793651, 0.162698)(-0.0952381, -0.412698)(-0.0714286, -0.222222)(0.047619, 0.376984)(-0.0714286, -0.222222)(-0.0198413, -0.0912698)(0.0436508, 0.373016)(0, 0.47619)(0.123016, 0.492063)(0.166667, 0.416667)(0.0833333, 0.170635)(-0.0277778, -0.496032)(-0.0992063, -0.480159)(-0.0952381, -0.412698)
descriptor[i][.]=(288, 257)(-0.139535, -0.5)(0.0930233, -0.436508)(-0.0116279, 0.480159)(0.186047, 0.5)
				 (288, 257)(-0.047619, -0.5)(0.031746, -0.436508)(-0.00396825, 0.480159)(0.0634921, 0.5)
				 (288, 257)(-0.047619, -0.5)(-0.119048, -0.388889)(-0.146825, -0.242063)(-0.0555556, -0.142857)(-0.0277778, 0.0119048)(-0.0396825, 0.166667)(0, 0.309524)(0.00793651, 0.448413)(0.115079, 0.488095)(0.126984, 0.365079)(0.0992063, 0.210317)(0.115079, 0.0595238)(0.162698, -0.0912698)(0.119048, -0.238095)(0.0634921, -0.380952)
				 (288, 257)(-0.0436508, -0.111111)(0.0873016, 0.138889)(-0.0952381, -0.416667)(-0.0793651, -0.230159)(0.031746, 0.365079)(-0.138889, -0.238095)(-0.0793651, -0.230159)(-0.0714286, -0.18254)(-0.047619, -0.115079)(0.0277778, 0.361111)(-0.00396825, 0.464286)(0.0595238, 0.5)(0.123016, 0.488095)(0.154762, 0.40873)(0.0873016, 0.138889)(0.115079, -0.305556)(-0.0436508, -0.5)(-0.0952381, -0.488095)(-0.162698, -0.325397)
descriptor[i][.]=(289, 255)(-0.186047, -0.498054)(0.0813953, -0.428016)(-0.0232558, 0.478599)(0.197674, 0.501946)
				 (289, 255)(-0.0622568, -0.498054)(0.0272374, -0.428016)(-0.0077821, 0.478599)(0.0661479, 0.501946)
				 (289, 255)(-0.0622568, -0.498054)(-0.120623, -0.36965)(-0.143969, -0.241245)(-0.0544747, -0.116732)(-0.0466926, 0.0350195)(-0.0466926, 0.18677)(0.0077821, 0.33463)(-0.0077821, 0.478599)(0.124514, 0.459144)(0.124514, 0.350195)(0.101167, 0.202335)(0.132296, 0.0505837)(0.159533, -0.101167)(0.116732, -0.245136)(0.0544747, -0.385214)
				 (289, 255)(-0.0544747, -0.120623)(0.0972763, 0.143969)(-0.0856031, -0.392996)(0.0272374, 0.373541)(0.120623, 0.381323)(-0.0583658, -0.124514)(0.0233463, 0.36965)(-0.0077821, 0.466926)(0.0544747, 0.501946)(0.108949, 0.486381)(0.159533, 0.420233)(0.0972763, 0.143969)(0.140078, -0.198444)(-0.0583658, -0.498054)(-0.0972763, -0.451362)
descriptor[i][.]=(285, 254)(-0.125, -0.5)(0.0208333, -0.5)(-0.09375, 0.222656)(0.333333, 0.492188)
				 (285, 254)(-0.046875, -0.5)(0.0078125, -0.5)(-0.0351563, 0.222656)(0.125, 0.492188)
				 (285, 254)(-0.046875, -0.5)(-0.046875, -0.355469)(-0.1875, -0.285156)(-0.109375, -0.144531)(-0.0703125, -0.015625)(-0.046875, 0.136719)(0.00390625, 0.300781)(0.0234375, 0.449219)(0.132813, 0.488281)(0.148438, 0.382813)(0.125, 0.21875)(0.160156, 0.0546875)(0.179688, -0.109375)(0.152344, -0.273438)(0.0585938, -0.402344)
				 (285, 254)(-0.046875, -0.351563)(-0.046875, -0.0898438)(0.125, 0.1875)(-0.0390625, 0.0234375)(0.0429688, 0.363281)(0.144531, 0.378906)(-0.164063, -0.320313)(-0.152344, -0.195313)(-0.109375, -0.140625)(-0.0703125, -0.00390625)(-0.0546875, 0.121094)(-0.0390625, 0.210938)(0.0429688, 0.363281)(0.0078125, 0.472656)(0.0703125, 0.5)(0.125, 0.492188)(0.183594, 0.421875)(0.125, 0.1875)(0.160156, -0.246094)(0.128906, -0.34375)(0.0234375, -0.488281)(-0.046875, -0.5)
descriptor[i][.]=(276, 252)(-0.0526316, -0.465649)(0.114035, -0.5)(-0.0438596, 0.167939)(0.368421, 0.48855)
				 (276, 252)(-0.0229008, -0.465649)(0.0496183, -0.5)(-0.019084, 0.167939)(0.160305, 0.48855)
				 (276, 252)(0.0381679, -0.5)(-0.0152672, -0.362595)(-0.160305, -0.274809)(-0.145038, -0.179389)(-0.00381679, -0.0916031)(-0.0152672, 0.0496183)(-0.00381679, 0.221374)(0.0305344, 0.377863)(0.0381679, 0.480916)(0.167939, 0.446565)(0.179389, 0.293893)(0.183206, 0.122137)(0.217557, -0.0496183)(0.198473, -0.221374)(0.137405, -0.377863)
				 (276, 252)(-0.0152672, -0.339695)(-0.00381679, -0.10687)(0.0916031, -0.396947)(-0.0114504, 0.0229008)(0.0267176, 0.30916)(0.0725191, 0.377863)(-0.20229, -0.259542)(-0.217557, -0.225191)(-0.103053, -0.133588)(-0.0458015, -0.0229008)(0, 0.248092)(0.0267176, 0.30916)(0.0152672, 0.377863)(0.0343511, 0.473282)(0.110687, 0.5)(0.160305, 0.48855)(0.167939, -0.358779)(0.0916031, -0.396947)(0.0572519, -0.496183)
descriptor[i][.]=(272, 253)(-0.0245902, -0.477099)(0.139344, -0.5)(-1, -1)(0.254098, 0.5)
				 (272, 253)(-0.0114504, -0.477099)(0.0648855, -0.5)(-1, -1)(0.118321, 0.5)
				 (272, 253)(0.0381679, -0.5)(0.00381679, -0.354962)(-0.164122, -0.263359)(-0.152672, -0.20229)(0.0152672, -0.125954)(0.00381679, 0.0343511)(0.00381679, 0.209924)(0.0114504, 0.385496)(0.0725191, 0.454198)(0.187023, 0.458015)(0.194656, 0.28626)(0.206107, 0.110687)(0.232824, -0.0648855)(0.209924, -0.240458)(0.141221, -0.385496)
				 (272, 253)(0, -0.343511)(0.0152672, -0.125954)(0.0839695, 0.366412)(0.110687, -0.39313)(-0.225191, -0.255725)(-0.232824, -0.221374)(-0.0801527, -0.141221)(-0.0229008, -0.0381679)(0.0114504, 0.389313)(0.0572519, 0.469466)(0.114504, 0.5)(0.156489, 0.484733)(0.183206, -0.370229)(0.110687, -0.39313)(0.0877863, -0.484733)(0.00763359, -0.48855)
descriptor[i][.]=(292, 253)(-0.214286, -0.5)(0, -0.496183)(-0.0595238, 0.480916)(0.166667, 0.5)
				 (292, 253)(-0.0687023, -0.5)(0, -0.496183)(-0.019084, 0.480916)(0.0534351, 0.5)
				 (292, 253)(-0.0687023, -0.5)(-0.0610687, -0.347328)(-0.156489, -0.217557)(-0.0725191, -0.0916031)(-0.0725191, 0.0725191)(-0.0725191, 0.232824)(-0.0572519, 0.377863)(-0.0152672, 0.450382)(0.0992366, 0.484733)(0.122137, 0.335878)(0.129771, 0.187023)(0.145038, 0.0229008)(0.145038, -0.141221)(0.129771, -0.305344)(0.0305344, -0.40458)
				 (292, 253)(-0.0610687, -0.335878)(-0.0687023, -0.118321)(0.0114504, 0.370229)(0.10687, 0.354962)(0.0305344, -0.381679)(-0.148855, -0.267176)(-0.160305, -0.221374)(-0.0687023, -0.118321)(-0.0916031, 0.30916)(-0.0801527, 0.374046)(-0.0534351, 0.381679)(-0.0267176, 0.465649)(0.0419847, 0.5)(0.10687, 0.484733)(0.118321, -0.347328)(0.0305344, -0.412214)(0, -0.496183)(-0.0687023, -0.5)
descriptor[i][.]=(295, 252)(-0.275, -0.498099)(0.025, -0.418251)(-0.075, 0.486692)(0.1375, 0.501901)
				 (295, 252)(-0.0836502, -0.498099)(0.00760456, -0.418251)(-0.0228137, 0.486692)(0.0418251, 0.501901)
				 (295, 252)(-0.0836502, -0.498099)(-0.0912548, -0.357414)(-0.129278, -0.224335)(-0.0988593, -0.0684411)(-0.0912548, 0.0874525)(-0.095057, 0.250951)(-0.0570342, 0.38403)(-0.026616, 0.463878)(0.0912548, 0.475285)(0.110266, 0.311787)(0.117871, 0.152091)(0.136882, -0.0114068)(0.121673, -0.171103)(0.136882, -0.323194)(0.00760456, -0.391635)
				 (295, 252)(-0.0874525, -0.342205)(-0.00380228, 0.368821)(0.102662, -0.21673)(0.0152091, -0.372624)(-0.140684, -0.30038)(-0.095057, 0.361217)(-0.0684411, 0.387833)(-0.0342205, 0.467681)(0.0304183, 0.501901)(0.0836502, 0.486692)(0.152091, -0.0456274)(0.144487, -0.106464)(0.114068, -0.197719)(0.13308, -0.273764)(0.095057, -0.361217)(0.0228137, -0.372624)(-0.00380228, -0.456274)(-0.0228137, -0.490494)(-0.0836502, -0.498099)
descriptor[i][.]=(321, 252)(-0.392593, -0.496212)(0.496296, -0.359848)(-0.118519, 0.5)(0.00740741, 0.469697)
				 (321, 252)(-0.200758, -0.496212)(0.253788, -0.359848)(-0.0606061, 0.5)(0.00378788, 0.469697)
				 (321, 252)(-0.159091, -0.5)(-0.19697, -0.348485)(-0.212121, -0.17803)(-0.19697, 0.0189394)(-0.19697, 0.208333)(-0.174242, 0.382576)(-0.0984848, 0.405303)(-0.00757576, 0.481061)(0.0113636, 0.291667)(0.0227273, 0.094697)(0.0189394, -0.102273)(0.0492424, -0.257576)(0.246212, -0.325758)(0.121212, -0.386364)(-0.0757576, -0.356061)
				 (321, 252)(-0.19697, -0.348485)(-0.094697, 0.329545)(-0.0113636, -0.231061)(-0.0795455, -0.356061)(-0.200758, -0.359848)(-0.234848, -0.325758)(-0.208333, 0.359848)(-0.162879, 0.390152)(-0.125, 0.465909)(-0.0606061, 0.5)(-0.0113636, 0.484848)(0.0151515, -0.140152)(0.25, -0.325758)(0.257576, -0.356061)(0.117424, -0.390152)(-0.106061, -0.488636)(-0.140152, -0.5)(-0.200758, -0.496212)
descriptor[i][.]=(330, 250)(-0.397351, -0.498127)(0.470199, -0.385768)(-0.18543, 0.501873)(-1, -1)
				 (330, 250)(-0.224719, -0.498127)(0.265918, -0.385768)(-0.104869, 0.501873)(-1, -1)
				 (330, 250)(-0.224719, -0.498127)(-0.262172, -0.318352)(-0.2397, -0.131086)(-0.2397, 0.071161)(-0.23221, 0.273408)(-0.168539, 0.378277)(-0.142322, 0.486891)(-0.0411985, 0.389513)(-0.0224719, 0.202247)(-0.011236, 0)(-0.0449438, -0.202247)(0.134831, -0.269663)(0.262172, -0.385768)(0.0749064, -0.382022)(-0.123596, -0.359551)
				 (330, 250)(-0.23221, -0.348315)(-0.134831, 0.355805)(-0.0449438, -0.220974)(-0.0861423, -0.340824)(-0.0411985, 0.378277)(0.168539, -0.344569)(-0.23221, -0.348315)(-0.273408, -0.314607)(-0.2397, 0.389513)(-0.17603, 0.397004)(-0.157303, 0.464419)(-0.104869, 0.501873)(-0.0374532, 0.483146)(-0.00374532, 0.344569)(0.280899, -0.340824)(0.265918, -0.385768)(0.172285, -0.348315)(0.134831, -0.370787)(-0.134831, -0.475655)(-0.205993, -0.498127)
descriptor[i][.]=(323, 249)(-0.371212, -0.498141)(0.492424, -0.36803)(-0.159091, 0.501859)(0.00757576, 0.33829)
				 (323, 249)(-0.182156, -0.498141)(0.241636, -0.36803)(-0.0780669, 0.501859)(0.00371747, 0.33829)
				 (323, 249)(-0.182156, -0.498141)(-0.223048, -0.32342)(-0.215613, -0.137546)(-0.223048, 0.0594796)(-0.215613, 0.252788)(-0.148699, 0.394052)(-0.107807, 0.431227)(-0.0260223, 0.486989)(0.00371747, 0.304833)(0.00743494, 0.111524)(-0.00371747, -0.0817844)(0.0297398, -0.237918)(0.211896, -0.319703)(0.104089, -0.345725)(-0.0892193, -0.35316)
				 (323, 249)(-0.204461, -0.35316)(-0.107807, 0.334572)(-0.0260223, -0.219331)(-0.0260223, -0.32342)(-0.107807, 0.442379)(0.148699, -0.33829)(-0.0966543, -0.356877)(-0.245353, -0.271375)(-0.215613, 0.379182)(-0.144981, 0.39777)(-0.107807, 0.442379)(-0.148699, 0.475836)(-0.0780669, 0.501859)(-0.0185874, 0.486989)(0.0148699, 0)(0.245353, -0.35316)(0.204461, -0.371747)(0.152416, -0.342007)(0.118959, -0.345725)(-0.0260223, -0.32342)(-0.0929368, -0.405204)(-0.152416, -0.494424)
descriptor[i][.]=(313, 249)(-0.330189, -0.5)(0.481132, -0.362963)(-0.103774, 0.5)(0.0471698, 0.485185)
				 (313, 249)(-0.12963, -0.5)(0.188889, -0.362963)(-0.0407407, 0.5)(0.0185185, 0.485185)
				 (313, 249)(-0.12963, -0.5)(-0.166667, -0.333333)(-0.177778, -0.159259)(-0.177778, 0.0222222)(-0.166667, 0.2)(-0.185185, 0.377778)(-0.0666667, 0.377778)(-0.0259259, 0.488889)(0.0259259, 0.359259)(0.037037, 0.181481)(0.0481481, 0.0037037)(0.0185185, -0.174074)(0.148148, -0.281481)(0.107407, -0.318519)(-0.0555556, -0.362963)
				 (313, 249)(-0.0740741, 0.366667)(0.0148148, -0.211111)(0.00740741, -0.311111)(-0.159259, -0.348148)(0.0148148, 0.407407)(0.0925926, -0.311111)(-0.0555556, -0.362963)(-0.111111, 0.403704)(-0.0925926, 0.466667)(-0.0407407, 0.5)(0.0259259, 0.481481)(0.0148148, 0.407407)(0.133333, -0.262963)(0.192593, -0.359259)(0.0962963, -0.314815)(0.00740741, -0.311111)(-0.0555556, -0.362963)(-0.0555556, -0.462963)(-0.0814815, -0.492593)(-0.12963, -0.5)(-0.162963, -0.466667)(-0.159259, -0.348148)(-0.188889, -0.311111)
descriptor[i][.]=(306, 249)(-0.284091, -0.5)(0.443182, -0.37037)(-0.0340909, 0.5)(0, 0.5)
				 (306, 249)(-0.0925926, -0.5)(0.144444, -0.37037)(-0.0111111, 0.5)(0, 0.5)
				 (306, 249)(-0.0925926, -0.5)(-0.12963, -0.344444)(-0.148148, -0.177778)(-0.155556, -0.0037037)(-0.133333, 0.162963)(-0.159259, 0.337037)(-0.0592593, 0.407407)(0.0111111, 0.488889)(0.062963, 0.351852)(0.062963, 0.177778)(0.0740741, 0.00740741)(0.0407407, -0.166667)(0.133333, -0.248148)(0.103704, -0.351852)(-0.0222222, -0.362963)
				 (306, 249)(-0.114815, -0.362963)(-0.0555556, 0.407407)(0.0407407, -0.174074)(0.0185185, -0.314815)(0.0888889, -0.314815)(-0.148148, -0.325926)(-0.159259, 0.407407)(-0.0703704, 0.462963)(-0.0111111, 0.5)(0.0444444, 0.485185)(0.0777778, -0.0148148)(0.133333, -0.207407)(0.162963, -0.351852)(0.111111, -0.359259)(-0.0259259, -0.466667)(-0.0814815, -0.5)
descriptor[i][.]=(302, 249)(-0.259259, -0.5)(0, -0.466667)(-0.160494, 0.485185)(0.0493827, 0.5)
				 (302, 249)(-0.0777778, -0.5)(0, -0.466667)(-0.0481481, 0.485185)(0.0148148, 0.5)
				 (302, 249)(-0.0777778, -0.5)(-0.114815, -0.340741)(-0.133333, -0.177778)(-0.140741, -0.00740741)(-0.118519, 0.162963)(-0.144444, 0.325926)(-0.0481481, 0.4)(0.0185185, 0.496296)(0.0740741, 0.355556)(0.0814815, 0.185185)(0.0888889, 0.0185185)(0.062963, -0.148148)(0.140741, -0.237037)(0.103704, -0.348148)(0.0037037, -0.377778)
				 (302, 249)(-0.037037, 0.403704)(0.0555556, -0.177778)(0.037037, -0.307407)(-0.137037, 0.407407)(-0.0555556, 0.47037)(0.0037037, 0.5)(0.140741, -0.188889)(0.148148, -0.348148)(-0.0185185, -0.485185)(-0.0777778, -0.5)
descriptor[i][.]=(302, 249)(-0.217949, -0.5)(0.0128205, -0.47037)(-0.192308, 0.481481)(0.025641, 0.5)
				 (302, 249)(-0.062963, -0.5)(0.0037037, -0.47037)(-0.0555556, 0.481481)(0.00740741, 0.5)
				 (302, 249)(-0.062963, -0.5)(-0.111111, -0.337037)(-0.133333, -0.17037)(-0.140741, 0.0111111)(-0.118519, 0.185185)(-0.140741, 0.362963)(-0.0555556, 0.344444)(-0.0444444, 0.481481)(0.0592593, 0.414815)(0.0814815, 0.233333)(0.0851852, 0.0555556)(0.0740741, -0.122222)(0.140741, -0.196296)(0.103704, -0.348148)(0.0037037, -0.362963)
				 (302, 249)(-0.037037, 0.344444)(0.0592593, -0.159259)(0.0962963, -0.244444)(0.0296296, -0.296296)(-0.0296296, 0.440741)(-0.137037, 0.407407)(-0.0740741, 0.411111)(-0.062963, 0.47037)(0.0555556, 0.485185)(0.122222, -0.140741)(0.125926, -0.314815)(0.0296296, -0.296296)(0.0111111, -0.462963)(-0.0333333, -0.496296)(-0.062963, -0.5)(-0.0888889, -0.481481)
descriptor[i][.]=(302, 249)(-0.166667, -0.498141)(0.0128205, -0.472119)(-0.166667, 0.486989)(0.025641, 0.501859)
				 (302, 249)(-0.0483271, -0.498141)(0.00371747, -0.472119)(-0.0483271, 0.486989)(0.00743494, 0.501859)
				 (302, 249)(-0.0483271, -0.498141)(-0.100372, -0.356877)(-0.130112, -0.182156)(-0.141264, -0.00743494)(-0.115242, 0.167286)(-0.137546, 0.33829)(-0.0669145, 0.371747)(-0.0297398, 0.442379)(0.063197, 0.479554)(0.0817844, 0.312268)(0.0855019, 0.141264)(0.104089, -0.0297398)(0.137546, -0.167286)(0.104089, -0.315985)(0.00371747, -0.35316)
				 (302, 249)(-0.0297398, 0.330855)(0.0892193, -0.226766)(0.0334572, -0.27881)(-0.0185874, 0.405204)(-0.0743494, 0.408922)(-0.0185874, 0.405204)(-0.0557621, 0.472119)(0.00371747, 0.501859)(0.0594796, 0.483271)(0.130112, -0.189591)(0.115242, -0.267658)(0.118959, -0.312268)(0.0334572, -0.27881)(0.0111524, -0.464684)(-0.0334572, -0.498141)(-0.0817844, -0.490706)
descriptor[i][.]=(301, 249)(-0.205128, -0.5)(0.0384615, -0.477612)(-0.153846, 0.488806)(0.0641026, 0.5)
				 (301, 249)(-0.0597015, -0.5)(0.011194, -0.477612)(-0.0447761, 0.488806)(0.0186567, 0.5)
				 (301, 249)(-0.0597015, -0.5)(-0.100746, -0.335821)(-0.130597, -0.164179)(-0.134328, 0.011194)(-0.11194, 0.186567)(-0.145522, 0.36194)(-0.0559701, 0.358209)(-0.011194, 0.399254)(0.0223881, 0.496269)(0.0932836, 0.358209)(0.0932836, 0.182836)(0.108209, 0.00746269)(0.13806, -0.145522)(0.0970149, -0.272388)(0.0223881, -0.376866)
				 (301, 249)(-0.0223881, 0.302239)(0.108209, -0.19403)(0.0410448, -0.272388)(-0.00746269, 0.395522)(-0.141791, 0.399254)(-0.0671642, 0.410448)(-0.0522388, 0.477612)(0.0149254, 0.5)(0.0522388, 0.488806)(0.145522, -0.0932836)(0.141791, -0.141791)(0.11194, -0.190299)(0.13806, -0.268657)(0.0410448, -0.272388)(0.0186567, -0.473881)(-0.0410448, -0.5)(-0.0970149, -0.432836)
