kickDescr6.dat
size1 43
size3 44
beh_type.id 20
sizes[]=50 51 50 48 51 48 49 46 39 41 44 48 47 47 48 50 55 57 60 62 54 52 51 54 51 47 37 43 54 48 49 48 44 55 47 43 43 47 55 53 52 50 48 
thresholds[]=0.16 0.16 0.16 0.16 0.16 0.16 0.16 0.16 0.16 0.16 0.16 0.16 0.16 0.16 0.16 0.16 0.16 0.16 0.16 0.16 0.16 0.16 0.16 0.16 0.16 0.16 0.16 0.16 0.16 0.16 0.16 0.16 0.16 0.16 0.16 0.16 0.16 0.16 0.16 0.16 0.16 0.16 0.16 
map[0][.]=0 1 0 0 0 0 0 0 0 0 0 0 0 0 0 0 0 0 0 0 0 0 0 0 0 0 0 0 0 0 0 0 0 0 0 0 0 0 0 0 0 0 0 0 
map[1][.]=0 0 1 0 0 0 0 0 0 0 0 0 0 0 0 0 0 0 0 0 0 0 0 0 0 0 0 0 0 0 0 0 0 0 0 0 0 0 0 0 0 0 0 0 
map[2][.]=0 0 0 1 0 0 0 0 0 0 0 0 0 0 0 0 0 0 0 0 0 0 0 0 0 0 0 0 0 0 0 0 0 0 0 0 0 0 0 0 0 0 0 0 
map[3][.]=0 0 0 0 1 0 0 0 0 0 0 0 0 0 0 0 0 0 0 0 0 0 0 0 0 0 0 0 0 0 0 0 0 0 0 0 0 0 0 0 0 0 0 0 
map[4][.]=0 0 0 0 0 1 0 0 0 0 0 0 0 0 0 0 0 0 0 0 0 0 0 0 0 0 0 0 0 0 0 0 0 0 0 0 0 0 0 0 0 0 0 0 
map[5][.]=0 0 0 0 0 0 1 0 0 0 0 0 0 0 0 0 0 0 0 0 0 0 0 0 0 0 0 0 0 0 0 0 0 0 0 0 0 0 0 0 0 0 0 0 
map[6][.]=0 0 0 0 0 0 0 1 0 0 0 0 0 0 0 0 0 0 0 0 0 0 0 0 0 0 0 0 0 0 0 0 0 0 0 0 0 0 0 0 0 0 0 0 
map[7][.]=0 0 0 0 0 0 0 0 1 0 0 0 0 0 0 0 0 0 0 0 0 0 0 0 0 0 0 0 0 0 0 0 0 0 0 0 0 0 0 0 0 0 0 0 
map[8][.]=0 0 0 0 0 0 0 0 0 1 0 0 0 0 0 0 0 0 0 0 0 0 0 0 0 0 0 0 0 0 0 0 0 0 0 0 0 0 0 0 0 0 0 0 
map[9][.]=0 0 0 0 0 0 0 0 0 0 1 0 0 0 0 0 0 0 0 0 0 0 0 0 0 0 0 0 0 0 0 0 0 0 0 0 0 0 0 0 0 0 0 0 
map[10][.]=0 0 0 0 0 0 0 0 0 0 0 1 0 0 0 0 0 0 0 0 0 0 0 0 0 0 0 0 0 0 0 0 0 0 0 0 0 0 0 0 0 0 0 0 
map[11][.]=0 0 0 0 0 0 0 0 0 0 0 0 1 0 0 0 0 0 0 0 0 0 0 0 0 0 0 0 0 0 0 0 0 0 0 0 0 0 0 0 0 0 0 0 
map[12][.]=0 0 0 0 0 0 0 0 0 0 0 0 0 1 0 0 0 0 0 0 0 0 0 0 0 0 0 0 0 0 0 0 0 0 0 0 0 0 0 0 0 0 0 0 
map[13][.]=0 0 0 0 0 0 0 0 0 0 0 0 0 0 1 0 0 0 0 0 0 0 0 0 0 0 0 0 0 0 0 0 0 0 0 0 0 0 0 0 0 0 0 0 
map[14][.]=0 0 0 0 0 0 0 0 0 0 0 0 0 0 0 1 0 0 0 0 0 0 0 0 0 0 0 0 0 0 0 0 0 0 0 0 0 0 0 0 0 0 0 0 
map[15][.]=0 0 0 0 0 0 0 0 0 0 0 0 0 0 0 0 1 0 0 0 0 0 0 0 0 0 0 0 0 0 0 0 0 0 0 0 0 0 0 0 0 0 0 0 
map[16][.]=0 0 0 0 0 0 0 0 0 0 0 0 0 0 0 0 0 1 0 0 0 0 0 0 0 0 0 0 0 0 0 0 0 0 0 0 0 0 0 0 0 0 0 0 
map[17][.]=0 0 0 0 0 0 0 0 0 0 0 0 0 0 0 0 0 0 1 0 0 0 0 0 0 0 0 0 0 0 0 0 0 0 0 0 0 0 0 0 0 0 0 0 
map[18][.]=0 0 0 0 0 0 0 0 0 0 0 0 0 0 0 0 0 0 0 1 0 0 0 0 0 0 0 0 0 0 0 0 0 0 0 0 0 0 0 0 0 0 0 0 
map[19][.]=0 0 0 0 0 0 0 0 0 0 0 0 0 0 0 0 0 0 0 0 1 0 0 0 0 0 0 0 0 0 0 0 0 0 0 0 0 0 0 0 0 0 0 0 
map[20][.]=0 0 0 0 0 0 0 0 0 0 0 0 0 0 0 0 0 0 0 0 0 1 0 0 0 0 0 0 0 0 0 0 0 0 0 0 0 0 0 0 0 0 0 0 
map[21][.]=0 0 0 0 0 0 0 0 0 0 0 0 0 0 0 0 0 0 0 0 0 0 1 0 0 0 0 0 0 0 0 0 0 0 0 0 0 0 0 0 0 0 0 0 
map[22][.]=0 0 0 0 0 0 0 0 0 0 0 0 0 0 0 0 0 0 0 0 0 0 0 1 0 0 0 0 0 0 0 0 0 0 0 0 0 0 0 0 0 0 0 0 
map[23][.]=0 0 0 0 0 0 0 0 0 0 0 0 0 0 0 0 0 0 0 0 0 0 0 0 1 0 0 0 0 0 0 0 0 0 0 0 0 0 0 0 0 0 0 0 
map[24][.]=0 0 0 0 0 0 0 0 0 0 0 0 0 0 0 0 0 0 0 0 0 0 0 0 0 1 0 0 0 0 0 0 0 0 0 0 0 0 0 0 0 0 0 0 
map[25][.]=0 0 0 0 0 0 0 0 0 0 0 0 0 0 0 0 0 0 0 0 0 0 0 0 0 0 1 0 0 0 0 0 0 0 0 0 0 0 0 0 0 0 0 0 
map[26][.]=0 0 0 0 0 0 0 0 0 0 0 0 0 0 0 0 0 0 0 0 0 0 0 0 0 0 0 1 0 0 0 0 0 0 0 0 0 0 0 0 0 0 0 0 
map[27][.]=0 0 0 0 0 0 0 0 0 0 0 0 0 0 0 0 0 0 0 0 0 0 0 0 0 0 0 0 1 0 0 0 0 0 0 0 0 0 0 0 0 0 0 0 
map[28][.]=0 0 0 0 0 0 0 0 0 0 0 0 0 0 0 0 0 0 0 0 0 0 0 0 0 0 0 0 0 1 0 0 0 0 0 0 0 0 0 0 0 0 0 0 
map[29][.]=0 0 0 0 0 0 0 0 0 0 0 0 0 0 0 0 0 0 0 0 0 0 0 0 0 0 0 0 0 0 1 0 0 0 0 0 0 0 0 0 0 0 0 0 
map[30][.]=0 0 0 0 0 0 0 0 0 0 0 0 0 0 0 0 0 0 0 0 0 0 0 0 0 0 0 0 0 0 0 1 0 0 0 0 0 0 0 0 0 0 0 0 
map[31][.]=0 0 0 0 0 0 0 0 0 0 0 0 0 0 0 0 0 0 0 0 0 0 0 0 0 0 0 0 0 0 0 0 1 0 0 0 0 0 0 0 0 0 0 0 
map[32][.]=0 0 0 0 0 0 0 0 0 0 0 0 0 0 0 0 0 0 0 0 0 0 0 0 0 0 0 0 0 0 0 0 0 1 0 0 0 0 0 0 0 0 0 0 
map[33][.]=0 0 0 0 0 0 0 0 0 0 0 0 0 0 0 0 0 0 0 0 0 0 0 0 0 0 0 0 0 0 0 0 0 0 1 0 0 0 0 0 0 0 0 0 
map[34][.]=0 0 0 0 0 0 0 0 0 0 0 0 0 0 0 0 0 0 0 0 0 0 0 0 0 0 0 0 0 0 0 0 0 0 0 1 0 0 0 0 0 0 0 0 
map[35][.]=0 0 0 0 0 0 0 0 0 0 0 0 0 0 0 0 0 0 0 0 0 0 0 0 0 0 0 0 0 0 0 0 0 0 0 0 1 0 0 0 0 0 0 0 
map[36][.]=0 0 0 0 0 0 0 0 0 0 0 0 0 0 0 0 0 0 0 0 0 0 0 0 0 0 0 0 0 0 0 0 0 0 0 0 0 1 0 0 0 0 0 0 
map[37][.]=0 0 0 0 0 0 0 0 0 0 0 0 0 0 0 0 0 0 0 0 0 0 0 0 0 0 0 0 0 0 0 0 0 0 0 0 0 0 1 0 0 0 0 0 
map[38][.]=0 0 0 0 0 0 0 0 0 0 0 0 0 0 0 0 0 0 0 0 0 0 0 0 0 0 0 0 0 0 0 0 0 0 0 0 0 0 0 1 0 0 0 0 
map[39][.]=0 0 0 0 0 0 0 0 0 0 0 0 0 0 0 0 0 0 0 0 0 0 0 0 0 0 0 0 0 0 0 0 0 0 0 0 0 0 0 0 1 0 0 0 
map[40][.]=0 0 0 0 0 0 0 0 0 0 0 0 0 0 0 0 0 0 0 0 0 0 0 0 0 0 0 0 0 0 0 0 0 0 0 0 0 0 0 0 0 1 0 0 
map[41][.]=0 0 0 0 0 0 0 0 0 0 0 0 0 0 0 0 0 0 0 0 0 0 0 0 0 0 0 0 0 0 0 0 0 0 0 0 0 0 0 0 0 0 1 0 
map[42][.]=0 0 0 0 0 0 0 0 0 0 0 0 0 0 0 0 0 0 0 0 0 0 0 0 0 0 0 0 0 0 0 0 0 0 0 0 0 0 0 0 0 0 0 1 
map[43][.]=0 0 0 0 0 0 0 0 0 0 0 0 0 0 0 0 0 0 0 0 0 0 0 0 0 0 0 0 0 0 0 0 0 0 0 0 0 0 0 0 0 0 0 0 
isLast[.]=false false false false false false false false false false false false false false false false false false false false false false false false false false false false false false false false false false false false false false false false false false false true 
descriptor[i][.]=(276, 262)(-0.121495, -0.498413)(0.0186916, -0.479365)(-0.214953, 0.450794)(0.168224, 0.501587)
				 (276, 262)(-0.0412698, -0.498413)(0.00634921, -0.479365)(-0.0730159, 0.450794)(0.0571429, 0.501587)
				 (276, 262)(-0.0412698, -0.498413)(-0.0603175, -0.355556)(-0.146032, -0.219048)(-0.168254, -0.0507937)(-0.0888889, -0.00634921)(-0.0761905, 0.15873)(-0.0444444, 0.326984)(-0.047619, 0.450794)(0.0730159, 0.492063)(0.104762, 0.361905)(0.0698413, 0.196825)(0.114286, 0.0412698)(0.15873, -0.0793651)(0.133333, -0.244444)(0.0285714, -0.361905)
				 (276, 262)(-0.0825397, 0.0031746)(0.00952381, 0.453968)(0.0698413, 0.139683)(0.0253968, -0.365079)(-0.0603175, -0.355556)(-0.031746, 0.371429)(0.0984127, 0.047619)(-0.146032, 0.0190476)(-0.0825397, 0.0031746)(-0.0412698, 0.355556)(-0.0793651, 0.44127)(0.0031746, 0.453968)(0.0126984, 0.498413)(0.0857143, 0.488889)(0.126984, 0.460317)(0.0698413, 0.139683)(0.0984127, 0.0507937)(0.152381, 0.047619)(0.0571429, -0.355556)(0.0285714, -0.434921)(0.00952381, -0.47619)(-0.031746, -0.498413)(-0.0888889, -0.438095)
descriptor[i][.]=(275, 262)(-0.121495, -0.498413)(0.0373832, -0.479365)(-0.17757, 0.450794)(0.158879, 0.501587)
				 (275, 262)(-0.0412698, -0.498413)(0.0126984, -0.479365)(-0.0603175, 0.450794)(0.0539683, 0.501587)
				 (275, 262)(-0.0412698, -0.498413)(-0.0603175, -0.349206)(-0.146032, -0.2)(-0.165079, -0.0253968)(-0.107937, -0.0761905)(-0.0857143, 0.0730159)(-0.0571429, 0.247619)(-0.0571429, 0.415873)(0.015873, 0.48254)(0.130159, 0.422222)(0.0857143, 0.247619)(0.0952381, 0.0730159)(0.168254, -0.0539683)(0.146032, -0.228571)(0.0380952, -0.361905)
				 (275, 262)(-0.0793651, -0.0698413)(0.0253968, 0.44127)(0.0730159, 0.149206)(0.0349206, -0.365079)(-0.0539683, -0.35873)(-0.0285714, 0.377778)(0.101587, 0.0571429)(-0.165079, 0.00634921)(-0.130159, 0.0222222)(-0.031746, 0.374603)(-0.0634921, 0.419048)(-0.0666667, 0.447619)(0.0126984, 0.488889)(0.133333, 0.450794)(0.0730159, 0.149206)(0.101587, 0.0603175)(0.139683, 0.0539683)(0.152381, -0.212698)(0.107937, -0.330159)(0.0666667, -0.355556)(0.0253968, -0.469841)(-0.031746, -0.498413)(-0.0825397, -0.47619)(-0.104762, -0.32381)
descriptor[i][.]=(275, 262)(-0.119266, -0.498413)(0.0458716, -0.48254)(-0.192661, 0.447619)(0.174312, 0.501587)
				 (275, 262)(-0.0412698, -0.498413)(0.015873, -0.48254)(-0.0666667, 0.447619)(0.0603175, 0.501587)
				 (275, 262)(-0.0412698, -0.498413)(-0.0666667, -0.342857)(-0.142857, -0.184127)(-0.168254, -0.0126984)(-0.0920635, -0.0730159)(-0.0825397, 0.0952381)(-0.0571429, 0.269841)(-0.0634921, 0.425397)(0.0412698, 0.501587)(0.120635, 0.412698)(0.0825397, 0.238095)(0.101587, 0.0666667)(0.165079, -0.0634921)(0.142857, -0.234921)(0.0412698, -0.371429)
				 (275, 262)(-0.0825397, -0.0634921)(0.0761905, 0.165079)(0.0380952, -0.374603)(-0.0571429, -0.352381)(-0.031746, 0.355556)(0.104762, 0.0603175)(-0.165079, 0.0126984)(-0.130159, 0.0222222)(-0.0825397, -0.0634921)(-0.0888889, 0.0730159)(-0.0349206, 0.352381)(-0.0603175, 0.409524)(-0.0666667, 0.431746)(0.015873, 0.498413)(0.136508, 0.47619)(0.0761905, 0.165079)(0.104762, 0.0634921)(0.15873, 0.0507937)(0.139683, -0.273016)(0.0380952, -0.450794)(0.0222222, -0.479365)(-0.0253968, -0.498413)(-0.126984, -0.28254)
descriptor[i][.]=(273, 261)(-0.0648148, -0.498403)(0.101852, -0.479233)(-0.157407, 0.456869)(0.194444, 0.501597)
				 (273, 261)(-0.0223642, -0.498403)(0.0351438, -0.479233)(-0.0543131, 0.456869)(0.0670927, 0.501597)
				 (273, 261)(-0.0223642, -0.498403)(-0.0543131, -0.348243)(-0.134185, -0.191693)(-0.169329, -0.0191693)(-0.105431, -0.0638978)(-0.0798722, 0.0798722)(-0.057508, 0.255591)(-0.0543131, 0.415335)(0.0223642, 0.495208)(0.13738, 0.42492)(0.102236, 0.261981)(0.115016, 0.086262)(0.169329, -0.0607029)(0.15016, -0.233227)(0.0511182, -0.361022)
				 (273, 261)(-0.0766773, -0.0607029)(0.028754, 0.453674)(0.0894569, 0.188498)(0.0479233, -0.364217)(-0.0511182, -0.351438)(-0.0255591, 0.367412)(0.115016, 0.0830671)(-0.169329, 0.0159744)(-0.127796, 0.0223642)(-0.0766773, -0.0607029)(-0.0638978, 0.4377)(0.0223642, 0.498403)(0.13099, 0.482428)(0.0894569, 0.188498)(0.115016, 0.086262)(0.146965, 0.0702875)(0.134185, -0.303514)(0.0798722, -0.354633)(0.0447284, -0.463259)(-0.057508, -0.479233)(-0.0702875, -0.4377)
descriptor[i][.]=(272, 262)(-0.101852, -0.498403)(0.101852, -0.495208)(-0.175926, 0.453674)(0.222222, 0.501597)
				 (272, 262)(-0.0351438, -0.498403)(0.0351438, -0.495208)(-0.0607029, 0.453674)(0.0766773, 0.501597)
				 (272, 262)(-0.0351438, -0.498403)(-0.0447284, -0.351438)(-0.127796, -0.207668)(-0.162939, -0.0351438)(-0.102236, -0.0702875)(-0.0798722, 0.0830671)(-0.0638978, 0.258786)(-0.0638978, 0.415335)(0.0319489, 0.482428)(0.14377, 0.43131)(0.105431, 0.261981)(0.121406, 0.0830671)(0.169329, -0.0734824)(0.15016, -0.252396)(0.0479233, -0.389776)
				 (272, 262)(-0.115016, -0.159744)(-0.0734824, -0.0638978)(0.0351438, 0.444089)(0.0958466, 0.194888)(0.0511182, -0.370607)(-0.0383387, -0.361022)(-0.0223642, 0.380192)(-0.118211, -0.15655)(-0.172524, -0.0223642)(-0.13099, 0.0191693)(-0.0734824, -0.0638978)(-0.0894569, 0.169329)(-0.0670927, 0.277955)(-0.0255591, 0.376997)(-0.0670927, 0.450479)(0.0255591, 0.488818)(0.134185, 0.479233)(0.14377, 0.444089)(0.0958466, 0.194888)(0.166134, 0.0511182)(0.118211, -0.338658)(0.0447284, -0.488818)(-0.0511182, -0.492013)(-0.0798722, -0.456869)
descriptor[i][.]=(269, 261)(-0.046729, -0.5)(0.102804, -0.493671)(-0.130841, 0.452532)(0.233645, 0.496835)
				 (269, 261)(-0.0158228, -0.5)(0.0348101, -0.493671)(-0.0443038, 0.452532)(0.0791139, 0.496835)
				 (269, 261)(-0.0158228, -0.5)(-0.0411392, -0.348101)(-0.113924, -0.205696)(-0.14557, -0.0443038)(-0.10443, -0.0443038)(-0.0822785, 0.0949367)(-0.0696203, 0.262658)(-0.0443038, 0.420886)(0.0379747, 0.481013)(0.148734, 0.43038)(0.110759, 0.262658)(0.136076, 0.0949367)(0.161392, -0.0727848)(0.155063, -0.240506)(0.0601266, -0.379747)
				 (269, 261)(-0.107595, -0.151899)(-0.0632911, -0.0189873)(0.0443038, 0.443038)(0.0632911, -0.367089)(-0.0348101, -0.357595)(-0.0189873, 0.357595)(-0.107595, -0.151899)(-0.148734, 0.0189873)(-0.123418, 0.0221519)(-0.0632911, -0.0189873)(-0.0221519, 0.35443)(-0.0506329, 0.443038)(0.0316456, 0.496835)(0.10443, 0.490506)(0.148734, 0.458861)(0.132911, -0.31962)(0.0886076, -0.357595)(0.0411392, -0.490506)(-0.00632911, -0.5)(-0.0537975, -0.477848)(-0.0601266, -0.424051)
descriptor[i][.]=(268, 259)(-0.0285714, -0.498433)(0.104762, -0.482759)(-0.0952381, 0.467085)(0.247619, 0.498433)
				 (268, 259)(-0.00940439, -0.498433)(0.0344828, -0.482759)(-0.031348, 0.467085)(0.0815047, 0.498433)
				 (268, 259)(-0.00940439, -0.498433)(-0.0407524, -0.360502)(-0.109718, -0.206897)(-0.141066, -0.0407524)(-0.100313, -0.0344828)(-0.0721003, 0.0470219)(-0.0846395, 0.219436)(-0.015674, 0.39185)(0.0501567, 0.46395)(0.15047, 0.454545)(0.122257, 0.291536)(0.128527, 0.119122)(0.153605, -0.0532915)(0.15674, -0.225705)(0.0532915, -0.363636)
				 (268, 259)(-0.100313, -0.147335)(-0.0532915, -0.0595611)(0.0532915, -0.363636)(-0.0407524, -0.347962)(-0.0877743, -0.0626959)(-0.015674, 0.360502)(-0.163009, -0.00626959)(-0.144201, 0.0250784)(-0.115987, 0.0282132)(-0.0877743, -0.0564263)(-0.0188088, 0.357367)(-0.0470219, 0.451411)(0.0407524, 0.501567)(0.15047, 0.476489)(0.144201, -0.291536)(0.125392, -0.322884)(0.0940439, -0.347962)(0.0470219, -0.473354)(-0.0031348, -0.498433)(-0.0250784, -0.495298)(-0.0689655, -0.448276)(-0.103448, -0.291536)
descriptor[i][.]=(268, 257)(-0.138614, -0.498452)(0.029703, -0.49226)(-0.168317, 0.49226)(0.257426, 0.501548)
				 (268, 257)(-0.0433437, -0.498452)(0.00928793, -0.49226)(-0.0526316, 0.49226)(0.0804954, 0.501548)
				 (268, 257)(-0.0433437, -0.498452)(-0.0433437, -0.352941)(-0.111455, -0.213622)(-0.142415, -0.0588235)(-0.0773994, 0.0340557)(-0.0866873, 0.19195)(-0.0464396, 0.352941)(-0.0464396, 0.49226)(0.108359, 0.49226)(0.136223, 0.371517)(0.111455, 0.216718)(0.136223, 0.0557276)(0.145511, -0.105263)(0.142415, -0.266254)(0.0464396, -0.390093)
				 (268, 257)(-0.105263, -0.136223)(-0.0773994, 0.0340557)(0.0495356, -0.365325)(-0.0402477, -0.356037)(-0.0216718, 0.408669)(-0.108359, -0.133127)(-0.154799, -0.00928793)(-0.145511, 0.0278638)(-0.0247678, 0.405573)(-0.0557276, 0.464396)(-0.0588235, 0.489164)(0.0773994, 0.501548)(0.145511, 0.479876)(0.0897833, -0.349845)(0.0526316, -0.439628)(0.0402477, -0.4613)(0.00928793, -0.49226)(-0.0433437, -0.498452)(-0.105263, -0.294118)
descriptor[i][.]=(267, 258)(-0.151515, -0.5)(0.010101, -0.490964)(-0.212121, 0.475904)(0.353535, 0.5)
				 (267, 258)(-0.0451807, -0.5)(0.00301205, -0.490964)(-0.063253, 0.475904)(0.105422, 0.5)
				 (267, 258)(-0.0451807, -0.5)(-0.0512048, -0.361446)(-0.11747, -0.216867)(-0.135542, -0.063253)(-0.0813253, 0.0542169)(-0.0753012, 0.213855)(-0.0361446, 0.355422)(-0.0361446, 0.472892)(0.111446, 0.493976)(0.138554, 0.355422)(0.108434, 0.198795)(0.129518, 0.0391566)(0.13253, -0.11747)(0.13253, -0.277108)(0.0331325, -0.394578)
				 (267, 258)(-0.105422, -0.135542)(-0.0813253, 0.0451807)(0.0331325, -0.376506)(-0.0512048, -0.35241)(-0.0301205, 0.38253)(-0.105422, -0.135542)(-0.14759, -0.00301205)(-0.0331325, 0.379518)(-0.0722892, 0.460843)(0.0391566, -0.424699)(0.0301205, -0.478916)(-0.063253, -0.493976)
descriptor[i][.]=(266, 256)(-0.18, -0.5)(0.04, -0.482143)(-0.2, 0.470238)(0.36, 0.5)
				 (266, 256)(-0.0535714, -0.5)(0.0119048, -0.482143)(-0.0595238, 0.470238)(0.107143, 0.5)
				 (266, 256)(-0.0535714, -0.5)(-0.0535714, -0.354167)(-0.119048, -0.217262)(-0.133929, -0.0625)(-0.0833333, 0.0446429)(-0.0714286, 0.202381)(-0.0327381, 0.360119)(-0.0327381, 0.470238)(0.113095, 0.497024)(0.133929, 0.354167)(0.107143, 0.196429)(0.127976, 0.0386905)(0.136905, -0.122024)(0.125, -0.276786)(0.0327381, -0.39881)
				 (266, 256)(-0.104167, -0.133929)(-0.0833333, 0.0416667)(0.0327381, -0.369048)(-0.0535714, -0.348214)(-0.0238095, 0.410714)(-0.104167, -0.133929)(-0.136905, 0.0297619)(-0.0267857, 0.407738)(-0.0654762, 0.458333)(0.119048, -0.306548)(0.0684524, -0.354167)(0.0386905, -0.401786)(0.0178571, -0.479167)(-0.0416667, -0.5)
descriptor[i][.]=(264, 256)(-0.176471, -0.498507)(0.00980392, -0.483582)(-0.156863, 0.471642)(0.372549, 0.501493)
				 (264, 256)(-0.0537313, -0.498507)(0.00298507, -0.483582)(-0.0477612, 0.471642)(0.113433, 0.501493)
				 (264, 256)(-0.0537313, -0.498507)(-0.0656716, -0.367164)(-0.128358, -0.232836)(-0.128358, -0.080597)(-0.0985075, 0.0328358)(-0.0686567, 0.179104)(-0.0328358, 0.337313)(-0.038806, 0.468657)(0.107463, 0.501493)(0.137313, 0.361194)(0.080597, 0.202985)(0.122388, 0.0477612)(0.131343, -0.107463)(0.128358, -0.262687)(0.0238806, -0.385075)
				 (264, 256)(-0.116418, -0.131343)(-0.080597, 0.0447761)(0.080597, 0.202985)(0.0268657, -0.370149)(-0.0597015, -0.343284)(-0.116418, -0.131343)(-0.152239, -0.00298507)(-0.143284, 0.0298507)(-0.080597, 0.0447761)(-0.0537313, 0.468657)(0.113433, 0.501493)(0.0835821, 0.20597)(0.101493, -0.331343)(0.0268657, -0.441791)(0.00298507, -0.483582)(-0.0507463, -0.498507)(-0.101493, -0.465672)
descriptor[i][.]=(262, 257)(-0.174757, -0.498498)(0.0291262, -0.474474)(-0.15534, 0.477477)(0.38835, 0.501502)
				 (262, 257)(-0.0540541, -0.498498)(0.00900901, -0.474474)(-0.048048, 0.477477)(0.12012, 0.501502)
				 (262, 257)(-0.0540541, -0.498498)(-0.0600601, -0.348348)(-0.132132, -0.195195)(-0.147147, -0.036036)(-0.108108, -0.027027)(-0.0810811, 0.0600601)(-0.0660661, 0.234234)(-0.012012, 0.402402)(0.033033, 0.48048)(0.144144, 0.438438)(0.105105, 0.27027)(0.0990991, 0.0990991)(0.129129, -0.0690691)(0.141141, -0.24024)(0.03003, -0.366366)
				 (262, 257)(-0.117117, -0.141141)(-0.0630631, -0.048048)(0.0780781, 0.204204)(0.024024, -0.372372)(-0.0600601, -0.345345)(-0.108108, -0.033033)(-0.00900901, 0.417417)(-0.12012, -0.138138)(-0.153153, 0.003003)(-0.129129, 0.042042)(-0.0810811, 0.0540541)(-0.012012, 0.414414)(-0.0510511, 0.462462)(0.12012, 0.501502)(0.156156, 0.387387)(0.0870871, 0.219219)(0.0990991, -0.339339)(0.015015, -0.465465)(-0.0540541, -0.498498)(-0.105105, -0.447447)(-0.0990991, -0.414414)
descriptor[i][.]=(256, 265)(-0.165138, -0.5)(0.00917431, -0.488304)(-0.110092, 0.438596)(0.275229, 0.5)
				 (256, 265)(-0.0526316, -0.5)(0.00292398, -0.488304)(-0.0350877, 0.438596)(0.0877193, 0.5)
				 (256, 265)(-0.0526316, -0.5)(-0.0614035, -0.345029)(-0.134503, -0.192982)(-0.154971, -0.0263158)(-0.0994152, -0.0672515)(-0.0701754, 0.0350877)(-0.0497076, 0.207602)(0.00292398, 0.362573)(0.0146199, 0.479532)(0.128655, 0.435673)(0.102339, 0.266082)(0.0906433, 0.0964912)(0.137427, -0.0730994)(0.146199, -0.245614)(0.0350877, -0.374269)
				 (256, 265)(-0.0555556, -0.0760234)(0.0643275, 0.169591)(0.0292398, -0.380117)(-0.0555556, -0.359649)(-0.108187, -0.0584795)(0.00877193, 0.374269)(-0.119883, 0.0263158)(-0.0701754, 0.0292398)(0.00584795, 0.371345)(-0.0350877, 0.426901)(0.0146199, 0.497076)(0.0877193, 0.5)(0.128655, 0.44152)(0.152047, 0.365497)(0.0643275, 0.169591)(0.143275, -0.274854)(0.105263, -0.345029)(0.0146199, -0.479532)(-0.0526316, -0.5)(-0.0555556, -0.359649)
descriptor[i][.]=(253, 267)(-0.151786, -0.5)(0.00892857, -0.488439)(-0.00892857, 0.49422)(0.0803571, 0.5)
				 (253, 267)(-0.0491329, -0.5)(0.00289017, -0.488439)(-0.00289017, 0.49422)(0.0260116, 0.5)
				 (253, 267)(-0.0491329, -0.5)(-0.0520231, -0.349711)(-0.132948, -0.190751)(-0.15896, -0.0202312)(-0.0953757, -0.083815)(-0.0606936, 0.0289017)(-0.0462428, 0.205202)(0, 0.378613)(0.0115607, 0.49711)(0.132948, 0.407514)(0.0924855, 0.248555)(0.0867052, 0.083815)(0.150289, -0.0751445)(0.144509, -0.245665)(0.0404624, -0.372832)
				 (253, 267)(-0.0491329, -0.0780347)(0.0549133, 0.15896)(0.0346821, -0.375723)(-0.0520231, -0.349711)(-0.0953757, -0.083815)(0.00289017, 0.381503)(-0.124277, 0.0202312)(-0.0953757, -0.0780347)(-0.0635838, 0.0520231)(0, 0.378613)(-0.0260116, 0.419075)(-0.0115607, 0.488439)(0.0144509, 0.5)(0.0953757, 0.485549)(0.141618, 0.372832)(0.115607, -0.34104)(0.0375723, -0.442197)(0.0115607, -0.482659)(-0.083815, -0.482659)(-0.083815, -0.407514)
descriptor[i][.]=(248, 271)(-0.169231, -0.5)(0.00769231, -0.49435)(-0.0692308, 0.5)(0.0615385, 0.5)
				 (248, 271)(-0.0621469, -0.5)(0.00282486, -0.49435)(-0.0254237, 0.5)(0.0225989, 0.5)
				 (248, 271)(-0.0621469, -0.5)(-0.0621469, -0.344633)(-0.124294, -0.180791)(-0.177966, -0.0112994)(-0.0734463, -0.118644)(-0.0536723, 0.0480226)(-0.0480226, 0.217514)(-0.0423729, 0.39548)(-0.0112994, 0.5)(0.115819, 0.39548)(0.0762712, 0.220339)(0.101695, 0.0451977)(0.175141, -0.0819209)(0.146893, -0.259887)(0.0367232, -0.389831)
				 (248, 271)(-0.0480226, -0.358757)(-0.0480226, -0.0847458)(0.0621469, 0.110169)(0.039548, -0.378531)(-0.079096, -0.118644)(-0.0310734, 0.418079)(0.112994, 0.0254237)(-0.0819209, -0.420904)(-0.183616, -0.0141243)(-0.138418, 0)(-0.0508475, -0.0875706)(-0.0819209, 0.466102)(0.0225989, 0.5)(0.079096, 0.463277)(0.0621469, 0.110169)(0.169492, 0.019774)(0.129944, -0.327684)(0.0819209, -0.367232)(0.019774, -0.485876)(-0.0621469, -0.5)(-0.0819209, -0.488701)
descriptor[i][.]=(247, 271)(-0.134752, -0.498615)(0.035461, -0.476454)(-0.198582, 0.501385)(0.0780142, 0.490305)
				 (247, 271)(-0.0526316, -0.498615)(0.0138504, -0.476454)(-0.0775623, 0.501385)(0.0304709, 0.490305)
				 (247, 271)(-0.0526316, -0.498615)(-0.0637119, -0.34626)(-0.130194, -0.182825)(-0.180055, -0.0166205)(-0.0692521, -0.124654)(-0.0498615, 0.0526316)(-0.0498615, 0.232687)(-0.0637119, 0.412742)(-0.0387812, 0.501385)(0.0969529, 0.401662)(0.0831025, 0.238227)(0.0886427, 0.0581717)(0.180055, -0.0470914)(0.152355, -0.229917)(0.0415512, -0.371191)
				 (247, 271)(-0.0526316, -0.357341)(-0.0526316, -0.0886427)(0.0609418, 0.108033)(0.0277008, -0.385042)(-0.0886427, -0.119114)(-0.0637119, 0.412742)(0.119114, 0.0138504)(-0.0886427, -0.32687)(-0.105263, -0.304709)(-0.193906, -0.0443213)(-0.141274, -0.0110803)(-0.127424, 0.459834)(-0.121884, 0.484765)(0.0304709, 0.490305)(0.121884, 0.379501)(0.0609418, 0.108033)(0.168975, 0.0304709)(0.121884, -0.32133)(0.0304709, -0.443213)(0.0221607, -0.465374)(-0.0110803, -0.490305)(-0.0498615, -0.498615)(-0.0775623, -0.490305)
descriptor[i][.]=(244, 274)(-0.122581, -0.5)(0.0516129, -0.47043)(-0.425806, 0.475806)(0.0129032, 0.432796)
				 (244, 274)(-0.0510753, -0.5)(0.0215054, -0.47043)(-0.177419, 0.475806)(0.00537634, 0.432796)
				 (244, 274)(-0.0510753, -0.5)(-0.0725806, -0.333333)(-0.158602, -0.16129)(-0.153226, -0.0591398)(-0.061828, -0.0967742)(-0.0672043, 0.0967742)(-0.0833333, 0.284946)(-0.182796, 0.432796)(-0.0376344, 0.5)(0.0967742, 0.38172)(0.0860215, 0.209677)(0.0994624, 0.0188172)(0.209677, -0.0215054)(0.147849, -0.215054)(0.0483871, -0.365591)
				 (244, 274)(-0.0591398, -0.352151)(-0.0564516, 0.0564516)(0.0107527, 0.405914)(0.0537634, 0.134409)(0.0268817, -0.376344)(-0.0698925, -0.155914)(-0.120968, 0.405914)(0.129032, -0.0349462)(-0.112903, -0.306452)(-0.206989, -0.0456989)(-0.163978, -0.0376344)(-0.0591398, 0.0537634)(-0.169355, 0.422043)(-0.188172, 0.435484)(-0.19086, 0.465054)(-0.0376344, 0.5)(-0.00537634, 0.462366)(0.0107527, 0.405914)(0.102151, 0.38172)(0.134409, 0.344086)(0.0537634, 0.134409)(0.158602, 0.00806452)(0.188172, 0.016129)(0.129032, -0.301075)(0.102151, -0.341398)(-0.00537634, -0.486559)(-0.0376344, -0.5)(-0.0645161, -0.497312)
descriptor[i][.]=(241, 276)(-0.122699, -0.5)(0.0306748, -0.478723)(-0.263804, 0.49734)(0.0736196, 0.393617)
				 (241, 276)(-0.0531915, -0.5)(0.0132979, -0.478723)(-0.114362, 0.49734)(0.0319149, 0.393617)
				 (241, 276)(-0.0531915, -0.5)(-0.0824468, -0.335106)(-0.175532, -0.156915)(-0.143617, -0.111702)(-0.0638298, -0.0425532)(-0.0797872, 0.159574)(-0.132979, 0.353723)(-0.164894, 0.478723)(-0.018617, 0.430851)(0.135638, 0.343085)(0.0638298, 0.148936)(0.12766, -0.0452128)(0.207447, 0)(0.162234, -0.194149)(0.0611702, -0.367021)
				 (241, 276)(-0.0531915, 0.0531915)(-0.00797872, 0.385638)(0.0611702, 0.0930851)(0.0319149, -0.37766)(-0.0558511, -0.356383)(-0.0744681, -0.162234)(-0.130319, 0.396277)(0.130319, -0.0930851)(-0.140957, -0.199468)(-0.196809, -0.0585106)(-0.167553, -0.0531915)(-0.0531915, 0.0531915)(-0.199468, 0.422872)(-0.215426, 0.444149)(-0.162234, 0.481383)(-0.0398936, 0.49734)(0.111702, 0.37234)(0.12766, 0.356383)(0.138298, 0.329787)(0.0611702, 0.0930851)(0.0957447, 0.0292553)(0.167553, 0.00265957)(0.199468, 0.00531915)(0.0797872, -0.361702)(0.037234, -0.430851)(0.0265957, -0.465426)(-0.0425532, -0.5)(-0.117021, -0.300532)(-0.140957, -0.199468)(-0.210106, -0.109043)
descriptor[i][.]=(235, 280)(-0.0755814, -0.5)(0.0755814, -0.462121)(-0.430233, 0.477273)(0.110465, 0.363636)
				 (235, 280)(-0.0328283, -0.5)(0.0328283, -0.462121)(-0.186869, 0.477273)(0.0479798, 0.363636)
				 (235, 280)(-0.0328283, -0.5)(-0.0883838, -0.330808)(-0.199495, -0.14899)(-0.0909091, -0.176768)(-0.0530303, 0.0227273)(-0.0959596, 0.234848)(-0.186869, 0.421717)(-0.0505051, 0.472222)(0.00757576, 0.265152)(0.0681818, 0.353535)(0.0984848, 0.207071)(0.10101, 0)(0.156566, -0.0378788)(0.179293, -0.146465)(0.0909091, -0.348485)
				 (235, 280)(-0.0530303, 0.00505051)(0.0176768, 0.25)(0.0606061, 0.0606061)(0.0378788, -0.373737)(-0.0479798, -0.358586)(-0.0782828, -0.176768)(0.0555556, 0.305556)(0.0681818, 0.143939)(0.118687, -0.116162)(-0.156566, -0.194444)(-0.171717, -0.0858586)(-0.0606061, -0.00757576)(-0.19697, 0.429293)(-0.191919, 0.474747)(-0.106061, 0.5)(0.0151515, 0.338384)(0.128788, 0.343434)(0.14899, 0.287879)(0.0681818, 0.143939)(0.0606061, 0.0606061)(0.116162, -0.030303)(0.176768, -0.00252525)(0.204545, -0.00252525)(0.217172, -0.0454545)(0.126263, -0.308081)(0.116162, -0.325758)(0.0858586, -0.356061)(0.0429293, -0.429293)(0.0353535, -0.457071)(-0.0176768, -0.497475)(-0.0505051, -0.497475)(-0.0757576, -0.479798)(-0.0959596, -0.328283)
descriptor[i][.]=(232, 278)(-0.0751445, -0.498747)(0.0693642, -0.471178)(-0.445087, 0.501253)(0.121387, 0.365915)
				 (232, 278)(-0.0325815, -0.498747)(0.0300752, -0.471178)(-0.192982, 0.501253)(0.0526316, 0.365915)
				 (232, 278)(-0.0325815, -0.498747)(-0.0927318, -0.328321)(-0.20802, -0.145363)(-0.075188, -0.150376)(-0.0676692, 0.0626566)(-0.107769, 0.273183)(-0.192982, 0.471178)(-0.0401003, 0.458647)(0.00501253, 0.250627)(0.0827068, 0.35589)(0.0952381, 0.190476)(0.105263, -0.0125313)(0.160401, -0.0150376)(0.175439, -0.14787)(0.0902256, -0.350877)
				 (232, 278)(-0.0576441, 0)(0.0125313, 0.238095)(0.0576441, 0.0701754)(0.037594, -0.370927)(-0.047619, -0.35589)(-0.0827068, -0.162907)(-0.135338, 0.411028)(-0.037594, 0.385965)(0.0576441, 0.295739)(0.120301, -0.112782)(-0.152882, -0.200501)(-0.210526, -0.0977444)(-0.175439, -0.0927318)(-0.0601504, -0.00250627)(-0.185464, 0.458647)(-0.197995, 0.493734)(-0.0576441, 0.501253)(-0.0225564, 0.423559)(-0.037594, 0.385965)(0.0551378, 0.293233)(0.0225564, 0.343358)(0.0426065, 0.365915)(0.125313, 0.343358)(0.0576441, 0.0701754)(0.102757, 0)(0.170426, 0.0075188)(0.218045, -0.0350877)(0.115288, -0.328321)(0.0902256, -0.350877)(0.0451128, -0.423559)(-0.0200501, -0.496241)(-0.0551378, -0.493734)(-0.0802005, -0.461153)(-0.152882, -0.200501)(-0.200501, -0.157895)
descriptor[i][.]=(223, 275)(-0.0852273, -0.5)(0.0227273, -0.487685)(-0.369318, 0.5)(0.198864, 0.364532)
				 (223, 275)(-0.0369458, -0.5)(0.00985222, -0.487685)(-0.160099, 0.5)(0.0862069, 0.364532)
				 (223, 275)(-0.0369458, -0.5)(-0.0862069, -0.330049)(-0.204433, -0.150246)(-0.0738916, -0.155172)(-0.0738916, 0.0566502)(-0.108374, 0.263547)(-0.142857, 0.465517)(-0.0172414, 0.453202)(0.0197044, 0.256158)(0.115764, 0.337438)(0.0640394, 0.167488)(0.12069, -0.0394089)(0.174877, 0.0270936)(0.179803, -0.155172)(0.0862069, -0.349754)
				 (223, 275)(-0.0714286, -0.133005)(0.00738916, 0.256158)(0.046798, 0.100985)(0.0492611, -0.369458)(-0.0369458, -0.359606)(-0.0935961, -0.167488)(0.0615764, 0.305419)(0.0640394, 0.167488)(0.123153, -0.100985)(-0.0714286, -0.133005)(-0.162562, 0.490148)(-0.0418719, 0.5)(0.0640394, 0.366995)(0.110837, 0.357143)(0.162562, 0.288177)(0.08867, 0.182266)(0.0640394, 0.167488)(0.046798, 0.100985)(0.118227, -0.0197044)(0.157635, 0.00985222)(0.197044, 0.0295567)(0.103448, -0.342365)(-0.0295567, -0.5)(-0.0566502, -0.495074)(-0.0640394, -0.463054)(-0.1133, -0.312808)(-0.206897, -0.150246)
descriptor[i][.]=(211, 271)(-0.0348837, -0.498789)(0.0988372, -0.479419)(-0.290698, 0.501211)(0.00581395, 0.493947)
				 (211, 271)(-0.0145278, -0.498789)(0.0411622, -0.479419)(-0.121065, 0.501211)(0.00242131, 0.493947)
				 (211, 271)(-0.0145278, -0.498789)(-0.0556901, -0.336562)(-0.154964, -0.174334)(-0.123487, -0.121065)(-0.0702179, -0.0121065)(-0.101695, 0.184019)(-0.106538, 0.384988)(-0.0484262, 0.501211)(0.00242131, 0.353511)(0.0774818, 0.368039)(0.121065, 0.227603)(0.0871671, 0.0677966)(0.208232, 0.00726392)(0.179177, -0.191283)(0.0823245, -0.353511)
				 (211, 271)(-0.0169492, -0.358354)(-0.0677966, -0.1477)(0.0121065, 0.300242)(0.0411622, 0.150121)(0.0653753, -0.360775)(0.123487, 0)(-0.0726392, -0.331719)(-0.0895884, -0.319613)(-0.208232, -0.125908)(-0.20339, -0.0895884)(-0.159806, -0.0823245)(-0.123487, 0.484262)(-0.00484262, 0.501211)(0.0387409, 0.368039)(0.094431, 0.37046)(0.16707, 0.256659)(0.0411622, 0.150121)(0.16707, 0.0460048)(0.196126, 0.0363196)(0.154964, -0.300242)(0.123487, -0.338983)(0.0799031, -0.414044)(0.0726392, -0.443099)(0.0532688, -0.469734)(-0.00726392, -0.498789)
descriptor[i][.]=(205, 270)(-0.00591716, -0.5)(0.0118343, -0.5)(-0.266272, 0.5)(0.0236686, 0.5)
				 (205, 270)(-0.00240385, -0.5)(0.00480769, -0.5)(-0.108173, 0.5)(0.00961538, 0.5)
				 (205, 270)(-0.00240385, -0.5)(-0.0408654, -0.338942)(-0.129808, -0.189904)(-0.149038, -0.0769231)(-0.0673077, -0.0625)(-0.0817308, 0.122596)(-0.0913462, 0.307692)(-0.105769, 0.483173)(0.0264423, 0.454327)(0.110577, 0.350962)(0.0865385, 0.213942)(0.108173, 0.0528846)(0.197115, -0.0384615)(0.1875, -0.225962)(0.0769231, -0.365385)
				 (205, 270)(-0.0120192, -0.355769)(-0.0625, -0.134615)(0.0192308, 0.372596)(0.0384615, 0.175481)(0.0769231, -0.362981)(-0.132212, -0.182692)(0.122596, 0.0192308)(-0.149038, -0.211538)(-0.132212, -0.182692)(-0.201923, -0.112981)(-0.197115, -0.0793269)(-0.151442, -0.0745192)(-0.110577, 0.490385)(0.00961538, 0.5)(0.0288462, 0.444712)(0.105769, 0.358173)(0.15625, 0.25)(0.0384615, 0.175481)(0.151442, 0.0384615)(0.177885, 0.0408654)(0.201923, 0.0216346)(0.163462, -0.302885)(0.120192, -0.346154)(0.00480769, -0.5)
descriptor[i][.]=(198, 266)(-0.0116959, -0.496454)(0.0233918, -0.498818)(-0.216374, 0.501182)(0.0643275, 0.501182)
				 (198, 266)(-0.00472813, -0.496454)(0.00945626, -0.498818)(-0.0874704, 0.501182)(0.0260047, 0.501182)
				 (198, 266)(0, -0.498818)(-0.0189125, -0.338061)(-0.122931, -0.200946)(-0.198582, -0.0520095)(-0.0614657, -0.113475)(-0.101655, 0.0614657)(-0.125296, 0.231678)(-0.0827423, 0.390071)(-0.0283688, 0.501182)(0.0661939, 0.385343)(0.0614657, 0.241135)(0.104019, 0.0803783)(0.179669, -0.0661939)(0.186761, -0.238771)(0.0827423, -0.373522)
				 (198, 266)(-0.0614657, -0.113475)(0.0401891, 0.413712)(0.0330969, 0.198582)(0.0874704, -0.352246)(0, -0.352246)(-0.0638298, -0.0283688)(-0.0732861, 0.29078)(-0.118203, -0.172577)(-0.196217, -0.0472813)(-0.156028, -0.0425532)(-0.0638298, -0.0283688)(-0.13948, 0.212766)(-0.0803783, 0.283688)(-0.0898345, 0.484634)(0.0260047, 0.501182)(0.0638298, 0.390071)(0.101655, 0.335697)(0.118203, 0.297872)(0.0330969, 0.198582)(0.153664, -0.323877)(0.118203, -0.345154)(0.0969267, -0.411348)(0.0496454, -0.489362)(0.00945626, -0.498818)(-0.0283688, -0.460993)(-0.120567, -0.21513)(-0.118203, -0.172577)
descriptor[i][.]=(197, 265)(-0.0115607, -0.497653)(0.0520231, -0.5)(-0.208092, 0.5)(0.0693642, 0.5)
				 (197, 265)(-0.00469484, -0.497653)(0.0211268, -0.5)(-0.084507, 0.5)(0.028169, 0.5)
				 (197, 265)(0, -0.5)(-0.0187793, -0.342723)(-0.122066, -0.199531)(-0.199531, -0.0469484)(-0.0751174, -0.117371)(-0.115023, 0.0328638)(-0.161972, 0.201878)(-0.0751174, 0.361502)(-0.0633803, 0.5)(0.0422535, 0.415493)(0.0399061, 0.269953)(0.0938967, 0.0985915)(0.159624, -0.0680751)(0.187793, -0.241784)(0.0892019, -0.377934)
				 (197, 265)(-0.0586854, -0.110329)(-0.0774648, 0.302817)(0.0375587, 0.201878)(0.0868545, -0.35446)(0, -0.35446)(-0.129108, -0.084507)(-0.110329, -0.173709)(-0.183099, -0.0258216)(-0.159624, -0.0234742)(-0.129108, -0.084507)(-0.169014, 0.180751)(-0.103286, 0.279343)(-0.0985915, 0.446009)(-0.0868545, 0.495305)(0.028169, 0.5)(0.0798122, 0.333333)(0.0375587, 0.201878)(0.164319, -0.309859)(0.0915493, -0.415493)(0.0657277, -0.483568)(0, -0.5)(-0.0633803, -0.319249)(-0.122066, -0.204225)(-0.110329, -0.173709)
descriptor[i][.]=(180, 263)(-0.0192308, -0.32634)(0.134615, -0.498834)(-0.475962, 0.480186)(0.139423, 0.501166)
				 (180, 263)(-0.00932401, -0.32634)(0.0652681, -0.498834)(-0.230769, 0.480186)(0.0675991, 0.501166)
				 (180, 263)(0.0512821, -0.498834)(0.034965, -0.351981)(-0.0769231, -0.212121)(-0.151515, -0.0536131)(-0.146853, 0.0675991)(-0.165501, 0.242424)(-0.181818, 0.412587)(-0.149184, 0.482517)(-0.034965, 0.475524)(0.0839161, 0.4662)(0.0722611, 0.293706)(0.114219, 0.11655)(0.181818, -0.0512821)(0.235431, -0.221445)(0.123543, -0.356643)
				 (180, 263)(-0.149184, 0.337995)(-0.030303, 0.426573)(0.121212, -0.358974)(0.034965, -0.347319)(-0.104895, 0.011655)(-0.0699301, -0.174825)(-0.104895, 0.011655)(-0.149184, 0.337995)(-0.242424, 0.461538)(-0.04662, 0.48951)(0.0675991, 0.501166)(0.202797, -0.312354)(0.179487, -0.337995)(0.114219, -0.470862)(0.0722611, -0.496503)(0.032634, -0.496503)(0.00699301, -0.477855)(-0.041958, -0.305361)(-0.0839161, -0.16317)(-0.160839, -0.041958)
descriptor[i][.]=(158, 262)(-1, -1)(0.197628, -0.49652)(-0.44664, 0.477958)(0.193676, 0.50116)
				 (158, 262)(-1, -1)(0.116009, -0.49652)(-0.262181, 0.477958)(0.113689, 0.50116)
				 (158, 262)(0.0812065, -0.49884)(0.0324826, -0.322506)(-0.0440835, -0.12761)(-0.116009, 0.0672854)(-0.169374, 0.276102)(-0.287703, 0.445476)(-0.0928074, 0.457077)(-0.0232019, 0.271462)(0.0185615, 0.238979)(0.0324826, 0.450116)(0.132251, 0.443155)(0.12993, 0.229698)(0.199536, 0.0232019)(0.276102, -0.169374)(0.199536, -0.348028)
				 (158, 262)(-0.00232019, 0.153132)(0.169374, -0.359629)(-0.0348028, 0.431555)(0.00464037, 0.49652)(0.113689, 0.50116)(0.2529, -0.308585)(0.236659, -0.334107)(0.12065, -0.4942)(0.0812065, -0.49884)(0.0649652, -0.489559)
descriptor[i][.]=(144, 260)(-1, -1)(0.247273, -0.495413)(-0.498182, 0.433486)(0.236364, 0.5)
				 (144, 260)(-1, -1)(0.155963, -0.495413)(-0.31422, 0.433486)(0.149083, 0.5)
				 (144, 260)(0.123853, -0.5)(0.0733945, -0.330275)(0.00688073, -0.137615)(-0.110092, 0.0642202)(-0.247706, 0.245413)(-0.311927, 0.433486)(-0.142202, 0.369266)(-0.0389908, 0.174312)(0.043578, 0.220183)(0.0550459, 0.43578)(0.16055, 0.465596)(0.146789, 0.25)(0.21789, 0.0366972)(0.286697, -0.158257)(0.238532, -0.348624)
				 (144, 260)(0.0298165, 0.100917)(0.139908, 0.192661)(0.194954, -0.362385)(0.252294, -0.139908)(-0.199541, 0.449541)(0.0344037, 0.495413)(0.149083, 0.5)(0.165138, 0.431193)(0.139908, 0.192661)(0.252294, -0.130734)(0.295872, -0.162844)(0.254587, -0.344037)(0.199541, -0.426606)(0.16055, -0.493119)(0.133028, -0.5)(0.105505, -0.495413)
descriptor[i][.]=(144, 259)(-0.00727273, -0.116705)(0.207273, -0.498856)(-0.498182, 0.414188)(0.229091, 0.501144)
				 (144, 259)(-0.00457666, -0.116705)(0.130435, -0.498856)(-0.313501, 0.414188)(0.144165, 0.501144)
				 (144, 259)(0.118993, -0.498856)(0.0709382, -0.322654)(0.00686499, -0.125858)(-0.125858, 0.0526316)(-0.290618, 0.21968)(-0.295195, 0.416476)(-0.141876, 0.265446)(-0.00457666, 0.102975)(0.0411899, 0.237986)(0.0594966, 0.443936)(0.157895, 0.459954)(0.144165, 0.24714)(0.210526, 0.0366133)(0.2746, -0.160183)(0.244851, -0.343249)
				 (144, 259)(0.0320366, 0.0709382)(0.1373, 0.194508)(0.196796, -0.361556)(0.00686499, -0.12357)(-0.105263, 0.203661)(0.244851, -0.141876)(0.114416, -0.345538)(-0.251716, 0.411899)(-0.105263, 0.203661)(-0.0251716, 0.132723)(0.0343249, 0.496568)(0.144165, 0.501144)(0.162471, 0.434783)(0.144165, 0.21968)(0.1373, 0.194508)(0.201373, 0.0732265)(0.283753, -0.16476)(0.26087, -0.336384)(0.199085, -0.425629)(0.19222, -0.450801)(0.153318, -0.489703)(0.130435, -0.498856)(0.0778032, -0.464531)(0.0732265, -0.425629)(0.0572082, -0.320366)(0.00686499, -0.125858)(-0.292906, 0.21968)
descriptor[i][.]=(144, 258)(-0.00367647, -0.0979499)(0.231618, -0.498861)(-0.5, 0.32574)(0.224265, 0.501139)
				 (144, 258)(-0.0022779, -0.0979499)(0.143508, -0.498861)(-0.309795, 0.32574)(0.138952, 0.501139)
				 (144, 258)(0.138952, -0.498861)(0.0888383, -0.343964)(0.022779, -0.164009)(-0.104784, 0.00455581)(-0.289294, 0.125285)(-0.305239, 0.328018)(-0.168565, 0.18451)(0.0205011, 0.0683371)(0.0273349, 0.266515)(0.0455581, 0.471526)(0.157175, 0.432802)(0.143508, 0.230068)(0.205011, 0.0296128)(0.266515, -0.161731)(0.246014, -0.341686)
				 (144, 258)(0.0318907, 0.070615)(0.127563, 0.1959)(0.193622, -0.362187)(0.00683371, -0.102506)(0.243736, -0.15262)(0.109339, -0.355353)(-0.305239, 0.328018)(0.0318907, 0.496583)(0.138952, 0.501139)(0.154897, 0.476082)(0.159453, 0.425968)(0.127563, 0.1959)(0.243736, -0.148064)(0.273349, -0.161731)(0.307517, -0.205011)(0.259681, -0.332574)(0.15262, -0.494305)(0.095672, -0.487472)(0.0432802, -0.316629)(0.00683371, -0.102506)(-0.300683, 0.134396)
descriptor[i][.]=(143, 257)(-1, -1)(0.217712, -0.498866)(-0.498155, 0.274376)(0.225092, 0.501134)
				 (143, 257)(-1, -1)(0.133787, -0.498866)(-0.306122, 0.274376)(0.138322, 0.501134)
				 (143, 257)(0.113379, -0.498866)(0.0702948, -0.331066)(0.0226757, -0.147392)(-0.117914, 0.00680272)(-0.297052, 0.120181)(-0.263039, 0.256236)(-0.106576, 0.131519)(0.0340136, 0.108844)(0.031746, 0.315193)(0.0521542, 0.501134)(0.14059, 0.39229)(0.124717, 0.192744)(0.217687, -0.00680272)(0.290249, -0.183673)(0.21542, -0.351474)
				 (143, 257)(0.0340136, 0.0612245)(0.124717, 0.190476)(0.192744, -0.358277)(0.00907029, -0.111111)(-0.201814, 0.188209)(0.240363, -0.147392)(0.108844, -0.353741)(-0.301587, 0.276644)(-0.238095, 0.258503)(-0.201814, 0.188209)(0.0249433, 0.238095)(0.0362812, 0.496599)(0.138322, 0.501134)(0.124717, 0.190476)(0.240363, -0.138322)(0.272109, -0.15873)(0.30839, -0.208617)(0.283447, -0.290249)(0.256236, -0.333333)(0.113379, -0.498866)(0.0725624, -0.451247)(0.00907029, -0.111111)
descriptor[i][.]=(142, 257)(-0.00373134, -0.113379)(0.227612, -0.498866)(-0.5, 0.260771)(0.235075, 0.501134)
				 (142, 257)(-0.00226757, -0.113379)(0.138322, -0.498866)(-0.303855, 0.260771)(0.142857, 0.501134)
				 (142, 257)(0.106576, -0.498866)(0.0657596, -0.335601)(0.0113379, -0.151927)(-0.122449, 0)(-0.301587, 0.122449)(-0.247166, 0.229025)(-0.0748299, 0.104308)(0.0272109, 0.136054)(0.0294785, 0.337868)(0.0748299, 0.501134)(0.14059, 0.367347)(0.129252, 0.165533)(0.219955, -0.0249433)(0.303855, -0.188209)(0.204082, -0.353741)
				 (142, 257)(0.031746, 0.0498866)(0.122449, 0.188209)(0.195011, -0.358277)(0.00907029, -0.117914)(0.23356, -0.14059)(0.108844, -0.358277)(-0.290249, 0.263039)(0.0385488, 0.496599)(0.142857, 0.501134)(0.122449, 0.188209)(0.23356, -0.131519)(0.269841, -0.14966)(0.301587, -0.181406)(0.258503, -0.328798)(0.176871, -0.482993)(0.106576, -0.498866)(0.0725624, -0.444444)(0.0204082, -0.290249)(0.00226757, -0.199546)(-0.00226757, -0.113379)(-0.29932, 0.117914)
descriptor[i][.]=(142, 257)(-0.0261194, -0.0975057)(0.283582, -0.496599)(-0.5, 0.276644)(0.227612, 0.501134)
				 (142, 257)(-0.015873, -0.0975057)(0.172336, -0.496599)(-0.303855, 0.276644)(0.138322, 0.501134)
				 (142, 257)(0.120181, -0.498866)(0.0725624, -0.340136)(0.015873, -0.163265)(-0.113379, 0.00226757)(-0.292517, 0.108844)(-0.269841, 0.267574)(-0.0997732, 0.126984)(0.031746, 0.115646)(0.0226757, 0.321995)(0.0634921, 0.501134)(0.14059, 0.38322)(0.124717, 0.179138)(0.21542, -0.0181406)(0.303855, -0.188209)(0.201814, -0.353741)
				 (142, 257)(0.0340136, 0.0544218)(0.120181, 0.192744)(0.192744, -0.358277)(0.00453515, -0.111111)(0.229025, -0.124717)(0.106576, -0.360544)(-0.281179, 0.278912)(0.0385488, 0.496599)(0.120181, 0.192744)(0.181406, 0.0748299)(0.229025, -0.120181)(0.301587, -0.179138)(0.256236, -0.328798)(0.219955, -0.351474)(0.179138, -0.492063)(0.0725624, -0.460317)(0.00226757, -0.201814)
descriptor[i][.]=(141, 257)(-0.0111524, -0.206349)(0.249071, -0.498866)(-0.498141, 0.378685)(0.237918, 0.501134)
				 (141, 257)(-0.00680272, -0.206349)(0.151927, -0.498866)(-0.303855, 0.378685)(0.145125, 0.501134)
				 (141, 257)(0.0884354, -0.498866)(0.0408163, -0.328798)(-0.00453515, -0.122449)(-0.145125, 0.0408163)(-0.301587, 0.195011)(-0.278912, 0.362812)(-0.147392, 0.206349)(0.0294785, 0.0680272)(0.0294785, 0.283447)(0.0408163, 0.492063)(0.14966, 0.405896)(0.120181, 0.199546)(0.217687, -0.00226757)(0.303855, -0.181406)(0.195011, -0.358277)
				 (141, 257)(0.0294785, 0.0680272)(0.120181, 0.197279)(0.195011, -0.358277)(-0.015873, -0.0816327)(-0.147392, 0.204082)(0.231293, -0.115646)(0.102041, -0.358277)(-0.102041, 0.0136054)(-0.29932, 0.380952)(-0.147392, 0.204082)(0.0408163, 0.496599)(0.160998, 0.485261)(0.120181, 0.197279)(0.21542, 0.00907029)(0.267574, -0.131519)(0.303855, -0.176871)(0.256236, -0.328798)(0.23356, -0.344671)(0.217687, -0.351474)(0.197279, -0.435374)(0.176871, -0.487528)(0.0884354, -0.498866)(0.0657596, -0.45805)(0.015873, -0.297052)(-0.015873, -0.0839002)(-0.0408163, -0.0725624)(-0.102041, 0.0136054)(-0.297052, 0.165533)
descriptor[i][.]=(141, 257)(-0.0260223, -0.204082)(0.249071, -0.498866)(-0.494424, 0.424036)(0.230483, 0.501134)
				 (141, 257)(-0.015873, -0.204082)(0.151927, -0.498866)(-0.301587, 0.424036)(0.14059, 0.501134)
				 (141, 257)(0.106576, -0.498866)(0.0566893, -0.337868)(-0.00453515, -0.145125)(-0.115646, 0.0340136)(-0.281179, 0.188209)(-0.303855, 0.399093)(-0.1678, 0.287982)(-0.0226757, 0.111111)(0.0226757, 0.231293)(0.0566893, 0.446712)(0.15873, 0.446712)(0.133787, 0.229025)(0.201814, 0.0181406)(0.287982, -0.1678)(0.213152, -0.353741)
				 (141, 257)(0.0249433, 0.0748299)(0.120181, 0.195011)(0.190476, -0.360544)(-0.0249433, -0.0680272)(0.23356, -0.106576)(0.102041, -0.358277)(-0.297052, 0.426304)(-0.272109, 0.424036)(0.0181406, 0.201814)(0.0408163, 0.496599)(0.120181, 0.195011)(0.306122, -0.190476)(0.253968, -0.328798)(0.183673, -0.47619)(0.160998, -0.494331)(0.0816327, -0.489796)(0.0680272, -0.439909)(0.0430839, -0.335601)(0.0136054, -0.303855)(-0.0249433, -0.0702948)
descriptor[i][.]=(141, 257)(-1, -1)(0.251852, -0.498866)(-0.5, 0.453515)(0.22963, 0.501134)
				 (141, 257)(-1, -1)(0.154195, -0.498866)(-0.306122, 0.453515)(0.14059, 0.501134)
				 (141, 257)(0.0907029, -0.498866)(0.0272109, -0.333333)(-0.0226757, -0.124717)(-0.111111, 0.0770975)(-0.251701, 0.265306)(-0.297052, 0.455782)(-0.136054, 0.365079)(-0.0226757, 0.165533)(0.0249433, 0.219955)(0.0566893, 0.437642)(0.160998, 0.444444)(0.133787, 0.23356)(0.206349, 0.0181406)(0.301587, -0.174603)(0.199546, -0.353741)
				 (141, 257)(0.0272109, 0.0929705)(0.124717, 0.192744)(0.185941, -0.365079)(0.231293, -0.0839002)(-0.185941, 0.462585)(0.0226757, 0.183673)(0.0408163, 0.496599)(0.14059, 0.501134)(0.124717, 0.192744)(0.276644, -0.120181)(0.276644, -0.290249)(0.231293, -0.344671)(0.190476, -0.45805)(0.174603, -0.482993)(0.15873, -0.496599)(0.0770975, -0.492063)
descriptor[i][.]=(144, 257)(-1, -1)(0.273077, -0.496599)(-0.496154, 0.473923)(0.234615, 0.501134)
				 (144, 257)(-1, -1)(0.160998, -0.496599)(-0.292517, 0.473923)(0.138322, 0.501134)
				 (144, 257)(0.0861678, -0.498866)(0.0294785, -0.337868)(-0.0385488, -0.138322)(-0.0770975, 0.0634921)(-0.172336, 0.260771)(-0.272109, 0.430839)(-0.136054, 0.482993)(-0.0544218, 0.297052)(0.0204082, 0.253968)(0.0498866, 0.464853)(0.15873, 0.430839)(0.129252, 0.222222)(0.204082, 0.0136054)(0.294785, -0.185941)(0.179138, -0.362812)
				 (144, 257)(0.00907029, 0.181406)(0.124717, 0.197279)(0.170068, -0.369615)(-0.281179, 0.480726)(-0.231293, 0.498866)(-0.111111, 0.478458)(0.0340136, 0.496599)(0.138322, 0.501134)(0.15873, 0.435374)(0.124717, 0.197279)(0.283447, -0.133787)(0.22449, -0.344671)(0.170068, -0.369615)(0.183673, -0.412698)(0.165533, -0.494331)(0.0861678, -0.498866)
descriptor[i][.]=(153, 257)(-0.00413223, -0.344671)(0.235537, -0.498866)(-0.46281, 0.501134)(0.210744, 0.501134)
				 (153, 257)(-0.00226757, -0.344671)(0.129252, -0.498866)(-0.253968, 0.501134)(0.115646, 0.501134)
				 (153, 257)(0.0521542, -0.498866)(-0.00907029, -0.335601)(-0.0680272, -0.131519)(-0.0839002, 0.0498866)(-0.163265, 0.256236)(-0.238095, 0.44898)(-0.120181, 0.487528)(-0.0453515, 0.29932)(0.0136054, 0.276644)(0.015873, 0.487528)(0.122449, 0.408163)(0.113379, 0.195011)(0.21542, 0.00680272)(0.274376, -0.206349)(0.14966, -0.369615)
				 (153, 257)(-0.176871, 0.376417)(-0.00680272, 0.188209)(0.108844, 0.204082)(0.14966, -0.367347)(0.0612245, -0.367347)(-0.0770975, 0.0362812)(-0.0770975, 0.0362812)(-0.185941, 0.346939)(-0.274376, 0.482993)(-0.0816327, 0.47619)(0.0136054, 0.496599)(0.115646, 0.501134)(0.117914, 0.229025)(0.108844, 0.204082)(0.274376, -0.206349)(0.21542, -0.337868)(0.14966, -0.482993)(0.0521542, -0.498866)(0.0362812, -0.47619)(0.00226757, -0.346939)
descriptor[i][.]=(172, 257)(-0.0049505, -0.496599)(0.207921, -0.498866)(-0.49505, 0.501134)(0.158416, 0.501134)
				 (172, 257)(-0.00226757, -0.496599)(0.0952381, -0.498866)(-0.226757, 0.501134)(0.0725624, 0.501134)
				 (172, 257)(0.00226757, -0.498866)(-0.0453515, -0.346939)(-0.111111, -0.156463)(-0.120181, -0.00907029)(-0.0748299, -0.0362812)(-0.147392, 0.154195)(-0.154195, 0.353741)(-0.199546, 0.501134)(-0.031746, 0.419501)(0.0793651, 0.494331)(0.0861678, 0.312925)(0.108844, 0.113379)(0.197279, -0.0521542)(0.21542, -0.244898)(0.0997732, -0.401361)
				 (172, 257)(-0.047619, -0.0929705)(-0.031746, 0.419501)(0.0793651, 0.197279)(0.102041, -0.371882)(0.015873, -0.371882)(-0.0952381, -0.181406)(-0.108844, -0.0657596)(-0.154195, 0.390023)(0.133787, 0.047619)(-0.163265, -0.00680272)(-0.126984, -0.00226757)(-0.108844, -0.0634921)(-0.047619, -0.0929705)(-0.154195, 0.390023)(-0.229025, 0.489796)(-0.0589569, 0.462585)(-0.0294785, 0.496599)(0.0725624, 0.501134)(0.0793651, 0.197279)(0.133787, 0.0498866)(0.188209, 0.0249433)(0.229025, -0.210884)(0.115646, -0.446712)(0.0997732, -0.496599)(0.00226757, -0.498866)(-0.0362812, -0.351474)(-0.102041, -0.213152)(-0.0952381, -0.181406)
descriptor[i][.]=(183, 257)(-0.0625, -0.498866)(0.176136, -0.498866)(-0.494318, 0.501134)(0.113636, 0.501134)
				 (183, 257)(-0.0249433, -0.498866)(0.0702948, -0.498866)(-0.197279, 0.501134)(0.0453515, 0.501134)
				 (183, 257)(-0.0249433, -0.498866)(-0.0634921, -0.349206)(-0.131519, -0.172336)(-0.165533, -0.00453515)(-0.0839002, -0.0770975)(-0.154195, 0.113379)(-0.160998, 0.306122)(-0.199546, 0.478458)(-0.0362812, 0.455782)(0.0657596, 0.460317)(0.0634921, 0.276644)(0.0975057, 0.0839002)(0.183673, -0.0680272)(0.183673, -0.258503)(0.0748299, -0.405896)
				 (183, 257)(-0.0702948, -0.0929705)(-0.047619, 0.446712)(0.0634921, 0.174603)(0.0748299, -0.37415)(-0.0136054, -0.37415)(-0.117914, -0.0929705)(-0.14966, 0.403628)(0.108844, 0.047619)(-0.176871, -0.00226757)(-0.14966, -0.00907029)(-0.117914, -0.0884354)(-0.0702948, -0.0929705)(-0.120181, 0)(-0.14966, 0.403628)(-0.199546, 0.498866)(-0.0544218, 0.492063)(0.0453515, 0.501134)(0.0725624, 0.435374)(0.0634921, 0.174603)(0.108844, 0.0521542)(0.156463, 0.0340136)(0.136054, -0.351474)(0.0748299, -0.496599)(-0.0249433, -0.498866)(-0.0680272, -0.349206)(-0.195011, -0.0453515)
descriptor[i][.]=(184, 257)(-0.0764706, -0.498866)(0.141176, -0.498866)(-0.141176, 0.501134)(0.117647, 0.501134)
				 (184, 257)(-0.0294785, -0.498866)(0.0544218, -0.498866)(-0.0544218, 0.501134)(0.0453515, 0.501134)
				 (184, 257)(-0.0294785, -0.498866)(-0.0680272, -0.353741)(-0.126984, -0.185941)(-0.185941, -0.0181406)(-0.0748299, -0.0997732)(-0.129252, 0.0770975)(-0.124717, 0.258503)(-0.111111, 0.435374)(-0.00907029, 0.501134)(0.0544218, 0.390023)(0.0770975, 0.213152)(0.117914, 0.0340136)(0.188209, -0.0861678)(0.172336, -0.267574)(0.0657596, -0.403628)
				 (184, 257)(-0.0748299, -0.113379)(0.0748299, 0.156463)(0.0680272, -0.378685)(-0.0204082, -0.376417)(-0.0907029, 0.340136)(0.117914, 0.031746)(-0.172336, -0.0113379)(-0.0975057, 0.333333)(-0.126984, 0.478458)(0.0453515, 0.501134)(0.0839002, 0.23356)(0.0748299, 0.156463)(0.106576, 0.0816327)(0.117914, 0.0340136)(0.160998, 0.0362812)(0.179138, 0.0249433)(0.129252, -0.356009)(0.0770975, -0.426304)(0.0748299, -0.46712)(0.0612245, -0.494331)(-0.0294785, -0.498866)(-0.0453515, -0.480726)(-0.0702948, -0.353741)(-0.0952381, -0.333333)(-0.113379, -0.29932)
descriptor[i][.]=(183, 257)(-0.0584795, -0.498866)(0.146199, -0.498866)(-0.134503, 0.501134)(0.116959, 0.501134)
				 (183, 257)(-0.0226757, -0.498866)(0.0566893, -0.498866)(-0.0521542, 0.501134)(0.0453515, 0.501134)
				 (183, 257)(-0.0226757, -0.498866)(-0.0566893, -0.356009)(-0.129252, -0.204082)(-0.192744, -0.031746)(-0.0861678, -0.117914)(-0.117914, 0.0453515)(-0.117914, 0.22449)(-0.0566893, 0.394558)(-0.00226757, 0.501134)(0.0612245, 0.380952)(0.0748299, 0.208617)(0.124717, 0.031746)(0.190476, -0.0952381)(0.172336, -0.269841)(0.0680272, -0.403628)
				 (183, 257)(-0.0680272, -0.0975057)(0.0907029, 0.124717)(0.0702948, -0.376417)(-0.015873, -0.378685)(-0.131519, -0.0816327)(-0.0634921, 0.340136)(0.122449, 0.0340136)(-0.188209, -0.0181406)(-0.154195, -0.0113379)(-0.131519, -0.0770975)(-0.0884354, 0.45805)(0.0453515, 0.501134)(0.0907029, 0.124717)(0.122449, 0.0362812)(0.163265, 0.0362812)(0.183673, 0.0249433)(0.160998, -0.321995)(0.138322, -0.349206)(0.0748299, -0.471655)(0.0634921, -0.494331)(-0.0226757, -0.498866)(-0.047619, -0.482993)(-0.0702948, -0.353741)
descriptor[i][.]=(185, 257)(-0.114458, -0.498866)(0.126506, -0.498866)(-0.150602, 0.501134)(0.120482, 0.501134)
				 (185, 257)(-0.0430839, -0.498866)(0.047619, -0.498866)(-0.0566893, 0.501134)(0.0453515, 0.501134)
				 (185, 257)(-0.0430839, -0.498866)(-0.0725624, -0.346939)(-0.129252, -0.183673)(-0.181406, -0.0136054)(-0.0770975, -0.102041)(-0.102041, 0.0680272)(-0.0861678, 0.238095)(-0.0521542, 0.408163)(0.015873, 0.501134)(0.0770975, 0.367347)(0.0816327, 0.195011)(0.133787, 0.0294785)(0.188209, -0.108844)(0.163265, -0.283447)(0.0612245, -0.412698)
				 (185, 257)(-0.0702948, -0.0816327)(0.113379, 0.0408163)(0.0566893, -0.380952)(-0.0249433, -0.376417)(-0.102041, -0.106576)(-0.0408163, 0.312925)(-0.179138, -0.00907029)(-0.14966, -0.00680272)(-0.113379, 0.165533)(-0.0430839, 0.310658)(-0.0589569, 0.487528)(0.0453515, 0.501134)(0.0612245, 0.47619)(0.160998, 0.0340136)(0.179138, 0.0226757)(0.14966, -0.324263)(0.0634921, -0.478458)(0.0521542, -0.496599)(-0.0430839, -0.498866)(-0.0884354, -0.342404)(-0.117914, -0.294785)
