kickDescr7.dat
size1 40
size3 41
beh_type.id 20
sizes[]=47 46 46 47 40 50 50 50 55 55 44 47 54 48 48 48 51 52 48 50 50 50 52 46 51 52 49 45 41 42 52 50 50 51 47 45 46 46 47 47 
thresholds[]=0.16 0.16 0.16 0.16 0.16 0.16 0.16 0.16 0.16 0.16 0.16 0.16 0.16 0.16 0.16 0.16 0.16 0.16 0.16 0.16 0.16 0.16 0.16 0.16 0.16 0.16 0.16 0.16 0.16 0.16 0.16 0.16 0.16 0.16 0.16 0.16 0.16 0.16 0.16 0.16 
map[0][.]=0 1 0 0 0 0 0 0 0 0 0 0 0 0 0 0 0 0 0 0 0 0 0 0 0 0 0 0 0 0 0 0 0 0 0 0 0 0 0 0 0 
map[1][.]=0 0 1 0 0 0 0 0 0 0 0 0 0 0 0 0 0 0 0 0 0 0 0 0 0 0 0 0 0 0 0 0 0 0 0 0 0 0 0 0 0 
map[2][.]=0 0 0 1 0 0 0 0 0 0 0 0 0 0 0 0 0 0 0 0 0 0 0 0 0 0 0 0 0 0 0 0 0 0 0 0 0 0 0 0 0 
map[3][.]=0 0 0 0 1 0 0 0 0 0 0 0 0 0 0 0 0 0 0 0 0 0 0 0 0 0 0 0 0 0 0 0 0 0 0 0 0 0 0 0 0 
map[4][.]=0 0 0 0 0 1 0 0 0 0 0 0 0 0 0 0 0 0 0 0 0 0 0 0 0 0 0 0 0 0 0 0 0 0 0 0 0 0 0 0 0 
map[5][.]=0 0 0 0 0 0 1 0 0 0 0 0 0 0 0 0 0 0 0 0 0 0 0 0 0 0 0 0 0 0 0 0 0 0 0 0 0 0 0 0 0 
map[6][.]=0 0 0 0 0 0 0 1 0 0 0 0 0 0 0 0 0 0 0 0 0 0 0 0 0 0 0 0 0 0 0 0 0 0 0 0 0 0 0 0 0 
map[7][.]=0 0 0 0 0 0 0 0 1 0 0 0 0 0 0 0 0 0 0 0 0 0 0 0 0 0 0 0 0 0 0 0 0 0 0 0 0 0 0 0 0 
map[8][.]=0 0 0 0 0 0 0 0 0 1 0 0 0 0 0 0 0 0 0 0 0 0 0 0 0 0 0 0 0 0 0 0 0 0 0 0 0 0 0 0 0 
map[9][.]=0 0 0 0 0 0 0 0 0 0 1 0 0 0 0 0 0 0 0 0 0 0 0 0 0 0 0 0 0 0 0 0 0 0 0 0 0 0 0 0 0 
map[10][.]=0 0 0 0 0 0 0 0 0 0 0 1 0 0 0 0 0 0 0 0 0 0 0 0 0 0 0 0 0 0 0 0 0 0 0 0 0 0 0 0 0 
map[11][.]=0 0 0 0 0 0 0 0 0 0 0 0 1 0 0 0 0 0 0 0 0 0 0 0 0 0 0 0 0 0 0 0 0 0 0 0 0 0 0 0 0 
map[12][.]=0 0 0 0 0 0 0 0 0 0 0 0 0 1 0 0 0 0 0 0 0 0 0 0 0 0 0 0 0 0 0 0 0 0 0 0 0 0 0 0 0 
map[13][.]=0 0 0 0 0 0 0 0 0 0 0 0 0 0 1 0 0 0 0 0 0 0 0 0 0 0 0 0 0 0 0 0 0 0 0 0 0 0 0 0 0 
map[14][.]=0 0 0 0 0 0 0 0 0 0 0 0 0 0 0 1 0 0 0 0 0 0 0 0 0 0 0 0 0 0 0 0 0 0 0 0 0 0 0 0 0 
map[15][.]=0 0 0 0 0 0 0 0 0 0 0 0 0 0 0 0 1 0 0 0 0 0 0 0 0 0 0 0 0 0 0 0 0 0 0 0 0 0 0 0 0 
map[16][.]=0 0 0 0 0 0 0 0 0 0 0 0 0 0 0 0 0 1 0 0 0 0 0 0 0 0 0 0 0 0 0 0 0 0 0 0 0 0 0 0 0 
map[17][.]=0 0 0 0 0 0 0 0 0 0 0 0 0 0 0 0 0 0 1 0 0 0 0 0 0 0 0 0 0 0 0 0 0 0 0 0 0 0 0 0 0 
map[18][.]=0 0 0 0 0 0 0 0 0 0 0 0 0 0 0 0 0 0 0 1 0 0 0 0 0 0 0 0 0 0 0 0 0 0 0 0 0 0 0 0 0 
map[19][.]=0 0 0 0 0 0 0 0 0 0 0 0 0 0 0 0 0 0 0 0 1 0 0 0 0 0 0 0 0 0 0 0 0 0 0 0 0 0 0 0 0 
map[20][.]=0 0 0 0 0 0 0 0 0 0 0 0 0 0 0 0 0 0 0 0 0 1 0 0 0 0 0 0 0 0 0 0 0 0 0 0 0 0 0 0 0 
map[21][.]=0 0 0 0 0 0 0 0 0 0 0 0 0 0 0 0 0 0 0 0 0 0 1 0 0 0 0 0 0 0 0 0 0 0 0 0 0 0 0 0 0 
map[22][.]=0 0 0 0 0 0 0 0 0 0 0 0 0 0 0 0 0 0 0 0 0 0 0 1 0 0 0 0 0 0 0 0 0 0 0 0 0 0 0 0 0 
map[23][.]=0 0 0 0 0 0 0 0 0 0 0 0 0 0 0 0 0 0 0 0 0 0 0 0 1 0 0 0 0 0 0 0 0 0 0 0 0 0 0 0 0 
map[24][.]=0 0 0 0 0 0 0 0 0 0 0 0 0 0 0 0 0 0 0 0 0 0 0 0 0 1 0 0 0 0 0 0 0 0 0 0 0 0 0 0 0 
map[25][.]=0 0 0 0 0 0 0 0 0 0 0 0 0 0 0 0 0 0 0 0 0 0 0 0 0 0 1 0 0 0 0 0 0 0 0 0 0 0 0 0 0 
map[26][.]=0 0 0 0 0 0 0 0 0 0 0 0 0 0 0 0 0 0 0 0 0 0 0 0 0 0 0 1 0 0 0 0 0 0 0 0 0 0 0 0 0 
map[27][.]=0 0 0 0 0 0 0 0 0 0 0 0 0 0 0 0 0 0 0 0 0 0 0 0 0 0 0 0 1 0 0 0 0 0 0 0 0 0 0 0 0 
map[28][.]=0 0 0 0 0 0 0 0 0 0 0 0 0 0 0 0 0 0 0 0 0 0 0 0 0 0 0 0 0 1 0 0 0 0 0 0 0 0 0 0 0 
map[29][.]=0 0 0 0 0 0 0 0 0 0 0 0 0 0 0 0 0 0 0 0 0 0 0 0 0 0 0 0 0 0 1 0 0 0 0 0 0 0 0 0 0 
map[30][.]=0 0 0 0 0 0 0 0 0 0 0 0 0 0 0 0 0 0 0 0 0 0 0 0 0 0 0 0 0 0 0 1 0 0 0 0 0 0 0 0 0 
map[31][.]=0 0 0 0 0 0 0 0 0 0 0 0 0 0 0 0 0 0 0 0 0 0 0 0 0 0 0 0 0 0 0 0 1 0 0 0 0 0 0 0 0 
map[32][.]=0 0 0 0 0 0 0 0 0 0 0 0 0 0 0 0 0 0 0 0 0 0 0 0 0 0 0 0 0 0 0 0 0 1 0 0 0 0 0 0 0 
map[33][.]=0 0 0 0 0 0 0 0 0 0 0 0 0 0 0 0 0 0 0 0 0 0 0 0 0 0 0 0 0 0 0 0 0 0 1 0 0 0 0 0 0 
map[34][.]=0 0 0 0 0 0 0 0 0 0 0 0 0 0 0 0 0 0 0 0 0 0 0 0 0 0 0 0 0 0 0 0 0 0 0 1 0 0 0 0 0 
map[35][.]=0 0 0 0 0 0 0 0 0 0 0 0 0 0 0 0 0 0 0 0 0 0 0 0 0 0 0 0 0 0 0 0 0 0 0 0 1 0 0 0 0 
map[36][.]=0 0 0 0 0 0 0 0 0 0 0 0 0 0 0 0 0 0 0 0 0 0 0 0 0 0 0 0 0 0 0 0 0 0 0 0 0 1 0 0 0 
map[37][.]=0 0 0 0 0 0 0 0 0 0 0 0 0 0 0 0 0 0 0 0 0 0 0 0 0 0 0 0 0 0 0 0 0 0 0 0 0 0 1 0 0 
map[38][.]=0 0 0 0 0 0 0 0 0 0 0 0 0 0 0 0 0 0 0 0 0 0 0 0 0 0 0 0 0 0 0 0 0 0 0 0 0 0 0 1 0 
map[39][.]=0 0 0 0 0 0 0 0 0 0 0 0 0 0 0 0 0 0 0 0 0 0 0 0 0 0 0 0 0 0 0 0 0 0 0 0 0 0 0 0 1 
map[40][.]=0 0 0 0 0 0 0 0 0 0 0 0 0 0 0 0 0 0 0 0 0 0 0 0 0 0 0 0 0 0 0 0 0 0 0 0 0 0 0 0 0 
isLast[.]=false false false false false false false false false false false false false false false false false false false false false false false false false false false false false false false false false false false false false false false false true 
descriptor[i][.]=(324, 244)(-0.0185185, -0.5)(0.037037, -0.5)(-0.444444, 0.5)(0.0555556, 0.5)
				 (324, 244)(-0.00806452, -0.5)(0.016129, -0.5)(-0.193548, 0.5)(0.0241935, 0.5)
				 (324, 244)(-0.00806452, -0.5)(-0.104839, -0.322581)(-0.181452, -0.112903)(-0.157258, 0.0887097)(-0.173387, 0.306452)(-0.173387, 0.5)(-0.0967742, 0.310484)(-0.0483871, 0.407258)(0.0403226, 0.431452)(0.0524194, 0.217742)(0.0725806, 0)(0.125, -0.0443548)(0.217742, 0.0564516)(0.157258, -0.165323)(0.0604839, -0.326613)
				 (324, 244)(-0.157258, 0.16129)(-0.0685484, 0.258065)(0.0685484, -0.108871)(0.0564516, -0.330645)(-0.0483871, -0.366935)(0.104839, -0.116935)(-0.157258, 0.16129)(-0.217742, 0.443548)(-0.201613, 0.495968)(-0.145161, 0.5)(-0.0443548, 0.483871)(0.0241935, 0.5)(0.0766129, 0.0685484)(0.104839, -0.116935)(0.169355, 0.0887097)(0.201613, 0.0927419)(0.129032, -0.310484)(0.0766129, -0.447581)(0.0483871, -0.487903)(-0.0201613, -0.495968)
descriptor[i][.]=(325, 244)(-0.034188, -0.5)(0.0683761, -0.5)(-0.410256, 0.483871)(0.034188, 0.5)
				 (325, 244)(-0.016129, -0.5)(0.0322581, -0.5)(-0.193548, 0.483871)(0.016129, 0.5)
				 (325, 244)(-0.016129, -0.5)(-0.112903, -0.322581)(-0.181452, -0.116935)(-0.165323, 0.0766129)(-0.189516, 0.290323)(-0.189516, 0.483871)(-0.112903, 0.294355)(-0.0564516, 0.391129)(0.0241935, 0.46371)(0.0403226, 0.25)(0.0685484, 0.0362903)(0.120968, -0.0725806)(0.237903, 0.0685484)(0.165323, -0.145161)(0.0887097, -0.33871)
				 (325, 244)(-0.16129, 0.120968)(-0.0766129, 0.245968)(0.0766129, -0.108871)(0.0806452, -0.350806)(-0.0524194, -0.387097)(0.112903, -0.108871)(-0.16129, 0.120968)(-0.233871, 0.451613)(-0.0564516, 0.495968)(0.016129, 0.5)(0.0766129, -0.104839)(0.112903, -0.108871)(0.189516, 0.0806452)(0.233871, 0.0766129)(0.129032, -0.310484)(0.0725806, -0.46371)(-0.0403226, -0.487903)(-0.0685484, -0.443548)(-0.125, -0.314516)
descriptor[i][.]=(328, 243)(-0.0465116, -0.497992)(0.0697674, -0.497992)(-0.488372, 0.457831)(0.0232558, 0.502008)
				 (328, 243)(-0.0240964, -0.497992)(0.0361446, -0.497992)(-0.253012, 0.457831)(0.0120482, 0.502008)
				 (328, 243)(-0.0240964, -0.497992)(-0.120482, -0.321285)(-0.192771, -0.104418)(-0.176707, 0.108434)(-0.236948, 0.329317)(-0.184739, 0.413655)(-0.0883534, 0.208835)(-0.0682731, 0.413655)(0.0200803, 0.465863)(0.0281124, 0.24498)(0.060241, 0.0240964)(0.13253, -0.0803213)(0.261044, 0.0361446)(0.160643, -0.176707)(0.0481928, -0.345382)
				 (328, 243)(-0.172691, 0.0843373)(-0.0843373, 0.204819)(0.0763052, -0.120482)(0.0481928, -0.333333)(-0.0682731, -0.373494)(0.11245, -0.116466)(-0.257028, 0.445783)(-0.208835, 0.457831)(-0.0843373, 0.497992)(0.0120482, 0.502008)(0.0763052, -0.116466)(0.11245, -0.116466)(0.220884, 0.060241)(0.124498, -0.301205)(0.0722892, -0.39759)(0.0441767, -0.493976)(-0.0562249, -0.481928)(-0.0722892, -0.441767)(-0.164659, -0.228916)
descriptor[i][.]=(329, 243)(-0.0215827, -0.5)(0.0431655, -0.496)(-0.467626, 0.436)(0.00719424, 0.48)
				 (329, 243)(-0.012, -0.5)(0.024, -0.496)(-0.26, 0.436)(0.004, 0.48)
				 (329, 243)(-0.012, -0.5)(-0.104, -0.328)(-0.184, -0.132)(-0.176, 0.072)(-0.228, 0.276)(-0.216, 0.432)(-0.12, 0.232)(-0.072, 0.376)(0.016, 0.464)(0.024, 0.248)(0.056, 0.032)(0.132, -0.076)(0.28, 0.028)(0.164, -0.172)(0.044, -0.336)
				 (329, 243)(-0.176, 0.096)(-0.092, 0.204)(0.076, -0.112)(0.04, -0.344)(-0.088, -0.344)(0.22, 0)(-0.264, 0.432)(-0.224, 0.44)(-0.076, 0.488)(-0.004, 0.488)(0.076, -0.108)(0.22, 0)(0.24, 0.056)(0.276, -0.004)(0.04, -0.484)(-0.008, -0.5)(-0.056, -0.488)(-0.076, -0.46)(-0.088, -0.356)(-0.132, -0.312)
descriptor[i][.]=(331, 244)(-0.0596026, -0.5)(0.0331126, -0.5)(-0.0993377, 0.5)(0, 0.5)
				 (331, 244)(-0.0362903, -0.5)(0.0201613, -0.5)(-0.0604839, 0.5)(0, 0.5)
				 (331, 244)(-0.0362903, -0.5)(-0.129032, -0.322581)(-0.205645, -0.116935)(-0.189516, 0.0887097)(-0.266129, 0.302419)(-0.217742, 0.362903)(-0.0967742, 0.165323)(-0.0725806, 0.366935)(0.00806452, 0.483871)(0.0201613, 0.262097)(0.0564516, 0.0443548)(0.112903, -0.141129)(0.282258, 0.016129)(0.185484, -0.157258)(0.0604839, -0.342742)
				 (331, 244)(-0.189516, 0.104839)(-0.0766129, 0.165323)(0.0766129, -0.141129)(-0.0967742, -0.342742)(-0.189516, 0.104839)(-0.294355, 0.403226)(-0.0685484, 0.495968)(0, 0.5)(0.0766129, -0.137097)(0.266129, 0.0120968)(0.0282258, -0.495968)(-0.0564516, -0.495968)(-0.133065, -0.322581)
descriptor[i][.]=(332, 243)(-0.0649351, -0.497992)(0.0194805, -0.493976)(-0.142857, 0.502008)(0, 0.497992)
				 (332, 243)(-0.0401606, -0.497992)(0.0120482, -0.493976)(-0.0883534, 0.502008)(0, 0.497992)
				 (332, 243)(-0.0401606, -0.497992)(-0.128514, -0.317269)(-0.216867, -0.104418)(-0.192771, 0.104418)(-0.289157, 0.329317)(-0.208835, 0.317269)(-0.0682731, 0.168675)(-0.0763052, 0.393574)(0.00401606, 0.477912)(0.0200803, 0.253012)(0.0562249, 0.0281124)(0.116466, -0.140562)(0.297189, 0.00401606)(0.176707, -0.168675)(0.0321285, -0.333333)
				 (332, 243)(-0.0763052, 0.156627)(0.0682731, -0.148594)(0.0361446, -0.325301)(-0.0803213, -0.361446)(-0.192771, 0.108434)(-0.228916, 0.333333)(0.148594, -0.196787)(-0.220884, 0.37751)(-0.0963855, 0.485944)(-0.00803213, 0.502008)(0.0682731, -0.144578)(0.285141, 0.00401606)(0.309237, -0.0401606)(0.148594, -0.196787)(0.108434, -0.301205)(0.0522088, -0.381526)(0.0441767, -0.441767)(0.0200803, -0.48996)(-0.0200803, -0.497992)(-0.0722892, -0.485944)(-0.100402, -0.429719)(-0.240964, 0.00803213)(-0.192771, 0.108434)
descriptor[i][.]=(333, 244)(-0.0961538, -0.5)(0.0128205, -0.495968)(-0.147436, 0.5)(0.00641026, 0.467742)
				 (333, 244)(-0.0604839, -0.5)(0.00806452, -0.495968)(-0.0927419, 0.5)(0.00403226, 0.467742)
				 (333, 244)(-0.0604839, -0.5)(-0.145161, -0.318548)(-0.225806, -0.100806)(-0.181452, 0.0685484)(-0.266129, 0.266129)(-0.237903, 0.379032)(-0.104839, 0.205645)(-0.0725806, 0.403226)(0.00403226, 0.459677)(0.0201613, 0.237903)(0.0524194, 0.0201613)(0.0967742, -0.16129)(0.274194, -0.0201613)(0.181452, -0.16129)(0.0403226, -0.342742)
				 (333, 244)(-0.181452, 0.104839)(-0.0846774, 0.205645)(0.0604839, -0.165323)(0.0403226, -0.342742)(-0.0967742, -0.362903)(-0.237903, 0.33871)(0.145161, -0.197581)(-0.25, 0.0403226)(-0.181452, 0.104839)(-0.310484, 0.33871)(-0.314516, 0.391129)(-0.262097, 0.407258)(-0.237903, 0.33871)(-0.100806, 0.483871)(-0.016129, 0.495968)(0.16129, -0.0806452)(0.28629, -0.0120968)(0.314516, -0.0564516)(0.145161, -0.197581)(0.100806, -0.306452)(0.0443548, -0.391129)(0.016129, -0.491935)(-0.0927419, -0.491935)
descriptor[i][.]=(333, 246)(-0.0903226, -0.5)(0, -0.496032)(-0.477419, 0.40873)(0, 0.496032)
				 (333, 246)(-0.0555556, -0.5)(0, -0.496032)(-0.293651, 0.40873)(0, 0.496032)
				 (333, 246)(-0.0555556, -0.5)(-0.138889, -0.325397)(-0.230159, -0.115079)(-0.186508, 0.0396825)(-0.246032, 0.238095)(-0.25, 0.412698)(-0.119048, 0.234127)(-0.0674603, 0.392857)(0.00396825, 0.468254)(0.0198413, 0.25)(0.0515873, 0.0357143)(0.0912698, -0.15873)(0.281746, -0.0198413)(0.170635, -0.170635)(0.0277778, -0.34127)
				 (333, 246)(-0.166667, 0.0753968)(-0.0793651, 0.218254)(0.0634921, -0.154762)(0.0238095, -0.345238)(-0.0873016, -0.380952)(-0.222222, 0.337302)(0.146825, -0.194444)(-0.25, 0.0396825)(-0.166667, 0.0753968)(-0.305556, 0.333333)(-0.293651, 0.40873)(-0.222222, 0.337302)(-0.0952381, 0.468254)(-0.00793651, 0.5)(0.0634921, -0.150794)(0.289683, -0.0198413)(0.305556, -0.0674603)(0.146825, -0.194444)(0.0952381, -0.309524)(0.0396825, -0.396825)(0.015873, -0.488095)(-0.0793651, -0.492063)(-0.107143, -0.424603)
descriptor[i][.]=(334, 244)(-0.0671141, -0.5)(0.00671141, -0.495968)(-0.463087, 0.455645)(0, 0.471774)
				 (334, 244)(-0.0403226, -0.5)(0.00403226, -0.495968)(-0.278226, 0.455645)(0, 0.471774)
				 (334, 244)(-0.0403226, -0.5)(-0.141129, -0.322581)(-0.229839, -0.125)(-0.225806, 0.0604839)(-0.205645, 0.205645)(-0.298387, 0.419355)(-0.177419, 0.322581)(-0.0766129, 0.358871)(0, 0.471774)(0.016129, 0.254032)(0.0524194, 0.0362903)(0.0887097, -0.149194)(0.274194, -0.0120968)(0.165323, -0.16129)(0.0322581, -0.330645)
				 (334, 244)(-0.173387, 0.153226)(-0.0927419, 0.25)(0.0564516, -0.149194)(0.0201613, -0.334677)(-0.104839, -0.366935)(-0.177419, 0.0524194)(-0.177419, 0.318548)(-0.0685484, 0.274194)(0.157258, -0.165323)(-0.245968, 0.0645161)(-0.177419, 0.0524194)(-0.173387, 0.153226)(-0.282258, 0.330645)(-0.282258, 0.451613)(-0.241935, 0.459677)(-0.177419, 0.322581)(-0.0967742, 0.254032)(-0.0846774, 0.435484)(-0.0766129, 0.491935)(-0.0241935, 0.5)(0.266129, -0.0120968)(0.302419, -0.0564516)(0.157258, -0.165323)(0.0846774, -0.310484)(0.0322581, -0.395161)(0.016129, -0.483871)(-0.100806, -0.467742)(-0.120968, -0.407258)
descriptor[i][.]=(333, 246)(-0.0647482, -0.5)(0.00719424, -0.496032)(-0.410072, 0.480159)(0.00719424, 0.456349)
				 (333, 246)(-0.0357143, -0.5)(0.00396825, -0.496032)(-0.22619, 0.480159)(0.00396825, 0.456349)
				 (333, 246)(-0.0357143, -0.5)(-0.150794, -0.31746)(-0.238095, -0.0992063)(-0.218254, 0.0198413)(-0.146825, -0.0396825)(-0.142857, 0.186508)(-0.242063, 0.396825)(-0.146825, 0.448413)(-0.0793651, 0.444444)(0.015873, 0.353175)(0.0436508, 0.130952)(0.0515873, -0.0952381)(0.218254, -0.0198413)(0.174603, -0.126984)(0.0436508, -0.329365)
				 (333, 246)(-0.130952, -0.0952381)(-0.0912698, 0.34127)(0.0515873, -0.130952)(0.0277778, -0.337302)(-0.0992063, -0.369048)(-0.174603, -0.0992063)(-0.138889, 0.18254)(-0.146825, 0.440476)(0.15873, -0.142857)(-0.234127, 0.0555556)(-0.198413, 0)(-0.174603, -0.0912698)(-0.15873, 0.0357143)(-0.138889, 0.18254)(-0.234127, 0.47619)(-0.146825, 0.5)(-0.146825, 0.440476)(-0.0753968, 0.47619)(-0.0198413, 0.480159)(0.00396825, 0.456349)(0.25, 0.00793651)(0.15873, -0.142857)(0.0992063, -0.281746)(0.0753968, -0.31746)(0.0396825, -0.388889)(0.0119048, -0.492063)(-0.0357143, -0.5)(-0.0952381, -0.468254)
descriptor[i][.]=(328, 253)(-0.1, -0.5)(0.00769231, -0.5)(-0.146154, 0.5)(0.0153846, 0.5)
				 (328, 253)(-0.0496183, -0.5)(0.00381679, -0.5)(-0.0725191, 0.5)(0.00763359, 0.5)
				 (328, 253)(-0.0496183, -0.5)(-0.129771, -0.328244)(-0.20229, -0.137405)(-0.20229, 0.0343511)(-0.118321, -0.0725191)(-0.0839695, 0.125954)(-0.10687, 0.320611)(-0.0763359, 0.496183)(0.0152672, 0.416031)(0.0419847, 0.217557)(0.0687023, 0.019084)(0.110687, -0.114504)(0.248092, -0.0114504)(0.133588, -0.19084)(0.0458015, -0.366412)
				 (328, 253)(-0.118321, -0.0916031)(0.0610687, -0.122137)(-0.0877863, -0.374046)(-0.152672, -0.0992366)(0.0954198, -0.133588)(-0.206107, 0.0381679)(-0.152672, -0.0954198)(-0.122137, -0.0267176)(-0.0801527, 0.496183)(0.0267176, 0.496183)(0.0648855, -0.110687)(0.0954198, -0.133588)(0.225191, 0.0152672)(0.019084, -0.492366)(-0.0496183, -0.5)(-0.0954198, -0.412214)(-0.141221, -0.312977)
descriptor[i][.]=(326, 252)(-0.057377, -0.498084)(0, -0.498084)(-0.0983607, 0.490421)(0.057377, 0.501916)
				 (326, 252)(-0.0268199, -0.498084)(0, -0.498084)(-0.045977, 0.490421)(0.0268199, 0.501916)
				 (326, 252)(-0.0268199, -0.498084)(-0.118774, -0.329502)(-0.191571, -0.145594)(-0.203065, 0.0383142)(-0.111111, -0.0727969)(-0.0536398, 0.126437)(-0.0574713, 0.32567)(-0.0229885, 0.48659)(0.130268, 0.436782)(0.0574713, 0.260536)(0.0689655, 0.0613027)(0.091954, -0.118774)(0.226054, 0.0191571)(0.145594, -0.172414)(0.0498084, -0.340996)
				 (326, 252)(-0.111111, -0.0881226)(0.0651341, -0.10728)(-0.0881226, -0.356322)(-0.145594, -0.0957854)(-0.045977, 0.16092)(0.0574713, 0.287356)(0.0996169, -0.114943)(-0.145594, -0.091954)(-0.114943, -0.0229885)(-0.111111, 0.0191571)(-0.0498084, 0.157088)(-0.0651341, 0.478927)(0.0191571, 0.501916)(0.118774, 0.471264)(0.0613027, 0.291188)(0.0996169, -0.114943)(0.191571, 0.0229885)(-0.0268199, -0.498084)(-0.0689655, -0.467433)(-0.126437, -0.329502)
descriptor[i][.]=(335, 249)(-0.123188, -0.498024)(0.0217391, -0.462451)(-0.123188, 0.501976)(0.347826, 0.434783)
				 (335, 249)(-0.0671937, -0.498024)(0.0118577, -0.462451)(-0.0671937, 0.501976)(0.189723, 0.434783)
				 (335, 249)(-0.0671937, -0.498024)(-0.173913, -0.320158)(-0.241107, -0.114625)(-0.217391, 0.0474308)(-0.150198, 0.0158103)(-0.0790514, 0.225296)(-0.0869565, 0.438735)(0, 0.399209)(0.173913, 0.43083)(0.225296, 0.3083)(0.0711462, 0.185771)(0.0355731, -0.027668)(0.118577, 0.0434783)(0.0948617, -0.146245)(0.0118577, -0.332016)
				 (335, 249)(-0.0790514, 0.134387)(0.0197628, 0.367589)(0.027668, 0.083004)(-0.126482, -0.355731)(-0.166008, -0.0632411)(0.142292, 0.304348)(0.0355731, -0.0790514)(0.00395257, -0.343874)(-0.237154, 0.0592885)(-0.150198, 0.0316206)(-0.083004, 0.130435)(-0.0869565, 0.494071)(-0.0355731, 0.501976)(0.0869565, 0.438735)(0.114625, 0.44664)(0.189723, 0.434783)(0.272727, 0.312253)(0.150198, 0.304348)(0.0316206, 0.0869565)(0.0395257, -0.0434783)(0.110672, 0.0395257)(0.15415, 0)(0.0632411, -0.300395)(-0.00790514, -0.486166)(-0.0671937, -0.498024)(-0.106719, -0.466403)(-0.16996, -0.324111)
descriptor[i][.]=(341, 248)(-0.134228, -0.498024)(0.0469799, -0.3083)(-0.161074, 0.501976)(0.389262, 0.296443)
				 (341, 248)(-0.0790514, -0.498024)(0.027668, -0.3083)(-0.0948617, 0.501976)(0.229249, 0.296443)
				 (341, 248)(-0.0790514, -0.498024)(-0.166008, -0.339921)(-0.252964, -0.15415)(-0.284585, 0.0474308)(-0.181818, -0.00395257)(-0.102767, 0.185771)(-0.118577, 0.391304)(-0.0118577, 0.474308)(-0.0158103, 0.280632)(0.0790514, 0.233202)(0.245059, 0.264822)(0.213439, 0.189723)(0.055336, 0.0513834)(0.0671937, -0.142292)(-0.0118577, -0.324111)
				 (341, 248)(-0.110672, 0.0869565)(-0.00395257, 0.173913)(0.0513834, 0.0632411)(-0.150198, -0.359684)(-0.205534, -0.0434783)(0.197628, 0.185771)(-0.0158103, -0.332016)(-0.272727, 0.0632411)(-0.102767, 0.498024)(-0.0632411, 0.501976)(0.177866, 0.3083)(0.221344, 0.300395)(0.288538, 0.15415)(0.197628, 0.185771)(0.083004, 0.0316206)(0.0434783, -0.280632)(-0.00790514, -0.391304)(-0.0632411, -0.498024)(-0.130435, -0.478261)(-0.150198, -0.367589)(-0.197628, -0.320158)
descriptor[i][.]=(345, 248)(-0.202532, -0.498024)(0.00632911, -0.316206)(-0.177215, 0.501976)(0.398734, 0.237154)
				 (345, 248)(-0.126482, -0.498024)(0.00395257, -0.316206)(-0.110672, 0.501976)(0.249012, 0.237154)
				 (345, 248)(-0.126482, -0.498024)(-0.205534, -0.320158)(-0.27668, -0.126482)(-0.280632, 0.0671937)(-0.189723, 0.0158103)(-0.12253, 0.201581)(-0.150198, 0.403162)(-0.0513834, 0.450593)(-0.027668, 0.249012)(0.0790514, 0.177866)(0.252964, 0.225296)(0.229249, 0.12253)(0.0632411, 0.027668)(0.0474308, -0.166008)(-0.0316206, -0.351779)
				 (345, 248)(-0.126482, 0.0750988)(-0.0118577, 0.134387)(0.0632411, 0.0513834)(-0.158103, -0.379447)(-0.221344, -0.0434783)(0.201581, 0.134387)(-0.0316206, -0.339921)(-0.280632, 0.0671937)(-0.150198, 0.403162)(-0.118577, 0.498024)(-0.0632411, 0.490119)(0.177866, 0.245059)(0.241107, 0.241107)(0.312253, 0.13834)(0.201581, 0.134387)(0.00790514, -0.312253)(-0.0592885, -0.486166)(-0.118577, -0.498024)(-0.150198, -0.486166)(-0.166008, -0.407115)(-0.233202, -0.284585)
descriptor[i][.]=(349, 249)(-0.191617, -0.498024)(0.491018, -0.00790514)(-0.185629, 0.498024)(0.502994, 0.0237154)
				 (349, 249)(-0.126482, -0.498024)(0.324111, -0.00790514)(-0.12253, 0.498024)(0.332016, 0.0237154)
				 (349, 249)(-0.126482, -0.498024)(-0.225296, -0.328063)(-0.29249, -0.130435)(-0.300395, 0.0632411)(-0.197628, 0.0197628)(-0.13834, 0.197628)(-0.150198, 0.403162)(-0.0632411, 0.426877)(-0.0434783, 0.221344)(0.0316206, 0.0750988)(0.229249, 0.150198)(0.3083, -0.0118577)(0.114625, 0.0158103)(0.0237154, -0.16996)(-0.0513834, -0.351779)
				 (349, 249)(-0.142292, 0.0632411)(-0.0237154, 0.0711462)(0.0671937, -0.0118577)(-0.177866, -0.371542)(-0.237154, -0.0434783)(0.209486, 0.0395257)(-0.0513834, -0.339921)(-0.288538, 0.0632411)(-0.201581, 0.0158103)(-0.130435, 0.494071)(-0.0948617, 0.501976)(0.252964, 0.142292)(0.332016, 0.0237154)(0.284585, -0.0118577)(0.209486, 0.0395257)(0.0671937, -0.0118577)(-0.00395257, -0.3083)(-0.0711462, -0.482213)(-0.126482, -0.498024)(-0.181818, -0.387352)(-0.233202, -0.324111)
descriptor[i][.]=(350, 250)(-0.182353, -0.5)(0.5, -0.0396825)(-0.194118, 0.5)(0.411765, 0.0992063)
				 (350, 250)(-0.123016, -0.5)(0.337302, -0.0396825)(-0.130952, 0.5)(0.277778, 0.0992063)
				 (350, 250)(-0.123016, -0.5)(-0.222222, -0.333333)(-0.297619, -0.142857)(-0.321429, 0.0555556)(-0.214286, -0.00793651)(-0.142857, 0.18254)(-0.15873, 0.388889)(-0.0793651, 0.444444)(-0.0436508, 0.234127)(-0.00396825, 0.0396825)(0.206349, 0.103175)(0.337302, -0.0277778)(0.162698, -0.00793651)(0.031746, -0.142857)(-0.0436508, -0.333333)
				 (350, 250)(-0.150794, 0.0515873)(-0.0238095, 0.047619)(0.0753968, -0.0238095)(-0.174603, -0.373016)(-0.242063, -0.0595238)(0.214286, 0.00396825)(-0.0595238, -0.353175)(-0.31746, 0.0595238)(-0.138889, 0.496032)(-0.103175, 0.5)(-0.0238095, 0.0515873)(0.265873, 0.107143)(0.337302, -0.0198413)(0.277778, -0.0555556)(0.214286, 0.00396825)(0.0753968, -0.0238095)(0.00396825, -0.285714)(-0.0436508, -0.440476)(-0.0753968, -0.484127)(-0.123016, -0.5)(-0.186508, -0.436508)(-0.178571, -0.384921)(-0.234127, -0.329365)(-0.253968, -0.301587)
descriptor[i][.]=(349, 250)(-0.197674, -0.496032)(0.5, -0.0833333)(-0.186047, 0.5)(0.412791, 0.0634921)
				 (349, 250)(-0.134921, -0.496032)(0.34127, -0.0833333)(-0.126984, 0.5)(0.281746, 0.0634921)
				 (349, 250)(-0.119048, -0.5)(-0.214286, -0.333333)(-0.297619, -0.138889)(-0.309524, 0.0555556)(-0.218254, -0.0198413)(-0.134921, 0.170635)(-0.146825, 0.376984)(-0.0753968, 0.460317)(-0.0555556, 0.293651)(-0.0238095, 0.0833333)(0.146825, 0.0714286)(0.321429, -0.00793651)(0.218254, -0.0277778)(0.047619, -0.130952)(-0.0396825, -0.325397)
				 (349, 250)(-0.146825, 0.0515873)(-0.015873, 0.0357143)(0.0952381, -0.0515873)(-0.174603, -0.373016)(-0.242063, -0.0674603)(0.214286, -0.0238095)(-0.0555556, -0.345238)(-0.293651, 0.0595238)(-0.202381, 0.0119048)(-0.134921, 0.496032)(-0.0952381, 0.5)(-0.015873, 0.0396825)(0.265873, 0.0753968)(0.325397, -0.0952381)(0.214286, -0.0238095)(0.0992063, -0.0515873)(0.0119048, -0.277778)(-0.00396825, -0.305556)(-0.0555556, -0.345238)(-0.047619, -0.400794)(-0.0674603, -0.484127)(-0.119048, -0.5)(-0.178571, -0.460317)(-0.186508, -0.40873)(-0.230159, -0.325397)
descriptor[i][.]=(348, 249)(-0.192982, -0.498008)(0.502924, -0.0836653)(-0.175439, 0.501992)(0.415205, 0.0756972)
				 (348, 249)(-0.131474, -0.498008)(0.342629, -0.0836653)(-0.119522, 0.501992)(0.282869, 0.0756972)
				 (348, 249)(-0.131474, -0.498008)(-0.219124, -0.322709)(-0.302789, -0.12749)(-0.290837, 0.059761)(-0.211155, -0.00796813)(-0.131474, 0.171315)(-0.143426, 0.38247)(-0.0717131, 0.458167)(-0.0358566, 0.25498)(-0.0119522, 0.0438247)(0.191235, 0.0756972)(0.334661, -0.0358566)(0.199203, -0.0278884)(0.0438247, -0.155378)(-0.0557769, -0.334661)
				 (348, 249)(-0.139442, 0.059761)(-0.0119522, 0.0398406)(0.115538, -0.0398406)(-0.175299, -0.36255)(-0.239044, -0.0677291)(0.223108, -0.0199203)(-0.059761, -0.338645)(-0.12749, 0.498008)(-0.0756972, 0.49004)(-0.0119522, 0.0438247)(0.247012, 0.0876494)(0.342629, -0.0836653)(0.223108, -0.0199203)(0.123506, -0.0398406)(0.0159363, -0.2749)(0, -0.302789)(-0.0677291, -0.482072)(-0.115538, -0.498008)(-0.167331, -0.47012)(-0.227092, -0.318725)(-0.298805, -0.14741)
descriptor[i][.]=(347, 250)(-0.176471, -0.5)(0.5, -0.04)(-0.176471, 0.5)(0.482353, 0.016)
				 (347, 250)(-0.12, -0.5)(0.34, -0.04)(-0.12, 0.5)(0.328, 0.016)
				 (347, 250)(-0.12, -0.5)(-0.212, -0.332)(-0.304, -0.136)(-0.3, 0.044)(-0.208, -0.016)(-0.124, 0.172)(-0.144, 0.376)(-0.068, 0.464)(-0.036, 0.26)(-0.016, 0.056)(0.18, 0.104)(0.332, 0.004)(0.212, 0.004)(0.068, -0.144)(-0.032, -0.34)
				 (347, 250)(-0.136, 0.056)(-0.012, 0.048)(0.14, -0.02)(-0.176, -0.384)(-0.236, -0.08)(0.212, 0.004)(-0.048, -0.356)(-0.3, 0.044)(-0.216, -0.028)(-0.184, 0.024)(-0.128, 0.496)(-0.072, 0.488)(-0.012, 0.052)(0.26, 0.112)(0.324, -0.064)(0.212, 0.004)(0.14, -0.02)(0.136, -0.056)(-0.036, -0.428)(-0.072, -0.488)(-0.112, -0.5)(-0.144, -0.492)(-0.176, -0.384)
descriptor[i][.]=(346, 250)(-0.183432, -0.498008)(0.502959, -0.0199203)(-0.171598, 0.501992)(0.491124, 0.0278884)
				 (346, 250)(-0.123506, -0.498008)(0.338645, -0.0199203)(-0.115538, 0.501992)(0.330677, 0.0278884)
				 (346, 250)(-0.123506, -0.498008)(-0.219124, -0.322709)(-0.298805, -0.12749)(-0.290837, 0.0358566)(-0.191235, 0.00796813)(-0.123506, 0.191235)(-0.155378, 0.390438)(-0.063745, 0.462151)(-0.0358566, 0.266932)(-0.00398406, 0.063745)(0.199203, 0.131474)(0.334661, 0.00398406)(0.167331, 0.0159363)(0.0717131, -0.171315)(-0.0438247, -0.338645)
				 (346, 250)(-0.131474, 0.0557769)(-0.00796813, 0.0677291)(0.155378, 0.00796813)(-0.23506, -0.0677291)(0.219124, 0.0239044)(-0.0438247, -0.338645)(-0.326693, 0.0358566)(-0.294821, 0.0398406)(-0.187251, 0.0159363)(-0.155378, 0.390438)(-0.123506, 0.498008)(-0.0836653, 0.498008)(-0.00796813, 0.0717131)(0.143426, 0.119522)(0.243028, 0.139442)(0.322709, 0.0438247)(0.338645, -0.0199203)(0.298805, -0.0318725)(0.223108, 0.0199203)(0.155378, 0.00796813)(0.0199203, -0.294821)(-0.0398406, -0.426295)(-0.0876494, -0.494024)
descriptor[i][.]=(342, 250)(-0.173913, -0.5)(0, -0.332)(-0.15528, 0.5)(0.503106, 0.096)
				 (342, 250)(-0.112, -0.5)(0, -0.332)(-0.1, 0.5)(0.324, 0.096)
				 (342, 250)(-0.112, -0.5)(-0.216, -0.308)(-0.308, -0.088)(-0.256, -0.04)(-0.116, 0.068)(-0.112, 0.3)(-0.072, 0.492)(-0.024, 0.284)(0.06, 0.124)(0.264, 0.156)(0.224, 0.084)(0.012, -0.044)(0.096, -0.048)(0.116, -0.128)(-0.008, -0.332)
				 (342, 250)(-0.116, 0.06)(0.004, 0.112)(0.004, -0.048)(-0.22, -0.08)(0.208, 0.088)(0.02, -0.14)(-0.028, -0.34)(-0.3, 0.036)(-0.16, 0.028)(-0.124, 0.392)(-0.108, 0.496)(-0.052, 0.488)(0.004, 0.116)(0.236, 0.2)(0.32, 0.108)(0.32, 0.048)(0.208, 0.088)(0.048, -0.024)(0.156, 0)(0.18, -0.04)(0.036, -0.3)(-0.04, -0.472)(-0.068, -0.496)
descriptor[i][.]=(340, 250)(-0.149068, -0.5)(0.298137, -0.0198413)(-0.0869565, 0.5)(0.503106, 0.115079)
				 (340, 250)(-0.0952381, -0.5)(0.190476, -0.0198413)(-0.0555556, 0.5)(0.321429, 0.115079)
				 (340, 250)(-0.0952381, -0.5)(-0.210317, -0.301587)(-0.293651, -0.0753968)(-0.238095, -0.0595238)(-0.142857, 0.0396825)(-0.103175, 0.253968)(-0.107143, 0.472222)(-0.0198413, 0.333333)(0.0436508, 0.134921)(0.246032, 0.206349)(0.214286, 0.115079)(0.015873, -0.0357143)(0.103175, -0.0515873)(0.134921, -0.119048)(0.00793651, -0.325397)
				 (340, 250)(-0.107143, 0.0595238)(0.00793651, 0.130952)(0.015873, -0.031746)(-0.150794, -0.361111)(-0.198413, -0.115079)(0.194444, 0.115079)(0.0238095, -0.150794)(-0.285714, 0.0396825)(-0.18254, -0.0198413)(-0.15873, 0.0238095)(-0.126984, 0.456349)(-0.0992063, 0.488095)(-0.0555556, 0.5)(0.142857, 0.218254)(0.202381, 0.238095)(0.321429, 0.115079)(0.297619, 0.0793651)(0.194444, 0.115079)(0.0238095, -0.0277778)(0.162698, 0.00396825)(0.186508, -0.0396825)(-0.0396825, -0.484127)(-0.0912698, -0.5)(-0.150794, -0.380952)(-0.198413, -0.321429)
descriptor[i][.]=(333, 248)(-0.0816327, -0.498008)(0.0340136, -0.430279)(-0.108844, 0.501992)(0.00680272, 0.442231)
				 (333, 248)(-0.0478088, -0.498008)(0.0199203, -0.430279)(-0.063745, 0.501992)(0.00398406, 0.442231)
				 (333, 248)(-0.0478088, -0.498008)(-0.167331, -0.314741)(-0.266932, -0.0876494)(-0.219124, -0.0278884)(-0.119522, 0.0478088)(-0.0717131, 0.262948)(-0.0876494, 0.49004)(0.00796813, 0.346614)(0.103586, 0.262948)(0.286853, 0.239044)(0.12749, 0.143426)(0.0398406, -0.0717131)(0.167331, -0.0119522)(0.163347, -0.111554)(0.0398406, -0.322709)
				 (333, 248)(-0.0756972, 0.0796813)(0.0239044, 0.207171)(0.0398406, 0.0119522)(0, -0.334661)(-0.175299, -0.0956175)(0.191235, 0.203187)(0.0557769, -0.139442)(-0.262948, 0.0398406)(-0.0756972, 0.0796813)(-0.063745, 0.501992)(-0.0119522, 0.494024)(0.163347, 0.330677)(0.286853, 0.239044)(0.294821, 0.195219)(0.175299, 0.0318725)(0.059761, -0.318725)(0.0199203, -0.418327)(-0.00796813, -0.482072)(-0.0717131, -0.494024)
descriptor[i][.]=(328, 249)(-0.122302, -0.498024)(0.0215827, -0.478261)(-0.0647482, 0.501976)(0.00719424, 0.474308)
				 (328, 249)(-0.0671937, -0.498024)(0.0118577, -0.478261)(-0.0355731, 0.501976)(0.00395257, 0.474308)
				 (328, 249)(-0.0671937, -0.498024)(-0.166008, -0.280632)(-0.26087, -0.0513834)(-0.173913, -0.0869565)(-0.134387, -0.00790514)(-0.055336, 0.205534)(-0.0671937, 0.442688)(0.0237154, 0.383399)(0.110672, 0.324111)(0.27668, 0.264822)(0.102767, 0.146245)(0.0592885, -0.083004)(0.189723, 0.00395257)(0.166008, -0.130435)(0.0395257, -0.332016)
				 (328, 249)(-0.114625, -0.142292)(0.0434783, 0.249012)(0.0632411, 0.0474308)(0.0237154, -0.347826)(-0.150198, -0.150198)(-0.0513834, 0.12253)(0.193676, 0.245059)(0.0750988, -0.13834)(-0.245059, 0.0355731)(-0.150198, -0.146245)(-0.13834, -0.0513834)(-0.055336, 0.118577)(-0.0750988, 0.458498)(-0.0513834, 0.494071)(0.12253, 0.363636)(0.185771, 0.375494)(0.27668, 0.237154)(0.193676, 0.245059)(0.0632411, 0.0474308)(0.193676, 0.0316206)(0.083004, -0.320158)(0.0434783, -0.411067)(0.0118577, -0.478261)(-0.0671937, -0.498024)
descriptor[i][.]=(323, 249)(-0.0714286, -0.498024)(0.031746, -0.498024)(-0.047619, 0.501976)(0.015873, 0.501976)
				 (323, 249)(-0.0355731, -0.498024)(0.0158103, -0.498024)(-0.0237154, 0.501976)(0.00790514, 0.501976)
				 (323, 249)(-0.0355731, -0.498024)(-0.126482, -0.316206)(-0.213439, -0.114625)(-0.201581, -0.0118577)(-0.110672, -0.0474308)(-0.0355731, 0.15415)(-0.0434783, 0.359684)(0.027668, 0.478261)(0.197628, 0.407115)(0.118577, 0.268775)(0.083004, 0.0632411)(0.114625, -0.114625)(0.249012, 0.027668)(0.158103, -0.177866)(0.0474308, -0.339921)
				 (323, 249)(-0.106719, -0.106719)(0.0355731, 0.438735)(0.0790514, -0.106719)(0.0474308, -0.339921)(-0.142292, -0.114625)(-0.0316206, 0.162055)(0.0750988, 0.181818)(0.114625, -0.114625)(-0.233202, 0.0237154)(-0.146245, -0.0988142)(-0.106719, -0.106719)(-0.0355731, 0.158103)(-0.0474308, 0.474308)(0.00790514, 0.501976)(0.0988142, 0.466403)(0.221344, 0.387352)(0.233202, 0.332016)(0.114625, -0.114625)(0.209486, 0.0395257)(0.126482, -0.29249)(0.0988142, -0.324111)(0.0592885, -0.44664)(0.0237154, -0.494071)(-0.0355731, -0.498024)(-0.0671937, -0.462451)
descriptor[i][.]=(322, 249)(-0.0241935, -0.498024)(0.0403226, -0.498024)(-0.0403226, 0.494071)(0.0322581, 0.501976)
				 (322, 249)(-0.0118577, -0.498024)(0.0197628, -0.498024)(-0.0197628, 0.494071)(0.0158103, 0.501976)
				 (322, 249)(-0.0118577, -0.498024)(-0.106719, -0.324111)(-0.205534, -0.13834)(-0.197628, 0.027668)(-0.106719, -0.0632411)(-0.0592885, 0.134387)(-0.0434783, 0.339921)(0.0118577, 0.501976)(0.189723, 0.426877)(0.083004, 0.27668)(0.083004, 0.0790514)(0.126482, -0.0909091)(0.245059, 0.0316206)(0.16996, -0.162055)(0.0711462, -0.339921)
				 (322, 249)(-0.106719, -0.0909091)(0.0869565, -0.0711462)(0.0671937, -0.347826)(-0.15415, -0.0869565)(-0.0237154, 0.280632)(0.0632411, 0.221344)(0.130435, -0.0869565)(-0.217391, 0.0316206)(-0.15415, -0.083004)(-0.102767, 0.0237154)(-0.0316206, 0.268775)(-0.0592885, 0.458498)(0.0118577, 0.501976)(0.0750988, 0.233202)(0.130435, -0.0869565)(0.205534, 0.0513834)(0.134387, -0.288538)(0.106719, -0.324111)(0.0790514, -0.395257)(0.0513834, -0.478261)(-0.0118577, -0.498024)(-0.055336, -0.462451)
descriptor[i][.]=(320, 251)(-0.0840336, -0.466926)(0.0756303, -0.498054)(-0.092437, 0.501946)(0.0756303, 0.501946)
				 (320, 251)(-0.0389105, -0.466926)(0.0350195, -0.498054)(-0.0428016, 0.501946)(0.0350195, 0.501946)
				 (320, 251)(0.0155642, -0.498054)(-0.0700389, -0.346304)(-0.171206, -0.175097)(-0.210117, 0.0077821)(-0.0933852, -0.0700389)(-0.077821, 0.120623)(-0.07393, 0.315175)(-0.0389105, 0.501946)(0.0894942, 0.428016)(0.0583658, 0.280156)(0.0894942, 0.0894942)(0.136187, -0.0622568)(0.233463, 0.0233463)(0.171206, -0.167315)(0.0894942, -0.33463)
				 (320, 251)(-0.0972763, -0.0933852)(0.0972763, -0.0583658)(0.0817121, -0.346304)(-0.136187, -0.0972763)(0.0389105, 0.416342)(0.190661, -0.00389105)(-0.214008, 0.0077821)(-0.136187, -0.0933852)(-0.105058, -0.0194553)(-0.0544747, 0.494163)(0.0583658, 0.498054)(0.105058, 0.431907)(0.101167, -0.0428016)(0.18677, 0.0544747)(0.14786, -0.291829)(0.124514, -0.319066)(0.0622568, -0.48249)(-0.0389105, -0.466926)
descriptor[i][.]=(319, 253)(-0.059322, -0.473282)(0.0508475, -0.5)(-0.118644, 0.5)(0.0508475, 0.496183)
				 (319, 253)(-0.0267176, -0.473282)(0.0229008, -0.5)(-0.0534351, 0.5)(0.0229008, 0.496183)
				 (319, 253)(0.0114504, -0.5)(-0.0725191, -0.343511)(-0.164122, -0.175573)(-0.206107, -0.00381679)(-0.0839695, -0.0839695)(-0.0839695, 0.103053)(-0.0916031, 0.290076)(-0.0877863, 0.469466)(0.0572519, 0.450382)(0.0610687, 0.270992)(0.0916031, 0.0839695)(0.137405, -0.0648855)(0.225191, 0)(0.167939, -0.187023)(0.103053, -0.354962)
				 (319, 253)(-0.0839695, -0.0839695)(0.103053, -0.0610687)(0.103053, -0.343511)(-0.122137, -0.110687)(0.137405, -0.0687023)(-0.171756, -0.0114504)(-0.10687, 0.301527)(-0.0610687, 0.496183)(0.0229008, 0.496183)(0.137405, -0.0687023)(0.19084, 0.0458015)(0.0725191, -0.477099)(0.0229008, -0.5)(-0.0267176, -0.473282)
descriptor[i][.]=(320, 252)(-0.0173913, -0.486692)(0.104348, -0.498099)(-0.130435, 0.501901)(0.0869565, 0.471483)
				 (320, 252)(-0.00760456, -0.486692)(0.0456274, -0.498099)(-0.0570342, 0.501901)(0.0380228, 0.471483)
				 (320, 252)(0.0304183, -0.498099)(-0.0380228, -0.357414)(-0.144487, -0.209125)(-0.21673, -0.0304183)(-0.110266, -0.102662)(-0.102662, 0.0760456)(-0.110266, 0.262357)(-0.13308, 0.448669)(0.0304183, 0.471483)(0.0608365, 0.296578)(0.0836502, 0.110266)(0.121673, -0.0608365)(0.220532, 0.026616)(0.1673, -0.159696)(0.106464, -0.330798)
				 (320, 252)(-0.0874525, -0.0798479)(0.0988593, -0.0494297)(0.0836502, -0.357414)(-0.0190114, -0.372624)(-0.125475, -0.102662)(0.171103, -0.0114068)(-0.197719, 0.00380228)(-0.13308, 0.448669)(-0.0646388, 0.498099)(0.0380228, 0.471483)(0.171103, -0.0114068)(0.178707, 0.0532319)(0.0532319, -0.494297)(-0.0152091, -0.48289)(-0.0380228, -0.429658)
descriptor[i][.]=(322, 248)(-0.00892857, -0.492188)(0.116071, -0.5)(-0.383929, 0.484375)(0.0535714, 0.5)
				 (322, 248)(-0.00390625, -0.492188)(0.0507813, -0.5)(-0.167969, 0.484375)(0.0234375, 0.5)
				 (322, 248)(0.0234375, -0.5)(-0.0664063, -0.335938)(-0.179688, -0.148438)(-0.160156, -0.0273438)(-0.128906, 0.0273438)(-0.152344, 0.234375)(-0.195313, 0.445313)(-0.109375, 0.433594)(-0.046875, 0.414063)(0.046875, 0.429688)(0.0585938, 0.21875)(0.09375, 0.0078125)(0.207031, 0.0585938)(0.160156, -0.152344)(0.09375, -0.339844)
				 (322, 248)(-0.101563, -0.078125)(-0.0585938, 0.328125)(0.0976563, -0.0195313)(0.0742188, -0.367188)(-0.0234375, -0.378906)(-0.113281, 0.441406)(0.164063, 0.0117188)(-0.195313, 0.0078125)(-0.199219, 0.441406)(-0.175781, 0.480469)(-0.078125, 0.492188)(-0.113281, 0.441406)(-0.09375, 0.417969)(-0.0273438, 0.496094)(0.0234375, 0.5)(0.0976563, -0.0117188)(0.167969, 0.0703125)(0.214844, 0.046875)(0.140625, -0.3125)(0.101563, -0.414063)(0.0585938, -0.496094)(-0.00390625, -0.492188)(-0.03125, -0.46875)(-0.0390625, -0.429688)(-0.0976563, -0.320313)
descriptor[i][.]=(320, 248)(-0.026087, -0.476563)(0.13913, -0.5)(-0.434783, 0.484375)(0.0869565, 0.5)
				 (320, 248)(-0.0117188, -0.476563)(0.0625, -0.5)(-0.195313, 0.484375)(0.0390625, 0.5)
				 (320, 248)(0.03125, -0.5)(-0.078125, -0.328125)(-0.179688, -0.121094)(-0.128906, -0.0585938)(-0.125, 0.0820313)(-0.183594, 0.308594)(-0.15625, 0.484375)(-0.0820313, 0.28125)(-0.0273438, 0.339844)(0.046875, 0.492188)(0.0703125, 0.265625)(0.101563, 0.0429688)(0.191406, 0.0742188)(0.171875, -0.140625)(0.101563, -0.328125)
				 (320, 248)(-0.09375, -0.0625)(-0.0390625, 0.207031)(0.105469, -0.0195313)(0.0859375, -0.339844)(-0.0234375, -0.367188)(0.171875, 0.0117188)(-0.09375, -0.0625)(-0.210938, 0.464844)(-0.144531, 0.484375)(-0.0429688, 0.453125)(-0.0195313, 0.488281)(0.03125, 0.5)(0.105469, -0.0117188)(0.167969, 0.0664063)(0.226563, 0.0234375)(0.152344, -0.316406)(0.105469, -0.449219)(0.0703125, -0.496094)(0.015625, -0.496094)(-0.0273438, -0.441406)(-0.0234375, -0.367188)(-0.0898438, -0.320313)(-0.195313, -0.0859375)
descriptor[i][.]=(314, 248)(-0.0314961, -0.363281)(0.181102, -0.5)(-0.472441, 0.453125)(0.0944882, 0.5)
				 (314, 248)(-0.015625, -0.363281)(0.0898438, -0.5)(-0.234375, 0.453125)(0.046875, 0.5)
				 (314, 248)(0.046875, -0.5)(-0.0585938, -0.328125)(-0.148438, -0.128906)(-0.109375, 0.046875)(-0.1875, 0.25)(-0.230469, 0.453125)(-0.109375, 0.3125)(0, 0.195313)(-0.0117188, 0.40625)(0.0742188, 0.421875)(0.09375, 0.210938)(0.125, 0)(0.238281, 0.0625)(0.199219, -0.152344)(0.132813, -0.339844)
				 (314, 248)(-0.113281, 0.0898438)(-0.015625, 0.15625)(0.125, -0.0078125)(0.132813, -0.339844)(0.0078125, -0.378906)(-0.109375, 0.0078125)(0.167969, -0.03125)(-0.113281, 0.0898438)(-0.242188, 0.371094)(-0.242188, 0.4375)(-0.183594, 0.46875)(-0.00390625, 0.484375)(0.046875, 0.5)(0.167969, -0.03125)(0.199219, 0.0703125)(0.246094, 0.046875)(0.179688, -0.308594)(0.132813, -0.339844)(0.128906, -0.46875)(0.0976563, -0.496094)(0.046875, -0.5)(0.0078125, -0.378906)(-0.164063, -0.0976563)
descriptor[i][.]=(309, 247)(-0.0359712, -0.338521)(0.194245, -0.498054)(-0.47482, 0.431907)(0.158273, 0.501946)
				 (309, 247)(-0.0194553, -0.338521)(0.105058, -0.498054)(-0.256809, 0.431907)(0.0856031, 0.501946)
				 (309, 247)(0.0817121, -0.498054)(-0.0311284, -0.326848)(-0.128405, -0.120623)(-0.101167, 0.077821)(-0.214008, 0.29572)(-0.194553, 0.435798)(-0.0817121, 0.241245)(0.0233463, 0.178988)(0, 0.400778)(0.0817121, 0.455253)(0.105058, 0.233463)(0.143969, 0.0194553)(0.229572, 0.077821)(0.233463, -0.108949)(0.182879, -0.319066)
				 (309, 247)(0.00389105, 0.11284)(0.151751, -0.0272374)(0.159533, -0.33463)(0.0233463, -0.361868)(-0.0933852, 0.0583658)(0.225681, 0.0077821)(-0.249027, 0.435798)(-0.190661, 0.435798)(0, 0.396887)(0.0155642, 0.498054)(0.0856031, 0.501946)(0.151751, -0.0155642)(0.22179, 0.07393)(0.256809, 0.077821)(0.202335, -0.311284)(0.159533, -0.33463)(0.136187, -0.474708)(0.0817121, -0.498054)(0.0428016, -0.48249)(0.0155642, -0.412451)(0.0233463, -0.361868)(-0.14786, -0.0428016)(-0.0933852, 0.0583658)(-0.2607, 0.354086)
descriptor[i][.]=(309, 247)(-0.0544218, -0.325581)(0.183673, -0.5)(-0.469388, 0.410853)(0.142857, 0.5)
				 (309, 247)(-0.0310078, -0.325581)(0.104651, -0.5)(-0.267442, 0.410853)(0.0813953, 0.5)
				 (309, 247)(0.0852713, -0.5)(-0.0193798, -0.333333)(-0.120155, -0.131783)(-0.108527, 0.0697674)(-0.22093, 0.271318)(-0.205426, 0.395349)(-0.0736434, 0.205426)(0.0155039, 0.205426)(0.00775194, 0.418605)(0.0968992, 0.422481)(0.112403, 0.209302)(0.147287, -0.00387597)(0.248062, 0.0736434)(0.232558, -0.120155)(0.178295, -0.317829)
				 (309, 247)(-0.100775, 0.0581395)(0.00387597, 0.108527)(0.151163, -0.0310078)(0.143411, -0.360465)(0.0116279, -0.356589)(0.197674, -0.0387597)(-0.27907, 0.348837)(-0.267442, 0.410853)(-0.232558, 0.418605)(0.00387597, 0.457364)(0.0232558, 0.488372)(0.0658915, 0.5)(0.151163, -0.0155039)(0.197674, -0.0387597)(0.236434, 0.0697674)(0.205426, -0.302326)(0.112403, -0.496124)(0.0658915, -0.496124)(0.0232558, -0.434109)(0.0116279, -0.356589)
descriptor[i][.]=(310, 247)(-0.0519481, -0.333333)(0.168831, -0.5)(-0.493506, 0.387597)(0.12987, 0.5)
				 (310, 247)(-0.0310078, -0.333333)(0.100775, -0.5)(-0.294574, 0.387597)(0.0775194, 0.5)
				 (310, 247)(0.0852713, -0.5)(-0.0348837, -0.329457)(-0.124031, -0.120155)(-0.127907, 0.0852713)(-0.251938, 0.286822)(-0.213178, 0.341085)(-0.0465116, 0.147287)(0.0155039, 0.224806)(0.00775194, 0.44186)(0.0930233, 0.387597)(0.108527, 0.170543)(0.151163, -0.0465116)(0.255814, 0.0581395)(0.24031, -0.124031)(0.170543, -0.317829)
				 (310, 247)(-0.112403, 0.0581395)(0, 0.0852713)(0.151163, -0.0775194)(0.151163, -0.333333)(0.00387597, -0.364341)(0.186047, -0.0852713)(-0.112403, 0.0581395)(-0.29845, 0.383721)(-0.255814, 0.391473)(0.0193798, 0.488372)(0.0658915, 0.5)(0.186047, -0.0852713)(0.255814, 0.0620155)(0.205426, -0.302326)(0.151163, -0.333333)(0.143411, -0.46124)(0.0542636, -0.492248)(0.00387597, -0.368217)
descriptor[i][.]=(311, 246)(-0.0621118, -0.328185)(0.161491, -0.494208)(-0.47205, 0.378378)(0.118012, 0.501931)
				 (311, 246)(-0.03861, -0.328185)(0.100386, -0.494208)(-0.293436, 0.378378)(0.0733591, 0.501931)
				 (311, 246)(0.0656371, -0.498069)(-0.046332, -0.312741)(-0.135135, -0.104247)(-0.142857, 0.0965251)(-0.266409, 0.285714)(-0.200772, 0.30888)(-0.03861, 0.127413)(0.00772201, 0.274131)(0.019305, 0.490347)(0.0926641, 0.351351)(0.123552, 0.131274)(0.146718, -0.0888031)(0.266409, 0.0540541)(0.239382, -0.131274)(0.15444, -0.328185)
				 (311, 246)(-0.111969, 0.0501931)(0, 0.104247)(0.146718, -0.0965251)(0.127413, -0.355212)(0.003861, -0.362934)(0.185328, -0.100386)(-0.111969, 0.0501931)(-0.30888, 0.335907)(0.019305, 0.498069)(0.0733591, 0.501931)(0.185328, -0.100386)(0.258687, 0.0501931)(0.305019, 0.042471)(0.200772, -0.297297)(0.138996, -0.455598)(0.11583, -0.486486)(0.0694981, -0.498069)(0.023166, -0.471042)(-0.03861, -0.328185)
descriptor[i][.]=(311, 246)(-0.0372671, -0.339768)(0.149068, -0.498069)(-0.465839, 0.382239)(0.118012, 0.501931)
				 (311, 246)(-0.023166, -0.339768)(0.0926641, -0.498069)(-0.289575, 0.382239)(0.0733591, 0.501931)
				 (311, 246)(0.0579151, -0.498069)(-0.046332, -0.316602)(-0.131274, -0.108108)(-0.138996, 0.0965251)(-0.266409, 0.281853)(-0.212355, 0.316602)(-0.046332, 0.135135)(0.011583, 0.262548)(0.015444, 0.482625)(0.0965251, 0.34749)(0.119691, 0.127413)(0.142857, -0.0926641)(0.27027, 0.046332)(0.247104, -0.127413)(0.15444, -0.328185)
				 (311, 246)(-0.11583, 0.0540541)(0, 0.100386)(0.146718, -0.111969)(0.138996, -0.339768)(0.015444, -0.366795)(0.189189, -0.100386)(-0.158301, -0.003861)(-0.11583, 0.0540541)(-0.289575, 0.382239)(-0.258687, 0.3861)(0.0733591, 0.501931)(0.189189, -0.100386)(0.274131, 0.0501931)(0.19305, -0.30888)(0.138996, -0.455598)(0.11583, -0.482625)(0.0579151, -0.498069)(0.019305, -0.471042)(-0.023166, -0.339768)
descriptor[i][.]=(315, 246)(-0.0125, -0.446154)(0.08125, -0.5)(-0.475, 0.392308)(0.0875, 0.5)
				 (315, 246)(-0.00769231, -0.446154)(0.05, -0.5)(-0.292308, 0.392308)(0.0538462, 0.5)
				 (315, 246)(0.0423077, -0.5)(-0.0576923, -0.323077)(-0.15, -0.119231)(-0.146154, 0.0769231)(-0.257692, 0.273077)(-0.219231, 0.35)(-0.0615385, 0.146154)(-0.00769231, 0.269231)(0, 0.496154)(0.0807692, 0.338462)(0.103846, 0.115385)(0.126923, -0.111538)(0.273077, 0.0384615)(0.226923, -0.142308)(0.123077, -0.319231)
				 (315, 246)(-0.130769, 0.0615385)(-0.0153846, 0.107692)(0.130769, -0.123077)(0.111538, -0.330769)(0.00384615, -0.365385)(0.161538, -0.123077)(-0.184615, 0.00384615)(-0.3, 0.319231)(-0.3, 0.384615)(-0.253846, 0.4)(0, 0.496154)(0.0538462, 0.5)(0.130769, -0.119231)(0.161538, -0.123077)(0.273077, 0.0423077)(0.180769, -0.303846)(0.126923, -0.434615)(0.0923077, -0.484615)(0.0423077, -0.5)(-0.0115385, -0.415385)
descriptor[i][.]=(316, 247)(-0.00632911, -0.48062)(0.120253, -0.5)(-0.00632911, 0.496124)(0.0886076, 0.5)
				 (316, 247)(-0.00387597, -0.48062)(0.0736434, -0.5)(-0.00387597, 0.496124)(0.0542636, 0.5)
				 (316, 247)(0.0310078, -0.5)(-0.0658915, -0.325581)(-0.162791, -0.116279)(-0.143411, 0.0775194)(-0.263566, 0.290698)(-0.217054, 0.356589)(-0.0697674, 0.155039)(-0.0116279, 0.25969)(-0.00387597, 0.488372)(0.0736434, 0.348837)(0.100775, 0.124031)(0.124031, -0.100775)(0.271318, 0.0271318)(0.228682, -0.135659)(0.124031, -0.329457)
				 (316, 247)(-0.131783, 0.0581395)(-0.0155039, 0.108527)(0.127907, -0.124031)(0.104651, -0.356589)(-0.00387597, -0.368217)(0.158915, -0.124031)(-0.131783, 0.0581395)(-0.306202, 0.387597)(-0.255814, 0.403101)(-0.00387597, 0.496124)(0.0542636, 0.5)(0.127907, -0.120155)(0.158915, -0.124031)(0.271318, 0.0387597)(0.302326, -0.0116279)(0.182171, -0.29845)(0.120155, -0.391473)(0.124031, -0.437984)(0.0852713, -0.492248)(0.0310078, -0.5)
