twohand_waveDescr7.dat
size1 39
size3 40
beh_type.id 12
sizes[]=36 41 47 43 49 48 45 47 46 44 38 37 33 34 33 33 38 46 45 47 45 45 43 40 45 45 49 37 35 32 33 35 40 46 48 46 44 43 50 
thresholds[]=0.16 0.16 0.16 0.16 0.16 0.16 0.16 0.16 0.16 0.16 0.16 0.16 0.16 0.16 0.16 0.16 0.16 0.16 0.16 0.16 0.16 0.16 0.16 0.16 0.16 0.16 0.16 0.16 0.16 0.16 0.16 0.16 0.16 0.16 0.16 0.16 0.16 0.16 0.16 
map[0][.]=0 1 0 0 0 0 0 0 0 0 0 0 0 0 0 0 0 0 0 0 0 0 0 0 0 0 0 0 0 0 0 0 0 0 0 0 0 0 0 0 
map[1][.]=0 0 1 0 0 0 0 0 0 0 0 0 0 0 0 0 0 0 0 0 0 0 0 0 0 0 0 0 0 0 0 0 0 0 0 0 0 0 0 0 
map[2][.]=0 0 0 1 0 0 0 0 0 0 0 0 0 0 0 0 0 0 0 0 0 0 0 0 0 0 0 0 0 0 0 0 0 0 0 0 0 0 0 0 
map[3][.]=0 0 0 0 1 0 0 0 0 0 0 0 0 0 0 0 0 0 0 0 0 0 0 0 0 0 0 0 0 0 0 0 0 0 0 0 0 0 0 0 
map[4][.]=0 0 0 0 0 1 0 0 0 0 0 0 0 0 0 0 0 0 0 0 0 0 0 0 0 0 0 0 0 0 0 0 0 0 0 0 0 0 0 0 
map[5][.]=0 0 0 0 0 0 1 0 0 0 0 0 0 0 0 0 0 0 0 0 0 0 0 0 0 0 0 0 0 0 0 0 0 0 0 0 0 0 0 0 
map[6][.]=0 0 0 0 0 0 0 1 0 0 0 0 0 0 0 0 0 0 0 0 0 0 0 0 0 0 0 0 0 0 0 0 0 0 0 0 0 0 0 0 
map[7][.]=0 0 0 0 0 0 0 0 1 0 0 0 0 0 0 0 0 0 0 0 0 0 0 0 0 0 0 0 0 0 0 0 0 0 0 0 0 0 0 0 
map[8][.]=0 0 0 0 0 0 0 0 0 1 0 0 0 0 0 0 0 0 0 0 0 0 0 0 0 0 0 0 0 0 0 0 0 0 0 0 0 0 0 0 
map[9][.]=0 0 0 0 0 0 0 0 0 0 1 0 0 0 0 0 0 0 0 0 0 0 0 0 0 0 0 0 0 0 0 0 0 0 0 0 0 0 0 0 
map[10][.]=0 0 0 0 0 0 0 0 0 0 0 1 0 0 0 0 0 0 0 0 0 0 0 0 0 0 0 0 0 0 0 0 0 0 0 0 0 0 0 0 
map[11][.]=0 0 0 0 0 0 0 0 0 0 0 0 1 0 0 0 0 0 0 0 0 0 0 0 0 0 0 0 0 0 0 0 0 0 0 0 0 0 0 0 
map[12][.]=0 0 0 0 0 0 0 0 0 0 0 0 0 1 0 0 0 0 0 0 0 0 0 0 0 0 0 0 0 0 0 0 0 0 0 0 0 0 0 0 
map[13][.]=0 0 0 0 0 0 0 0 0 0 0 0 0 0 1 0 0 0 0 0 0 0 0 0 0 0 0 0 0 0 0 0 0 0 0 0 0 0 0 0 
map[14][.]=0 0 0 0 0 0 0 0 0 0 0 0 0 0 0 1 0 0 0 0 0 0 0 0 0 0 0 0 0 0 0 0 0 0 0 0 0 0 0 0 
map[15][.]=0 0 0 0 0 0 0 0 0 0 0 0 0 0 0 0 1 0 0 0 0 0 0 0 0 0 0 0 0 0 0 0 0 0 0 0 0 0 0 0 
map[16][.]=0 0 0 0 0 0 0 0 0 0 0 0 0 0 0 0 0 1 0 0 0 0 0 0 0 0 0 0 0 0 0 0 0 0 0 0 0 0 0 0 
map[17][.]=0 0 0 0 0 0 0 0 0 0 0 0 0 0 0 0 0 0 1 0 0 0 0 0 0 0 0 0 0 0 0 0 0 0 0 0 0 0 0 0 
map[18][.]=0 0 0 0 0 0 0 0 0 0 0 0 0 0 0 0 0 0 0 1 0 0 0 0 0 0 0 0 0 0 0 0 0 0 0 0 0 0 0 0 
map[19][.]=0 0 0 0 0 0 0 0 0 0 0 0 0 0 0 0 0 0 0 0 1 0 0 0 0 0 0 0 0 0 0 0 0 0 0 0 0 0 0 0 
map[20][.]=0 0 0 0 0 0 0 0 0 0 0 0 0 0 0 0 0 0 0 0 0 1 0 0 0 0 0 0 0 0 0 0 0 0 0 0 0 0 0 0 
map[21][.]=0 0 0 0 0 0 0 0 0 0 0 0 0 0 0 0 0 0 0 0 0 0 1 0 0 0 0 0 0 0 0 0 0 0 0 0 0 0 0 0 
map[22][.]=0 0 0 0 0 0 0 0 0 0 0 0 0 0 0 0 0 0 0 0 0 0 0 1 0 0 0 0 0 0 0 0 0 0 0 0 0 0 0 0 
map[23][.]=0 0 0 0 0 0 0 0 0 0 0 0 0 0 0 0 0 0 0 0 0 0 0 0 1 0 0 0 0 0 0 0 0 0 0 0 0 0 0 0 
map[24][.]=0 0 0 0 0 0 0 0 0 0 0 0 0 0 0 0 0 0 0 0 0 0 0 0 0 1 0 0 0 0 0 0 0 0 0 0 0 0 0 0 
map[25][.]=0 0 0 0 0 0 0 0 0 0 0 0 0 0 0 0 0 0 0 0 0 0 0 0 0 0 1 0 0 0 0 0 0 0 0 0 0 0 0 0 
map[26][.]=0 0 0 0 0 0 0 0 0 0 0 0 0 0 0 0 0 0 0 0 0 0 0 0 0 0 0 1 0 0 0 0 0 0 0 0 0 0 0 0 
map[27][.]=0 0 0 0 0 0 0 0 0 0 0 0 0 0 0 0 0 0 0 0 0 0 0 0 0 0 0 0 1 0 0 0 0 0 0 0 0 0 0 0 
map[28][.]=0 0 0 0 0 0 0 0 0 0 0 0 0 0 0 0 0 0 0 0 0 0 0 0 0 0 0 0 0 1 0 0 0 0 0 0 0 0 0 0 
map[29][.]=0 0 0 0 0 0 0 0 0 0 0 0 0 0 0 0 0 0 0 0 0 0 0 0 0 0 0 0 0 0 1 0 0 0 0 0 0 0 0 0 
map[30][.]=0 0 0 0 0 0 0 0 0 0 0 0 0 0 0 0 0 0 0 0 0 0 0 0 0 0 0 0 0 0 0 1 0 0 0 0 0 0 0 0 
map[31][.]=0 0 0 0 0 0 0 0 0 0 0 0 0 0 0 0 0 0 0 0 0 0 0 0 0 0 0 0 0 0 0 0 1 0 0 0 0 0 0 0 
map[32][.]=0 0 0 0 0 0 0 0 0 0 0 0 0 0 0 0 0 0 0 0 0 0 0 0 0 0 0 0 0 0 0 0 0 1 0 0 0 0 0 0 
map[33][.]=0 0 0 0 0 0 0 0 0 0 0 0 0 0 0 0 0 0 0 0 0 0 0 0 0 0 0 0 0 0 0 0 0 0 1 0 0 0 0 0 
map[34][.]=0 0 0 0 0 0 0 0 0 0 0 0 0 0 0 0 0 0 0 0 0 0 0 0 0 0 0 0 0 0 0 0 0 0 0 1 0 0 0 0 
map[35][.]=0 0 0 0 0 0 0 0 0 0 0 0 0 0 0 0 0 0 0 0 0 0 0 0 0 0 0 0 0 0 0 0 0 0 0 0 1 0 0 0 
map[36][.]=0 0 0 0 0 0 0 0 0 0 0 0 0 0 0 0 0 0 0 0 0 0 0 0 0 0 0 0 0 0 0 0 0 0 0 0 0 1 0 0 
map[37][.]=0 0 0 0 0 0 0 0 0 0 0 0 0 0 0 0 0 0 0 0 0 0 0 0 0 0 0 0 0 0 0 0 0 0 0 0 0 0 1 0 
map[38][.]=0 0 0 0 0 0 0 0 0 0 0 0 0 0 0 0 0 0 0 0 0 0 0 0 0 0 0 0 0 0 0 0 0 0 0 0 0 0 0 1 
map[39][.]=0 0 0 0 0 0 0 0 0 0 0 0 0 0 0 0 0 0 0 0 0 0 0 0 0 0 0 0 0 0 0 0 0 0 0 0 0 0 0 0 
isLast[.]=false false false false false false false false false false false false false false false false false false false false false false false false false false false false false false false false false false false false false false false true 
descriptor[i][.]=(269, 235)(-0.242991, -0.477444)(0.205607, -0.5)(-0.130841, 0.5)(0.158879, 0.5)
				 (269, 235)(-0.0977444, -0.477444)(0.0827068, -0.5)(-0.0526316, 0.5)(0.0639098, 0.5)
				 (269, 235)(0.0714286, -0.5)(-0.056391, -0.43609)(-0.139098, -0.390977)(-0.195489, -0.233083)(-0.105263, -0.112782)(-0.101504, 0.0488722)(-0.0789474, 0.214286)(-0.075188, 0.37594)(-0.018797, 0.492481)(0.075188, 0.424812)(0.0902256, 0.263158)(0.109023, 0.101504)(0.112782, -0.0639098)(0.157895, -0.218045)(0.176692, -0.357143)
				 (269, 235)(-0.0977444, -0.169173)(0.037594, -0.443609)(-0.109023, -0.0714286)(-0.0601504, 0.496241)(0.0639098, 0.5)(0.112782, -0.481203)(0.0827068, -0.5)(0.037594, -0.443609)(-0.0864662, -0.477444)
descriptor[i][.]=(269, 235)(-0.313043, -0.479245)(0.304348, -0.498113)(-0.121739, 0.501887)(0.156522, 0.501887)
				 (269, 235)(-0.135849, -0.479245)(0.132075, -0.498113)(-0.0528302, 0.501887)(0.0679245, 0.501887)
				 (269, 235)(0.116981, -0.498113)(-0.0113208, -0.449057)(-0.0603774, -0.290566)(-0.0830189, -0.430189)(-0.169811, -0.377358)(-0.162264, -0.203774)(-0.101887, -0.0415094)(-0.0981132, 0.150943)(-0.0754717, 0.343396)(-0.0226415, 0.501887)(0.0792453, 0.403774)(0.090566, 0.211321)(0.113208, 0.0188679)(0.120755, -0.173585)(0.211321, -0.328302)
				 (269, 235)(-0.101887, -0.169811)(0.116981, -0.166038)(-0.0566038, -0.290566)(0.0754717, -0.415094)(-0.120755, -0.30566)(-0.0603774, 0.498113)(0.0679245, 0.501887)(0.120755, -0.128302)(0.203774, -0.241509)(0.132075, -0.498113)(-0.00754717, -0.449057)(-0.0830189, -0.415094)(-0.0981132, -0.471698)(-0.135849, -0.479245)
descriptor[i][.]=(270, 236)(-0.420635, -0.492424)(0.373016, -0.5)(-0.119048, 0.5)(0.134921, 0.5)
				 (270, 236)(-0.200758, -0.492424)(0.17803, -0.5)(-0.0568182, 0.5)(0.0643939, 0.5)
				 (270, 236)(0.159091, -0.5)(0.136364, -0.299242)(0.0416667, -0.424242)(-0.0416667, -0.325758)(-0.166667, -0.378788)(-0.219697, -0.416667)(-0.19697, -0.212121)(-0.109848, -0.0378788)(-0.0984848, 0.17803)(-0.0757576, 0.397727)(0.0530303, 0.5)(0.0871212, 0.299242)(0.109848, 0.0795455)(0.121212, -0.140152)(0.231061, -0.30303)
				 (270, 236)(-0.109848, -0.166667)(0.117424, -0.170455)(-0.132576, -0.280303)(0.136364, -0.299242)(-0.0416667, -0.310606)(-0.170455, -0.333333)(-0.227273, -0.231061)(-0.0643939, 0.496212)(0.0643939, 0.5)(0.121212, -0.132576)(0.219697, -0.234848)(0.238636, -0.268939)(0.212121, -0.454545)(0.17803, -0.5)(0.0265152, -0.44697)(-0.030303, -0.454545)(-0.0643939, -0.42803)(-0.128788, -0.284091)(-0.166667, -0.329545)(-0.200758, -0.492424)
descriptor[i][.]=(266, 237)(-0.479452, -0.482759)(0.465753, -0.490421)(-0.0753425, 0.501916)(0.123288, 0.501916)
				 (266, 237)(-0.268199, -0.482759)(0.260536, -0.490421)(-0.0421456, 0.501916)(0.0689655, 0.501916)
				 (266, 237)(0.237548, -0.498084)(0.183908, -0.298851)(0.0766284, -0.417625)(-0.0344828, -0.344828)(-0.191571, -0.344828)(-0.275862, -0.444444)(-0.222222, -0.222222)(-0.0996169, -0.0881226)(-0.0842912, 0.1341)(-0.0651341, 0.360153)(0.0383142, 0.498084)(0.0996169, 0.318008)(0.118774, 0.091954)(0.137931, -0.1341)(0.272031, -0.287356)
				 (266, 237)(-0.0957854, -0.176245)(0.137931, -0.183908)(-0.130268, -0.283525)(0.176245, -0.295019)(-0.0344828, -0.310345)(-0.195402, -0.348659)(-0.203065, -0.203065)(-0.0536398, 0.48659)(0.0689655, 0.501916)(0.249042, -0.229885)(0.260536, -0.490421)(-0.0191571, -0.463602)(-0.126437, -0.287356)(-0.195402, -0.444444)(-0.229885, -0.482759)(-0.260536, -0.48659)
descriptor[i][.]=(266, 238)(-0.467949, -0.480769)(0.474359, -0.492308)(-0.0576923, 0.5)(0.128205, 0.5)
				 (266, 238)(-0.280769, -0.480769)(0.284615, -0.492308)(-0.0346154, 0.5)(0.0769231, 0.5)
				 (266, 238)(0.261538, -0.5)(0.188462, -0.296154)(0.0653846, -0.419231)(-0.0307692, -0.35)(-0.196154, -0.342308)(-0.3, -0.438462)(-0.230769, -0.223077)(-0.1, -0.0884615)(-0.0884615, 0.138462)(-0.0576923, 0.365385)(0.05, 0.5)(0.103846, 0.303846)(0.123077, 0.0769231)(0.142308, -0.15)(0.284615, -0.292308)
				 (266, 238)(-0.0961538, -0.176923)(0.138462, -0.184615)(-0.15, -0.284615)(0.188462, -0.296154)(-0.0346154, -0.315385)(-0.196154, -0.319231)(-0.25, -0.25)(-0.2, -0.203846)(-0.0961538, -0.176923)(-0.05, 0.488462)(0.0769231, 0.5)(0.142308, -0.146154)(0.261538, -0.234615)(0.280769, -0.261538)(0.3, -0.407692)(0.284615, -0.492308)(0.223077, -0.453846)(0.0423077, -0.457692)(-0.0153846, -0.469231)(-0.0461538, -0.415385)(-0.146154, -0.288462)(-0.215385, -0.442308)
descriptor[i][.]=(265, 239)(-0.488235, -0.468992)(0.464706, -0.496124)(-0.0647059, 0.5)(0.117647, 0.5)
				 (265, 239)(-0.321705, -0.468992)(0.306202, -0.496124)(-0.0426357, 0.5)(0.0775194, 0.5)
				 (265, 239)(0.294574, -0.5)(0.209302, -0.302326)(0.0658915, -0.414729)(-0.0348837, -0.372093)(-0.197674, -0.317829)(-0.325581, -0.449612)(-0.24031, -0.232558)(-0.0968992, -0.100775)(-0.0813953, 0.127907)(-0.0620155, 0.360465)(0.0465116, 0.5)(0.104651, 0.317829)(0.124031, 0.0891473)(0.143411, -0.139535)(0.294574, -0.282946)
				 (265, 239)(-0.0968992, -0.174419)(0.143411, -0.189922)(0.189922, -0.294574)(0.248062, -0.348837)(0.0658915, -0.325581)(-0.124031, -0.290698)(-0.24031, -0.224806)(-0.20155, -0.20155)(-0.0503876, 0.496124)(0.0775194, 0.5)(0.108527, 0.476744)(0.275194, -0.236434)(0.306202, -0.306202)(0.329457, -0.414729)(0.29845, -0.5)(0.251938, -0.449612)(0.189922, -0.294574)(0.0658915, -0.434109)(0.0116279, -0.48062)(-0.24031, -0.44186)(-0.313953, -0.472868)
descriptor[i][.]=(265, 239)(-0.482353, -0.470817)(0.470588, -0.494163)(-0.0470588, 0.501946)(0.135294, 0.501946)
				 (265, 239)(-0.319066, -0.470817)(0.311284, -0.494163)(-0.0311284, 0.501946)(0.0894942, 0.501946)
				 (265, 239)(0.29572, -0.498054)(0.190661, -0.299611)(0.0700389, -0.435798)(-0.0272374, -0.350195)(-0.210117, -0.33463)(-0.326848, -0.431907)(-0.233463, -0.214008)(-0.101167, -0.0894942)(-0.0817121, 0.140078)(-0.0622568, 0.373541)(0.0661479, 0.501946)(0.101167, 0.326848)(0.124514, 0.0972763)(0.143969, -0.136187)(0.291829, -0.280156)
				 (265, 239)(-0.0972763, -0.182879)(0.143969, -0.190661)(0.202335, -0.299611)(0.2607, -0.385214)(0.0661479, -0.330739)(-0.143969, -0.287938)(-0.241245, -0.225681)(-0.0466926, 0.494163)(0.0894942, 0.501946)(0.276265, -0.237354)(0.311284, -0.494163)(0.2607, -0.385214)(0.07393, -0.435798)(0.0350195, -0.470817)(0.0077821, -0.478599)(-0.0350195, -0.466926)(-0.245136, -0.447471)(-0.311284, -0.474708)
descriptor[i][.]=(264, 238)(-0.49375, -0.467181)(0.475, -0.494208)(-0.0625, 0.501931)(0.15625, 0.501931)
				 (264, 238)(-0.305019, -0.467181)(0.293436, -0.494208)(-0.03861, 0.501931)(0.0965251, 0.501931)
				 (264, 238)(0.277992, -0.498069)(0.200772, -0.301158)(0.0772201, -0.420849)(-0.030888, -0.359073)(-0.19305, -0.335907)(-0.30888, -0.440154)(-0.223938, -0.223938)(-0.0965251, -0.0772201)(-0.0849421, 0.150579)(-0.0501931, 0.382239)(0.046332, 0.498069)(0.108108, 0.332046)(0.127413, 0.100386)(0.146718, -0.127413)(0.289575, -0.277992)
				 (264, 238)(-0.0965251, -0.177606)(0.146718, -0.189189)(-0.142857, -0.285714)(0.189189, -0.297297)(-0.027027, -0.316602)(-0.185328, -0.305019)(-0.204633, -0.212355)(-0.046332, 0.498069)(0.0965251, 0.501931)(0.266409, -0.235521)(0.285714, -0.498069)(0.23166, -0.455598)(0.0656371, -0.444015)(0.015444, -0.471042)(-0.03861, -0.451737)(-0.142857, -0.285714)(-0.185328, -0.305019)(-0.189189, -0.328185)(-0.223938, -0.447876)(-0.27027, -0.482625)
descriptor[i][.]=(265, 236)(-0.439716, -0.490494)(0.425532, -0.498099)(-0.0780142, 0.501901)(0.163121, 0.501901)
				 (265, 236)(-0.235741, -0.490494)(0.228137, -0.498099)(-0.0418251, 0.501901)(0.0874525, 0.501901)
				 (265, 236)(0.209125, -0.498099)(0.171103, -0.292776)(0.0570342, -0.429658)(-0.026616, -0.330798)(-0.18251, -0.372624)(-0.250951, -0.425856)(-0.197719, -0.220532)(-0.095057, -0.0532319)(-0.0798479, 0.171103)(-0.0532319, 0.391635)(0.0684411, 0.501901)(0.102662, 0.311787)(0.125475, 0.0912548)(0.140684, -0.13308)(0.269962, -0.30038)
				 (265, 236)(-0.095057, -0.163498)(0.140684, -0.178707)(-0.114068, -0.285171)(0.171103, -0.292776)(-0.026616, -0.311787)(-0.174905, -0.330798)(-0.163498, -0.190114)(-0.095057, -0.163498)(-0.106464, -0.125475)(-0.0494297, 0.498099)(0.0874525, 0.501901)(0.235741, -0.224335)(0.258555, -0.250951)(0.228137, -0.498099)(0.0418251, -0.452471)(-0.0114068, -0.460076)(-0.0456274, -0.429658)(-0.110266, -0.288973)(-0.21673, -0.486692)
descriptor[i][.]=(268, 235)(-0.461538, -0.488722)(0.376923, -0.5)(-0.1, 0.5)(0.138462, 0.5)
				 (268, 235)(-0.225564, -0.488722)(0.184211, -0.5)(-0.0488722, 0.5)(0.0676692, 0.5)
				 (268, 235)(0.180451, -0.5)(0.157895, -0.300752)(0.0488722, -0.413534)(-0.037594, -0.323308)(-0.165414, -0.37218)(-0.236842, -0.424812)(-0.203008, -0.214286)(-0.105263, -0.0451128)(-0.0864662, 0.172932)(-0.0639098, 0.390977)(0.0526316, 0.5)(0.093985, 0.304511)(0.112782, 0.0864662)(0.12782, -0.131579)(0.240602, -0.296992)
				 (268, 235)(-0.105263, -0.157895)(0.12782, -0.176692)(-0.112782, -0.281955)(0.139098, -0.293233)(-0.037594, -0.304511)(-0.161654, -0.31203)(-0.105263, -0.157895)(-0.0601504, 0.492481)(0.0676692, 0.5)(0.236842, -0.240602)(0.244361, -0.281955)(0.214286, -0.466165)(0.191729, -0.496241)(-0.0037594, -0.451128)(-0.0526316, -0.417293)(-0.0977444, -0.289474)(-0.195489, -0.484962)
descriptor[i][.]=(269, 234)(-0.367521, -0.498127)(0.290598, -0.498127)(-0.0512821, 0.501873)(0.162393, 0.501873)
				 (269, 234)(-0.161049, -0.498127)(0.127341, -0.498127)(-0.0224719, 0.501873)(0.071161, 0.501873)
				 (269, 234)(-0.161049, -0.498127)(-0.217228, -0.28839)(-0.108614, -0.11236)(-0.101124, 0.093633)(-0.0786517, 0.303371)(-0.0374532, 0.494382)(0.082397, 0.404494)(0.0973783, 0.191011)(0.11236, -0.0224719)(0.168539, -0.220974)(0.164794, -0.419476)(0.104869, -0.400749)(0.0486891, -0.325843)(-0.0486891, -0.400749)(-0.134831, -0.310861)
				 (269, 234)(-0.108614, -0.164794)(0.116105, -0.172285)(-0.205993, -0.235955)(-0.123596, -0.104869)(-0.0674157, 0.483146)(0.071161, 0.501873)(0.123596, 0.0262172)(0.205993, -0.247191)(0.164794, -0.449438)(0.142322, -0.490637)(-0.161049, -0.498127)
descriptor[i][.]=(268, 233)(-0.292035, -0.498141)(0.221239, -0.498141)(-0.079646, 0.501859)(0.176991, 0.501859)
				 (268, 233)(-0.122677, -0.498141)(0.0929368, -0.498141)(-0.0334572, 0.501859)(0.0743494, 0.501859)
				 (268, 233)(-0.122677, -0.498141)(-0.193309, -0.32342)(-0.115242, -0.174721)(-0.104089, 0.0148699)(-0.0855019, 0.204461)(-0.063197, 0.394052)(0.0483271, 0.501859)(0.0892193, 0.342007)(0.100372, 0.152416)(0.111524, -0.0408922)(0.163569, -0.223048)(0.156134, -0.394052)(0.063197, -0.438662)(-0.0483271, -0.360595)(-0.118959, -0.330855)
				 (268, 233)(-0.152416, -0.405204)(-0.100372, -0.159851)(-0.208178, -0.297398)(-0.204461, -0.249071)(-0.0408922, 0.498141)(0.0743494, 0.501859)(0.211896, -0.27881)(0.133829, -0.457249)(0.107807, -0.490706)(-0.122677, -0.498141)
descriptor[i][.]=(268, 234)(-0.174757, -0.5)(0.135922, -0.496269)(-0.126214, 0.5)(0.184466, 0.5)
				 (268, 234)(-0.0671642, -0.5)(0.0522388, -0.496269)(-0.0485075, 0.5)(0.0708955, 0.5)
				 (268, 234)(-0.0671642, -0.5)(-0.152985, -0.369403)(-0.149254, -0.216418)(-0.108209, -0.0708955)(-0.104478, 0.0858209)(-0.0746269, 0.25)(-0.0597015, 0.410448)(0.0186567, 0.5)(0.0858209, 0.399254)(0.0932836, 0.238806)(0.119403, 0.0746269)(0.115672, -0.0858209)(0.164179, -0.238806)(0.134328, -0.384328)(0.0298507, -0.496269)
				 (268, 234)(0, -0.440299)(-0.0559701, 0.496269)(0.0708955, 0.5)(0.0858209, -0.477612)(0.0298507, -0.496269)(-0.0559701, -0.5)
descriptor[i][.]=(269, 234)(-0.14, -0.490637)(0.07, -0.498127)(-0.14, 0.501873)(0.1, 0.501873)
				 (269, 234)(-0.0524345, -0.490637)(0.0262172, -0.498127)(-0.0524345, 0.501873)(0.0374532, 0.501873)
				 (269, 234)(0.0187266, -0.498127)(-0.0973783, -0.438202)(-0.187266, -0.303371)(-0.104869, -0.168539)(-0.108614, -0.0149813)(-0.0973783, 0.138577)(-0.0749064, 0.292135)(-0.0674157, 0.445693)(0.0449438, 0.498127)(0.093633, 0.367041)(0.0861423, 0.213483)(0.11236, 0.0599251)(0.11236, -0.093633)(0.157303, -0.2397)(0.127341, -0.374532)
				 (269, 234)(-0.0674157, 0.486891)(0.0786517, 0.483146)(0.187266, -0.273408)(0.17603, -0.322097)(0.0599251, -0.486891)(0.0262172, -0.498127)(-0.082397, -0.483146)
descriptor[i][.]=(268, 235)(-0.138614, -0.496241)(0.0891089, -0.5)(-0.168317, 0.5)(0.178218, 0.5)
				 (268, 235)(-0.0526316, -0.496241)(0.0338346, -0.5)(-0.0639098, 0.5)(0.0676692, 0.5)
				 (268, 235)(0.0225564, -0.5)(-0.093985, -0.432331)(-0.184211, -0.293233)(-0.101504, -0.157895)(-0.109023, -0.0037594)(-0.101504, 0.150376)(-0.075188, 0.308271)(-0.0601504, 0.462406)(0.0526316, 0.5)(0.093985, 0.368421)(0.0902256, 0.210526)(0.116541, 0.056391)(0.120301, -0.101504)(0.161654, -0.244361)(0.12782, -0.379699)
				 (268, 235)(0.0676692, 0.5)(0.191729, -0.278195)(0.0601504, -0.492481)(0.0338346, -0.5)(-0.0526316, -0.496241)(-0.169173, -0.338346)
descriptor[i][.]=(268, 233)(-0.205882, -0.475836)(0.0882353, -0.498141)(-0.137255, 0.501859)(0.166667, 0.501859)
				 (268, 233)(-0.0780669, -0.475836)(0.0334572, -0.498141)(-0.0520446, 0.501859)(0.063197, 0.501859)
				 (268, 233)(0.0260223, -0.498141)(-0.0520446, -0.475836)(-0.141264, -0.360595)(-0.152416, -0.215613)(-0.107807, -0.070632)(-0.104089, 0.0892193)(-0.0780669, 0.245353)(-0.063197, 0.405204)(0.00743494, 0.501859)(0.0817844, 0.412639)(0.0892193, 0.252788)(0.111524, 0.0929368)(0.111524, -0.063197)(0.152416, -0.219331)(0.137546, -0.36803)
				 (268, 233)(0, -0.431227)(0.063197, 0.501859)(0.0817844, -0.468401)(0.0260223, -0.498141)(-0.0260223, -0.472119)(-0.0780669, -0.475836)
descriptor[i][.]=(267, 233)(-0.220183, -0.485185)(0.220183, -0.5)(-0.12844, 0.5)(0.192661, 0.5)
				 (267, 233)(-0.0888889, -0.485185)(0.0888889, -0.5)(-0.0518519, 0.5)(0.0777778, 0.5)
				 (267, 233)(0.0777778, -0.5)(-0.0185185, -0.433333)(-0.12963, -0.444444)(-0.2, -0.285185)(-0.1, -0.151852)(-0.1, 0.0148148)(-0.0814815, 0.181481)(-0.0703704, 0.348148)(-0.037037, 0.5)(0.0925926, 0.451852)(0.0888889, 0.288889)(0.111111, 0.122222)(0.114815, -0.0444444)(0.151852, -0.207407)(0.181481, -0.355556)
				 (267, 233)(-0.1, -0.162963)(0.0407407, -0.411111)(-0.12963, -0.4)(-0.192593, -0.233333)(-0.111111, -0.1)(-0.0592593, 0.496296)(0.0777778, 0.5)(0.103704, -0.492593)(-0.0777778, -0.481481)(-0.133333, -0.462963)(-0.12963, -0.4)
descriptor[i][.]=(268, 234)(-0.375, -0.485075)(0.333333, -0.5)(-0.0666667, 0.5)(0.15, 0.5)
				 (268, 234)(-0.16791, -0.485075)(0.149254, -0.5)(-0.0298507, 0.5)(0.0671642, 0.5)
				 (268, 234)(0.134328, -0.5)(0.134328, -0.298507)(0.0335821, -0.421642)(-0.0410448, -0.309701)(-0.126866, -0.391791)(-0.186567, -0.402985)(-0.171642, -0.205224)(-0.108209, -0.0261194)(-0.0858209, 0.186567)(-0.0634328, 0.402985)(0.0746269, 0.492537)(0.0820896, 0.283582)(0.115672, 0.0671642)(0.119403, -0.145522)(0.223881, -0.313433)
				 (268, 234)(-0.104478, -0.16791)(0.119403, -0.179104)(0.0783582, -0.287313)(0.152985, -0.343284)(-0.123134, -0.283582)(-0.220149, -0.242537)(-0.0597015, 0.470149)(-0.0373134, 0.496269)(0.0671642, 0.5)(0.216418, -0.246269)(0.149254, -0.5)(0.115672, -0.425373)(0.0820896, -0.291045)(0.0522388, -0.399254)(0.0298507, -0.432836)(-0.0223881, -0.440299)(-0.115672, -0.425373)(-0.13806, -0.481343)(-0.16791, -0.485075)
descriptor[i][.]=(267, 234)(-0.424, -0.483146)(0.4, -0.498127)(-0.104, 0.501873)(0.16, 0.501873)
				 (267, 234)(-0.198502, -0.483146)(0.187266, -0.498127)(-0.0486891, 0.501873)(0.0749064, 0.501873)
				 (267, 234)(0.168539, -0.498127)(0.157303, -0.29588)(0.0486891, -0.411985)(-0.0374532, -0.310861)(-0.157303, -0.382022)(-0.209738, -0.400749)(-0.179775, -0.202247)(-0.104869, -0.0299625)(-0.082397, 0.191011)(-0.0561798, 0.40824)(0.071161, 0.501873)(0.093633, 0.29588)(0.11985, 0.0786517)(0.123596, -0.142322)(0.23221, -0.307116)
				 (267, 234)(-0.101124, -0.164794)(0.123596, -0.172285)(0.0898876, -0.28839)(0.172285, -0.314607)(-0.138577, -0.284644)(-0.209738, -0.217228)(-0.0561798, 0.498127)(0.0749064, 0.501873)(0.205993, -0.220974)(0.217228, -0.468165)(0.187266, -0.498127)(0.142322, -0.445693)(0.093633, -0.292135)(0.0262172, -0.434457)(-0.011236, -0.441948)(-0.138577, -0.430712)(-0.153558, -0.464419)(-0.198502, -0.483146)
descriptor[i][.]=(265, 237)(-0.475862, -0.492366)(0.462069, -0.496183)(-0.0551724, 0.5)(0.137931, 0.5)
				 (265, 237)(-0.263359, -0.492366)(0.255725, -0.496183)(-0.0305344, 0.5)(0.0763359, 0.5)
				 (265, 237)(0.229008, -0.5)(0.171756, -0.29771)(0.0648855, -0.427481)(-0.0381679, -0.347328)(-0.19084, -0.354962)(-0.274809, -0.442748)(-0.221374, -0.225191)(-0.103053, -0.0725191)(-0.0877863, 0.148855)(-0.0572519, 0.374046)(0.0610687, 0.5)(0.10687, 0.29771)(0.129771, 0.0725191)(0.137405, -0.152672)(0.274809, -0.301527)
				 (265, 237)(-0.110687, -0.179389)(0.133588, -0.187023)(-0.145038, -0.28626)(0.179389, -0.29771)(-0.0381679, -0.312977)(-0.19084, -0.347328)(-0.194656, -0.20229)(-0.110687, -0.179389)(-0.0458015, 0.484733)(0.0763359, 0.5)(0.236641, -0.225191)(0.259542, -0.248092)(0.248092, -0.5)(0.0419847, -0.458015)(-0.019084, -0.461832)(-0.0496183, -0.435115)(-0.141221, -0.290076)(-0.187023, -0.343511)(-0.19084, -0.435115)(-0.255725, -0.496183)
descriptor[i][.]=(263, 237)(-0.477124, -0.475096)(0.48366, -0.494253)(-0.0196078, 0.501916)(0.169935, 0.501916)
				 (263, 237)(-0.279693, -0.475096)(0.283525, -0.494253)(-0.0114943, 0.501916)(0.0996169, 0.501916)
				 (263, 237)(0.256705, -0.498084)(0.187739, -0.295019)(0.0727969, -0.425287)(-0.0344828, -0.348659)(-0.183908, -0.337165)(-0.291188, -0.43295)(-0.218391, -0.218391)(-0.091954, -0.0727969)(-0.0766284, 0.153257)(-0.0574713, 0.37931)(0.0727969, 0.501916)(0.10728, 0.310345)(0.1341, 0.0804598)(0.145594, -0.145594)(0.283525, -0.291188)
				 (263, 237)(-0.0996169, -0.176245)(0.145594, -0.191571)(0.187739, -0.295019)(0.233716, -0.356322)(0.0689655, -0.318008)(-0.153257, -0.283525)(-0.237548, -0.245211)(-0.0421456, 0.48659)(0.0996169, 0.501916)(0.245211, -0.222222)(0.291188, -0.48659)(0.226054, -0.452107)(0.233716, -0.356322)(0.164751, -0.302682)(0.0766284, -0.421456)(0.0344828, -0.45977)(-0.0114943, -0.463602)(-0.233716, -0.471264)
descriptor[i][.]=(263, 239)(-0.487952, -0.468992)(0.481928, -0.492248)(-0.0481928, 0.5)(0.138554, 0.5)
				 (263, 239)(-0.313953, -0.468992)(0.310078, -0.492248)(-0.0310078, 0.5)(0.0891473, 0.5)
				 (263, 239)(0.286822, -0.5)(0.197674, -0.294574)(0.0697674, -0.434109)(-0.0348837, -0.364341)(-0.193798, -0.329457)(-0.321705, -0.437984)(-0.224806, -0.22093)(-0.0930233, -0.0852713)(-0.0736434, 0.143411)(-0.0465116, 0.372093)(0.0620155, 0.5)(0.108527, 0.317829)(0.131783, 0.0852713)(0.147287, -0.143411)(0.294574, -0.286822)
				 (263, 239)(-0.100775, -0.186047)(0.143411, -0.189922)(0.197674, -0.294574)(0.255814, -0.379845)(0.0697674, -0.329457)(-0.127907, -0.290698)(-0.0387597, 0.496124)(0.0891473, 0.5)(0.255814, -0.224806)(0.310078, -0.492248)(0.248062, -0.434109)(0.255814, -0.379845)(0.197674, -0.294574)(0.147287, -0.313953)(0.0697674, -0.449612)(0.0155039, -0.48062)(-0.0193798, -0.472868)(-0.232558, -0.445736)
descriptor[i][.]=(262, 239)(-0.48503, -0.468992)(0.48503, -0.492248)(-0.0299401, 0.5)(0.137725, 0.5)
				 (262, 239)(-0.313953, -0.468992)(0.313953, -0.492248)(-0.0193798, 0.5)(0.0891473, 0.5)
				 (262, 239)(0.290698, -0.5)(0.20155, -0.294574)(0.0813953, -0.422481)(-0.0348837, -0.372093)(-0.182171, -0.321705)(-0.321705, -0.457364)(-0.232558, -0.236434)(-0.0930233, -0.100775)(-0.0697674, 0.127907)(-0.0465116, 0.356589)(0.0620155, 0.5)(0.112403, 0.313953)(0.135659, 0.0852713)(0.151163, -0.143411)(0.294574, -0.282946)
				 (262, 239)(-0.0930233, -0.174419)(0.147287, -0.193798)(0.20155, -0.294574)(0.251938, -0.352713)(0.0736434, -0.325581)(-0.127907, -0.290698)(-0.236434, -0.244186)(-0.0271318, 0.496124)(0.0891473, 0.5)(0.263566, -0.228682)(0.325581, -0.422481)(0.313953, -0.492248)(0.251938, -0.352713)(0.0542636, -0.472868)(0.00775194, -0.476744)(-0.228682, -0.445736)
descriptor[i][.]=(263, 238)(-0.477124, -0.480769)(0.48366, -0.496154)(-0.0392157, 0.5)(0.150327, 0.5)
				 (263, 238)(-0.280769, -0.480769)(0.284615, -0.496154)(-0.0230769, 0.5)(0.0884615, 0.5)
				 (263, 238)(0.257692, -0.5)(0.176923, -0.3)(0.0653846, -0.438462)(-0.0307692, -0.346154)(-0.184615, -0.35)(-0.292308, -0.434615)(-0.219231, -0.226923)(-0.0923077, -0.0692308)(-0.0730769, 0.157692)(-0.0538462, 0.384615)(0.0615385, 0.5)(0.111538, 0.303846)(0.134615, 0.0769231)(0.146154, -0.15)(0.284615, -0.296154)
				 (263, 238)(-0.1, -0.169231)(0.142308, -0.188462)(0.188462, -0.296154)(0.0692308, -0.319231)(-0.153846, -0.288462)(-0.192308, -0.207692)(0.0884615, 0.5)(0.273077, -0.253846)(0.284615, -0.496154)(0.188462, -0.296154)(0.0192308, -0.473077)(-0.00769231, -0.469231)(-0.223077, -0.465385)
descriptor[i][.]=(264, 237)(-0.479452, -0.480916)(0.438356, -0.5)(-0.0547945, 0.5)(0.123288, 0.5)
				 (264, 237)(-0.267176, -0.480916)(0.244275, -0.5)(-0.0305344, 0.5)(0.0687023, 0.5)
				 (264, 237)(0.232824, -0.5)(0.179389, -0.29771)(0.0687023, -0.419847)(-0.0496183, -0.347328)(-0.183206, -0.347328)(-0.274809, -0.438931)(-0.217557, -0.229008)(-0.103053, -0.0763359)(-0.0801527, 0.148855)(-0.0496183, 0.366412)(0.0572519, 0.5)(0.103053, 0.301527)(0.129771, 0.0763359)(0.141221, -0.145038)(0.270992, -0.29771)
				 (264, 237)(-0.0992366, -0.164122)(0.137405, -0.183206)(-0.137405, -0.28626)(0.183206, -0.29771)(-0.0305344, -0.30916)(-0.187023, -0.354962)(-0.194656, -0.206107)(-0.0458015, 0.480916)(0.0687023, 0.5)(0.248092, -0.229008)(0.278626, -0.431298)(0.251908, -0.496183)(0.0152672, -0.465649)(-0.0267176, -0.450382)(-0.0496183, -0.354962)(-0.133588, -0.290076)(-0.183206, -0.351145)(-0.240458, -0.484733)
descriptor[i][.]=(267, 235)(-0.456, -0.484962)(0.368, -0.5)(-0.096, 0.5)(0.152, 0.5)
				 (267, 235)(-0.214286, -0.484962)(0.172932, -0.5)(-0.0451128, 0.5)(0.0714286, 0.5)
				 (267, 235)(0.165414, -0.5)(0.150376, -0.300752)(0.0488722, -0.421053)(-0.0488722, -0.319549)(-0.154135, -0.390977)(-0.210526, -0.409774)(-0.191729, -0.210526)(-0.109023, -0.037594)(-0.0827068, 0.176692)(-0.0676692, 0.394737)(0.0639098, 0.5)(0.0902256, 0.296992)(0.116541, 0.0864662)(0.12406, -0.131579)(0.229323, -0.300752)
				 (267, 235)(-0.112782, -0.172932)(0.12406, -0.176692)(0.075188, -0.289474)(0.165414, -0.315789)(-0.135338, -0.285714)(-0.180451, -0.203008)(-0.116541, -0.0977444)(-0.0526316, 0.496241)(0.0714286, 0.5)(0.210526, -0.225564)(0.203008, -0.473684)(0.165414, -0.5)(0.135338, -0.417293)(0.0902256, -0.296992)(0.0526316, -0.417293)(0.018797, -0.443609)(-0.0225564, -0.447368)(-0.150376, -0.447368)
descriptor[i][.]=(268, 235)(-0.433333, -0.492481)(0.308333, -0.5)(-0.1, 0.5)(0.125, 0.5)
				 (268, 235)(-0.195489, -0.492481)(0.139098, -0.5)(-0.0451128, 0.5)(0.056391, 0.5)
				 (268, 235)(0.12406, -0.5)(0.135338, -0.300752)(0.037594, -0.424812)(-0.056391, -0.323308)(-0.12782, -0.409774)(-0.191729, -0.398496)(-0.172932, -0.206767)(-0.116541, -0.0225564)(-0.0902256, 0.195489)(-0.0639098, 0.409774)(0.075188, 0.488722)(0.0864662, 0.300752)(0.112782, 0.0827068)(0.120301, -0.131579)(0.221805, -0.31203)
				 (268, 235)(-0.191729, -0.390977)(-0.116541, -0.176692)(0.116541, -0.172932)(-0.109023, -0.285714)(0.135338, -0.300752)(-0.0526316, -0.304511)(-0.146617, -0.360902)(-0.225564, -0.259398)(-0.056391, 0.488722)(0.0977444, 0.481203)(0.120301, -0.157895)(0.218045, -0.255639)(0.169173, -0.477444)(0.139098, -0.5)(0.0263158, -0.443609)(-0.0225564, -0.447368)(-0.0639098, -0.342105)(-0.105263, -0.289474)(-0.142857, -0.357143)(-0.12782, -0.402256)(-0.139098, -0.473684)(-0.176692, -0.496241)
descriptor[i][.]=(266, 233)(-0.266055, -0.488889)(0.201835, -0.5)(-0.0825688, 0.5)(0.183486, 0.5)
				 (266, 233)(-0.107407, -0.488889)(0.0814815, -0.5)(-0.0333333, 0.5)(0.0740741, 0.5)
				 (266, 233)(0.0740741, -0.5)(-0.0407407, -0.418519)(-0.12963, -0.433333)(-0.196296, -0.274074)(-0.1, -0.137037)(-0.0962963, 0.0333333)(-0.0814815, 0.2)(-0.0592593, 0.366667)(-0.0333333, 0.5)(0.0888889, 0.448148)(0.0888889, 0.277778)(0.111111, 0.111111)(0.118519, -0.0555556)(0.159259, -0.207407)(0.181481, -0.359259)
				 (266, 233)(-0.0962963, -0.159259)(-0.0407407, -0.418519)(0.0481481, -0.42963)(-0.0407407, 0.496296)(0.0740741, 0.5)(0.192593, -0.333333)(0.0814815, -0.5)(0.00740741, -0.437037)(-0.037037, -0.422222)(-0.0814815, -0.485185)
descriptor[i][.]=(266, 234)(-0.209524, -0.5)(0.171429, -0.496269)(-0.0571429, 0.5)(0.209524, 0.5)
				 (266, 234)(-0.0820896, -0.5)(0.0671642, -0.496269)(-0.0223881, 0.5)(0.0820896, 0.5)
				 (266, 234)(-0.0820896, -0.5)(-0.156716, -0.36194)(-0.152985, -0.220149)(-0.108209, -0.0746269)(-0.0970149, 0.0895522)(-0.0671642, 0.253731)(-0.0522388, 0.41791)(0.0410448, 0.5)(0.100746, 0.384328)(0.0970149, 0.220149)(0.119403, 0.0559701)(0.119403, -0.108209)(0.190299, -0.25)(0.134328, -0.395522)(0.0335821, -0.473881)
				 (266, 234)(-0.0970149, -0.171642)(-0.0186567, -0.436567)(-0.182836, -0.242537)(-0.0522388, 0.485075)(0.0820896, 0.5)(0.0932836, -0.485075)(-0.0149254, -0.440299)(-0.0522388, -0.485075)
descriptor[i][.]=(268, 234)(-0.137255, -0.486891)(0.0588235, -0.498127)(-0.127451, 0.501873)(0.176471, 0.501873)
				 (268, 234)(-0.0524345, -0.486891)(0.0224719, -0.498127)(-0.0486891, 0.501873)(0.0674157, 0.501873)
				 (268, 234)(0.0224719, -0.498127)(-0.0973783, -0.419476)(-0.191011, -0.284644)(-0.108614, -0.157303)(-0.108614, -0.00374532)(-0.0973783, 0.153558)(-0.0786517, 0.307116)(-0.0561798, 0.460674)(0.0599251, 0.501873)(0.0973783, 0.363296)(0.093633, 0.205993)(0.11236, 0.0524345)(0.11236, -0.101124)(0.153558, -0.235955)(0.142322, -0.367041)
				 (268, 234)(-0.0561798, 0.498127)(0.0674157, 0.501873)(0.179775, -0.325843)(0.0299625, -0.494382)(-0.0524345, -0.486891)
descriptor[i][.]=(267, 235)(-0.137255, -0.488722)(0.0686275, -0.5)(-0.0784314, 0.5)(0.176471, 0.5)
				 (267, 235)(-0.0526316, -0.488722)(0.0263158, -0.5)(-0.0300752, 0.5)(0.0676692, 0.5)
				 (267, 235)(0.018797, -0.5)(-0.093985, -0.424812)(-0.191729, -0.293233)(-0.101504, -0.165414)(-0.109023, -0.0112782)(-0.0864662, 0.142857)(-0.0714286, 0.293233)(-0.056391, 0.447368)(0.0639098, 0.5)(0.093985, 0.357143)(0.0977444, 0.203008)(0.116541, 0.0488722)(0.116541, -0.101504)(0.161654, -0.244361)(0.131579, -0.383459)
				 (267, 235)(-0.037594, 0.496241)(0.0676692, 0.5)(0.191729, -0.281955)(0.0601504, -0.484962)(0.0263158, -0.5)(-0.0526316, -0.488722)
descriptor[i][.]=(267, 233)(-0.188679, -0.490706)(0.103774, -0.498141)(-0.113208, 0.501859)(0.179245, 0.501859)
				 (267, 233)(-0.0743494, -0.490706)(0.0408922, -0.498141)(-0.0446097, 0.501859)(0.070632, 0.501859)
				 (267, 233)(0.0297398, -0.498141)(-0.070632, -0.490706)(-0.156134, -0.35316)(-0.144981, -0.211896)(-0.111524, -0.063197)(-0.100372, 0.0966543)(-0.0743494, 0.256506)(-0.0594796, 0.412639)(0.0260223, 0.501859)(0.0929368, 0.390335)(0.0929368, 0.230483)(0.115242, 0.0669145)(0.111524, -0.0929368)(0.174721, -0.241636)(0.137546, -0.379182)
				 (267, 233)(-0.100372, -0.163569)(0.00371747, -0.438662)(-0.0520446, 0.498141)(0.070632, 0.501859)(0.197026, -0.271375)(0.0929368, -0.468401)(0.0408922, -0.498141)(-0.0483271, -0.483271)
descriptor[i][.]=(267, 233)(-0.292035, -0.492593)(0.247788, -0.5)(-0.115044, 0.5)(0.19469, 0.5)
				 (267, 233)(-0.122222, -0.492593)(0.103704, -0.5)(-0.0481481, 0.5)(0.0814815, 0.5)
				 (267, 233)(0.0740741, -0.5)(-0.0259259, -0.437037)(-0.133333, -0.485185)(-0.192593, -0.322222)(-0.12963, -0.185185)(-0.111111, -0.0185185)(-0.0888889, 0.155556)(-0.0740741, 0.32963)(-0.0518519, 0.496296)(0.0851852, 0.462963)(0.0888889, 0.288889)(0.103704, 0.118519)(0.114815, -0.0518519)(0.155556, -0.211111)(0.177778, -0.37037)
				 (267, 233)(-0.103704, -0.162963)(0.111111, -0.166667)(-0.0592593, -0.407407)(0.0592593, -0.422222)(-0.203704, -0.240741)(-0.0555556, 0.496296)(0.0814815, 0.5)(0.2, -0.251852)(0.140741, -0.466667)(0.111111, -0.496296)(0.0740741, -0.5)(-0.00740741, -0.440741)(-0.107407, -0.492593)
descriptor[i][.]=(268, 233)(-0.35, -0.485185)(0.266667, -0.5)(-0.116667, 0.5)(0.141667, 0.5)
				 (268, 233)(-0.155556, -0.485185)(0.118519, -0.5)(-0.0518519, 0.5)(0.062963, 0.5)
				 (268, 233)(0.103704, -0.5)(0.137037, -0.307407)(0.0407407, -0.411111)(-0.0481481, -0.318519)(-0.122222, -0.392593)(-0.181481, -0.407407)(-0.174074, -0.203704)(-0.114815, -0.0185185)(-0.0888889, 0.196296)(-0.062963, 0.407407)(0.062963, 0.5)(0.0814815, 0.288889)(0.111111, 0.0740741)(0.111111, -0.140741)(0.211111, -0.318519)
				 (268, 233)(-0.114815, -0.17037)(0.111111, -0.162963)(0.118519, -0.288889)(0.137037, -0.355556)(0.0481481, -0.296296)(-0.12963, -0.288889)(-0.214815, -0.237037)(-0.114815, -0.17037)(-0.0592593, 0.496296)(0.062963, 0.5)(0.218519, -0.259259)(0.166667, -0.448148)(0.118519, -0.5)(0.0851852, -0.455556)(0.133333, -0.359259)(0.0481481, -0.407407)(-0.0148148, -0.440741)(-0.125926, -0.481481)(-0.174074, -0.477778)
descriptor[i][.]=(266, 233)(-0.446154, -0.481481)(0.384615, -0.5)(-0.0846154, 0.5)(0.161538, 0.5)
				 (266, 233)(-0.214815, -0.481481)(0.185185, -0.5)(-0.0407407, 0.5)(0.0777778, 0.5)
				 (266, 233)(0.174074, -0.5)(0.166667, -0.296296)(0.0481481, -0.4)(-0.0444444, -0.311111)(-0.17037, -0.374074)(-0.22963, -0.4)(-0.181481, -0.196296)(-0.103704, -0.0259259)(-0.0814815, 0.192593)(-0.0555556, 0.4)(0.0740741, 0.5)(0.0925926, 0.303704)(0.114815, 0.0851852)(0.125926, -0.137037)(0.233333, -0.3)
				 (266, 233)(-0.107407, -0.166667)(0.122222, -0.162963)(0.148148, -0.285185)(0.174074, -0.355556)(0.0555556, -0.292593)(-0.137037, -0.274074)(-0.22963, -0.22963)(-0.2, -0.203704)(-0.0555556, 0.485185)(0.0777778, 0.5)(0.125926, -0.148148)(0.22963, -0.237037)(0.240741, -0.318519)(0.222222, -0.448148)(0.2, -0.492593)(0.144444, -0.422222)(0.17037, -0.359259)(0.0518519, -0.396296)(-0.0037037, -0.440741)(-0.162963, -0.440741)(-0.196296, -0.477778)
descriptor[i][.]=(263, 233)(-0.478873, -0.466667)(0.429577, -0.5)(-0.0422535, 0.5)(0.169014, 0.5)
				 (263, 233)(-0.251852, -0.466667)(0.225926, -0.5)(-0.0222222, 0.5)(0.0888889, 0.5)
				 (263, 233)(0.203704, -0.5)(0.177778, -0.288889)(0.0592593, -0.4)(-0.037037, -0.322222)(-0.181481, -0.355556)(-0.251852, -0.411111)(-0.2, -0.207407)(-0.1, -0.0555556)(-0.0814815, 0.162963)(-0.0481481, 0.381481)(0.0777778, 0.5)(0.103704, 0.296296)(0.125926, 0.0777778)(0.137037, -0.144444)(0.259259, -0.303704)
				 (263, 233)(-0.0962963, -0.166667)(0.137037, -0.166667)(0.17037, -0.285185)(0.203704, -0.340741)(0.062963, -0.292593)(-0.137037, -0.27037)(-0.192593, -0.196296)(-0.037037, 0.485185)(0.0888889, 0.5)(0.251852, -0.22963)(0.233333, -0.496296)(0.203704, -0.5)(0.181481, -0.433333)(0.203704, -0.340741)(0.062963, -0.392593)(0.037037, -0.42963)(0.00740741, -0.440741)(-0.185185, -0.451852)(-0.244444, -0.47037)
descriptor[i][.]=(261, 235)(-0.464968, -0.464151)(0.484076, -0.490566)(-0.0382166, 0.501887)(0.159236, 0.501887)
				 (261, 235)(-0.275472, -0.464151)(0.286792, -0.490566)(-0.0226415, 0.501887)(0.0943396, 0.501887)
				 (261, 235)(0.264151, -0.498113)(0.188679, -0.290566)(0.0679245, -0.411321)(-0.0339623, -0.343396)(-0.184906, -0.328302)(-0.290566, -0.426415)(-0.218868, -0.207547)(-0.0943396, -0.0716981)(-0.0754717, 0.154717)(-0.045283, 0.377358)(0.0716981, 0.501887)(0.113208, 0.30566)(0.132075, 0.0792453)(0.14717, -0.143396)(0.286792, -0.286792)
				 (261, 235)(-0.0943396, -0.166038)(0.14717, -0.173585)(0.184906, -0.286792)(0.233962, -0.350943)(0.0716981, -0.30566)(-0.150943, -0.271698)(-0.0301887, 0.498113)(0.0943396, 0.501887)(0.249057, -0.215094)(0.29434, -0.475472)(0.233962, -0.464151)(0.222642, -0.426415)(0.233962, -0.350943)(0.184906, -0.286792)(0.0716981, -0.407547)(0.0150943, -0.460377)(-0.267925, -0.467925)
descriptor[i][.]=(264, 239)(-0.477419, -0.465116)(0.477419, -0.496124)(-0.0451613, 0.5)(0.135484, 0.5)
				 (264, 239)(-0.286822, -0.465116)(0.286822, -0.496124)(-0.0271318, 0.5)(0.0813953, 0.5)
				 (264, 239)(0.275194, -0.5)(0.193798, -0.302326)(0.0581395, -0.422481)(-0.0465116, -0.379845)(-0.193798, -0.313953)(-0.29845, -0.430233)(-0.236434, -0.213178)(-0.104651, -0.0930233)(-0.0930233, 0.131783)(-0.0542636, 0.360465)(0.0503876, 0.5)(0.100775, 0.310078)(0.124031, 0.0852713)(0.139535, -0.143411)(0.286822, -0.27907)
				 (264, 239)(-0.104651, -0.182171)(0.139535, -0.193798)(0.189922, -0.29845)(-0.166667, -0.27907)(0.0620155, -0.329457)(-0.0387597, -0.329457)(-0.232558, -0.205426)(-0.0426357, 0.492248)(0.0813953, 0.5)(0.255814, -0.228682)(0.286822, -0.275194)(0.27907, -0.5)(0.0620155, -0.449612)(0.0155039, -0.484496)(-0.162791, -0.282946)(-0.236434, -0.453488)
descriptor[i][.]=(266, 240)(-0.493506, -0.458824)(0.487013, -0.47451)(-0.0714286, 0.501961)(0.11039, 0.501961)
				 (266, 240)(-0.298039, -0.458824)(0.294118, -0.47451)(-0.0431373, 0.501961)(0.0666667, 0.501961)
				 (266, 240)(-0.0196078, -0.498039)(-0.101961, -0.313725)(-0.219608, -0.415686)(-0.270588, -0.321569)(-0.141176, -0.196078)(-0.101961, 0.0196078)(-0.0784314, 0.243137)(-0.054902, 0.470588)(0.0901961, 0.435294)(0.0980392, 0.207843)(0.121569, -0.0196078)(0.180392, -0.207843)(0.290196, -0.368627)(0.227451, -0.4)(0.0784314, -0.32549)
				 (266, 240)(-0.117647, -0.180392)(0.129412, -0.192157)(0.192157, -0.294118)(-0.176471, -0.278431)(0.0509804, -0.337255)(-0.0509804, -0.337255)(-0.262745, -0.235294)(-0.239216, -0.2)(-0.054902, 0.486275)(0.0666667, 0.501961)(0.133333, -0.176471)(0.235294, -0.211765)(0.301961, -0.458824)(0.262745, -0.478431)(0.192157, -0.294118)(0.133333, -0.32549)(0.0588235, -0.411765)(0.0313725, -0.482353)(-0.0196078, -0.498039)(-0.0588235, -0.454902)(-0.141176, -0.301961)(-0.172549, -0.282353)(-0.219608, -0.415686)
