twohand_waveDescr6.dat
size1 28
size3 29
beh_type.id 12
sizes[]=48 45 46 40 41 51 42 44 47 48 45 47 45 43 49 48 48 48 43 47 51 42 40 50 49 52 47 48 
thresholds[]=0.16 0.16 0.16 0.16 0.16 0.16 0.16 0.16 0.16 0.16 0.16 0.16 0.16 0.16 0.16 0.16 0.16 0.16 0.16 0.16 0.16 0.16 0.16 0.16 0.16 0.16 0.16 0.16 
map[0][.]=0 1 0 0 0 0 0 0 0 0 0 0 0 0 0 0 0 0 0 0 0 0 0 0 0 0 0 0 0 
map[1][.]=0 0 1 0 0 0 0 0 0 0 0 0 0 0 0 0 0 0 0 0 0 0 0 0 0 0 0 0 0 
map[2][.]=0 0 0 1 0 0 0 0 0 0 0 0 0 0 0 0 0 0 0 0 0 0 0 0 0 0 0 0 0 
map[3][.]=0 0 0 0 1 0 0 0 0 0 0 0 0 0 0 0 0 0 0 0 0 0 0 0 0 0 0 0 0 
map[4][.]=0 0 0 0 0 1 0 0 0 0 0 0 0 0 0 0 0 0 0 0 0 0 0 0 0 0 0 0 0 
map[5][.]=0 0 0 0 0 0 1 0 0 0 0 0 0 0 0 0 0 0 0 0 0 0 0 0 0 0 0 0 0 
map[6][.]=0 0 0 0 0 0 0 1 0 0 0 0 0 0 0 0 0 0 0 0 0 0 0 0 0 0 0 0 0 
map[7][.]=0 0 0 0 0 0 0 0 1 0 0 0 0 0 0 0 0 0 0 0 0 0 0 0 0 0 0 0 0 
map[8][.]=0 0 0 0 0 0 0 0 0 1 0 0 0 0 0 0 0 0 0 0 0 0 0 0 0 0 0 0 0 
map[9][.]=0 0 0 0 0 0 0 0 0 0 1 0 0 0 0 0 0 0 0 0 0 0 0 0 0 0 0 0 0 
map[10][.]=0 0 0 0 0 0 0 0 0 0 0 1 0 0 0 0 0 0 0 0 0 0 0 0 0 0 0 0 0 
map[11][.]=0 0 0 0 0 0 0 0 0 0 0 0 1 0 0 0 0 0 0 0 0 0 0 0 0 0 0 0 0 
map[12][.]=0 0 0 0 0 0 0 0 0 0 0 0 0 1 0 0 0 0 0 0 0 0 0 0 0 0 0 0 0 
map[13][.]=0 0 0 0 0 0 0 0 0 0 0 0 0 0 1 0 0 0 0 0 0 0 0 0 0 0 0 0 0 
map[14][.]=0 0 0 0 0 0 0 0 0 0 0 0 0 0 0 1 0 0 0 0 0 0 0 0 0 0 0 0 0 
map[15][.]=0 0 0 0 0 0 0 0 0 0 0 0 0 0 0 0 1 0 0 0 0 0 0 0 0 0 0 0 0 
map[16][.]=0 0 0 0 0 0 0 0 0 0 0 0 0 0 0 0 0 1 0 0 0 0 0 0 0 0 0 0 0 
map[17][.]=0 0 0 0 0 0 0 0 0 0 0 0 0 0 0 0 0 0 1 0 0 0 0 0 0 0 0 0 0 
map[18][.]=0 0 0 0 0 0 0 0 0 0 0 0 0 0 0 0 0 0 0 1 0 0 0 0 0 0 0 0 0 
map[19][.]=0 0 0 0 0 0 0 0 0 0 0 0 0 0 0 0 0 0 0 0 1 0 0 0 0 0 0 0 0 
map[20][.]=0 0 0 0 0 0 0 0 0 0 0 0 0 0 0 0 0 0 0 0 0 1 0 0 0 0 0 0 0 
map[21][.]=0 0 0 0 0 0 0 0 0 0 0 0 0 0 0 0 0 0 0 0 0 0 1 0 0 0 0 0 0 
map[22][.]=0 0 0 0 0 0 0 0 0 0 0 0 0 0 0 0 0 0 0 0 0 0 0 1 0 0 0 0 0 
map[23][.]=0 0 0 0 0 0 0 0 0 0 0 0 0 0 0 0 0 0 0 0 0 0 0 0 1 0 0 0 0 
map[24][.]=0 0 0 0 0 0 0 0 0 0 0 0 0 0 0 0 0 0 0 0 0 0 0 0 0 1 0 0 0 
map[25][.]=0 0 0 0 0 0 0 0 0 0 0 0 0 0 0 0 0 0 0 0 0 0 0 0 0 0 1 0 0 
map[26][.]=0 0 0 0 0 0 0 0 0 0 0 0 0 0 0 0 0 0 0 0 0 0 0 0 0 0 0 1 0 
map[27][.]=0 0 0 0 0 0 0 0 0 0 0 0 0 0 0 0 0 0 0 0 0 0 0 0 0 0 0 0 1 
map[28][.]=0 0 0 0 0 0 0 0 0 0 0 0 0 0 0 0 0 0 0 0 0 0 0 0 0 0 0 0 0 
isLast[.]=false false false false false false false false false false false false false false false false false false false false false false false false false false false false true 
descriptor[i][.]=(317, 245)(-0.47929, -0.471264)(0.485207, -0.494253)(-0.147929, 0.501916)(0.159763, 0.501916)
				 (317, 245)(-0.310345, -0.471264)(0.314176, -0.494253)(-0.0957854, 0.501916)(0.103448, 0.501916)
				 (317, 245)(0.287356, -0.498084)(0.145594, -0.314176)(0.0344828, -0.463602)(-0.0842912, -0.302682)(-0.245211, -0.463602)(-0.245211, -0.329502)(-0.0881226, -0.172414)(-0.103448, 0.0574713)(-0.0996169, 0.287356)(-0.0881226, 0.501916)(0.0536398, 0.494253)(0.103448, 0.329502)(0.111111, 0.0996169)(0.111111, -0.130268)(0.249042, -0.295019)
				 (317, 245)(-0.0881226, -0.206897)(0.00383142, 0.417625)(0.111111, -0.195402)(0.130268, -0.310345)(0.210728, -0.348659)(0.0651341, -0.344828)(-0.0957854, -0.302682)(-0.111111, 0.494253)(-0.0383142, 0.501916)(0.0306513, 0.471264)(0.0536398, 0.498084)(0.103448, 0.501916)(0.32567, -0.482759)(0.264368, -0.48659)(0.210728, -0.348659)(0.1341, -0.314176)(0.0804598, -0.367816)(0.0842912, -0.409962)(0.0383142, -0.463602)(-0.00766284, -0.467433)(-0.245211, -0.467433)
descriptor[i][.]=(316, 247)(-0.47561, -0.484496)(0.487805, -0.496124)(-0.158537, 0.5)(0.170732, 0.5)
				 (316, 247)(-0.302326, -0.484496)(0.310078, -0.496124)(-0.100775, 0.5)(0.108527, 0.5)
				 (316, 247)(0.286822, -0.5)(0.147287, -0.325581)(0.0271318, -0.476744)(-0.0968992, -0.317829)(-0.263566, -0.488372)(-0.22093, -0.306202)(-0.0852713, -0.131783)(-0.0968992, 0.108527)(-0.0968992, 0.344961)(-0.0310078, 0.484496)(0.0387597, 0.449612)(0.108527, 0.360465)(0.116279, 0.124031)(0.112403, -0.116279)(0.24031, -0.294574)
				 (316, 247)(-0.0813953, -0.209302)(0.00387597, 0.356589)(0.120155, -0.209302)(-0.0813953, -0.313953)(0.139535, -0.321705)(-0.166667, -0.341085)(-0.108527, 0.496124)(-0.0387597, 0.5)(0.0426357, 0.476744)(0.0968992, 0.5)(0.244186, -0.294574)(0.317829, -0.488372)(0.251938, -0.488372)(0.0465116, -0.472868)(-0.0193798, -0.476744)(-0.166667, -0.341085)(-0.232558, -0.468992)(-0.294574, -0.488372)
descriptor[i][.]=(316, 245)(-0.493151, -0.482759)(0.493151, -0.490421)(-0.178082, 0.501916)(0.205479, 0.501916)
				 (316, 245)(-0.275862, -0.482759)(0.275862, -0.490421)(-0.0996169, 0.501916)(0.114943, 0.501916)
				 (316, 245)(0.241379, -0.498084)(0.141762, -0.310345)(0.045977, -0.45977)(-0.0766284, -0.302682)(-0.199234, -0.467433)(-0.233716, -0.333333)(-0.0804598, -0.16092)(-0.0957854, 0.0727969)(-0.091954, 0.302682)(-0.0727969, 0.501916)(0.0421456, 0.48659)(0.10728, 0.348659)(0.111111, 0.118774)(0.111111, -0.114943)(0.245211, -0.295019)
				 (316, 245)(-0.0842912, -0.206897)(0.00766284, 0.40613)(0.118774, -0.199234)(-0.0766284, -0.302682)(0.137931, -0.306513)(-0.157088, -0.321839)(-0.157088, -0.241379)(-0.111111, 0.490421)(-0.0536398, 0.501916)(0.0306513, 0.482759)(0.114943, 0.501916)(0.126437, 0.478927)(0.279693, -0.48659)(0.241379, -0.498084)(0.0881226, -0.417625)(0.045977, -0.45977)(-0.00383142, -0.45977)(-0.157088, -0.321839)(-0.199234, -0.467433)
descriptor[i][.]=(320, 243)(-0.429752, -0.5)(0.355372, -0.5)(-0.239669, 0.5)(0.190083, 0.492481)
				 (320, 243)(-0.195489, -0.5)(0.161654, -0.5)(-0.109023, 0.5)(0.0864662, 0.492481)
				 (320, 243)(-0.195489, -0.5)(-0.218045, -0.274436)(-0.093985, -0.093985)(-0.109023, 0.135338)(-0.105263, 0.368421)(-0.0413534, 0.466165)(0.075188, 0.488722)(0.0864662, 0.274436)(0.101504, 0.0413534)(0.105263, -0.18797)(0.218045, -0.37594)(0.139098, -0.428571)(0.0526316, -0.31203)(-0.0451128, -0.43609)(-0.161654, -0.308271)
				 (320, 243)(-0.0902256, -0.161654)(-0.0075188, 0.390977)(0.0977444, -0.172932)(-0.214286, -0.263158)(-0.120301, 0.0338346)(-0.116541, 0.496241)(-0.0488722, 0.5)(0.0338346, 0.481203)(0.0864662, 0.492481)(0.214286, -0.274436)(0.229323, -0.31203)(0.169173, -0.496241)(-0.195489, -0.5)
descriptor[i][.]=(320, 243)(-0.338983, -0.5)(0.262712, -0.5)(-0.254237, 0.5)(0.194915, 0.5)
				 (320, 243)(-0.150376, -0.5)(0.116541, -0.5)(-0.112782, 0.5)(0.0864662, 0.5)
				 (320, 243)(-0.150376, -0.5)(-0.218045, -0.274436)(-0.093985, -0.0902256)(-0.109023, 0.150376)(-0.101504, 0.390977)(-0.0338346, 0.43985)(0.0263158, 0.477444)(0.0977444, 0.330827)(0.101504, 0.093985)(0.093985, -0.146617)(0.218045, -0.334586)(0.0864662, -0.473684)(0.0827068, -0.296992)(-0.0263158, -0.443609)(-0.154135, -0.304511)
				 (320, 243)(-0.093985, -0.18797)(-0.0075188, 0.345865)(0.093985, -0.150376)(0.109023, -0.206767)(-0.12406, 0.484962)(-0.056391, 0.5)(0.0451128, 0.496241)(0.0864662, 0.5)(0.093985, -0.150376)(0.109023, -0.199248)(0.210526, -0.274436)(0.218045, -0.353383)(0.161654, -0.469925)(-0.150376, -0.5)
descriptor[i][.]=(319, 243)(-0.279661, -0.5)(0.254237, -0.496241)(-0.254237, 0.5)(0.262712, 0.5)
				 (319, 243)(-0.12406, -0.5)(0.112782, -0.496241)(-0.112782, 0.5)(0.116541, 0.5)
				 (319, 243)(-0.12406, -0.5)(-0.218045, -0.285714)(-0.0902256, -0.0977444)(-0.101504, 0.135338)(-0.101504, 0.37218)(-0.0300752, 0.462406)(0.0451128, 0.488722)(0.093985, 0.349624)(0.101504, 0.112782)(0.0977444, -0.12406)(0.221805, -0.323308)(0.0902256, -0.477444)(0.0977444, -0.296992)(-0.0150376, -0.454887)(-0.12782, -0.296992)
				 (319, 243)(-0.0864662, -0.157895)(-0.0075188, 0.368421)(0.0977444, -0.154135)(-0.0902256, -0.289474)(0.120301, -0.218045)(0.12406, -0.296992)(-0.146617, -0.330827)(-0.120301, 0.496241)(-0.056391, 0.5)(0.0488722, 0.496241)(0.116541, 0.5)(0.0977444, -0.154135)(0.120301, -0.214286)(0.180451, -0.244361)(0.214286, -0.274436)(0.221805, -0.345865)(0.180451, -0.443609)(0.112782, -0.496241)(0.037594, -0.43985)(-0.0300752, -0.454887)(-0.0902256, -0.289474)(-0.146617, -0.330827)(-0.0864662, -0.466165)(-0.12406, -0.5)
descriptor[i][.]=(320, 243)(-0.347458, -0.5)(0.338983, -0.5)(-0.228814, 0.5)(0.186441, 0.5)
				 (320, 243)(-0.154135, -0.5)(0.150376, -0.5)(-0.101504, 0.5)(0.0827068, 0.5)
				 (320, 243)(-0.154135, -0.5)(-0.221805, -0.289474)(-0.093985, -0.112782)(-0.109023, 0.112782)(-0.105263, 0.338346)(-0.0451128, 0.492481)(0.075188, 0.496241)(0.0902256, 0.289474)(0.0977444, 0.0601504)(0.0977444, -0.165414)(0.218045, -0.342105)(0.116541, -0.454887)(0.0827068, -0.300752)(-0.037594, -0.43985)(-0.150376, -0.300752)
				 (320, 243)(-0.093985, -0.18797)(-0.0075188, 0.406015)(0.0977444, -0.176692)(-0.210526, -0.259398)(-0.120301, 0.037594)(-0.109023, 0.496241)(-0.0526316, 0.5)(0.0451128, 0.496241)(0.0827068, 0.5)(0.101504, 0.093985)(0.18797, -0.24812)(0.210526, -0.274436)(0.199248, -0.43985)(0.172932, -0.484962)(-0.176692, -0.488722)
descriptor[i][.]=(316, 244)(-0.482014, -0.486692)(0.482014, -0.494297)(-0.194245, 0.501901)(0.18705, 0.501901)
				 (316, 244)(-0.254753, -0.486692)(0.254753, -0.494297)(-0.102662, 0.501901)(0.0988593, 0.501901)
				 (316, 244)(0.231939, -0.498099)(0.13308, -0.304183)(0.0228137, -0.463878)(-0.0874525, -0.30038)(-0.201521, -0.486692)(-0.205323, -0.304183)(-0.0798479, -0.125475)(-0.095057, 0.110266)(-0.095057, 0.346008)(-0.0304183, 0.501901)(0.026616, 0.429658)(0.106464, 0.380228)(0.114068, 0.144487)(0.110266, -0.095057)(0.231939, -0.285171)
				 (316, 244)(-0.0836502, -0.193916)(0.00760456, 0.357414)(0.114068, -0.190114)(-0.0722433, -0.30038)(0.136882, -0.304183)(-0.148289, -0.323194)(-0.110266, 0.498099)(-0.0304183, 0.501901)(0.0608365, 0.498099)(0.0988593, 0.501901)(0.26616, -0.444867)(0.258555, -0.490494)(0.212928, -0.490494)(0.0456274, -0.456274)(-0.0190114, -0.463878)(-0.148289, -0.323194)(-0.193916, -0.48289)
descriptor[i][.]=(316, 245)(-0.5, -0.471264)(0.487013, -0.494253)(-0.155844, 0.501916)(0.168831, 0.501916)
				 (316, 245)(-0.295019, -0.471264)(0.287356, -0.494253)(-0.091954, 0.501916)(0.0996169, 0.501916)
				 (316, 245)(0.252874, -0.498084)(0.1341, -0.314176)(0.0229885, -0.471264)(-0.0881226, -0.310345)(-0.241379, -0.478927)(-0.210728, -0.310345)(-0.0804598, -0.1341)(-0.0957854, 0.0957854)(-0.0957854, 0.321839)(-0.0536398, 0.501916)(0.0498084, 0.478927)(0.10728, 0.333333)(0.111111, 0.103448)(0.111111, -0.126437)(0.241379, -0.302682)
				 (316, 245)(-0.0804598, -0.199234)(0.0114943, 0.394636)(0.114943, -0.199234)(0.130268, -0.310345)(0.187739, -0.333333)(0.0766284, -0.32567)(-0.0957854, -0.310345)(-0.10728, 0.494253)(-0.0344828, 0.501916)(0.0498084, 0.482759)(0.0996169, 0.501916)(0.118774, -0.0613027)(0.264368, -0.337165)(0.295019, -0.467433)(0.229885, -0.48659)(0.187739, -0.337165)(0.1341, -0.314176)(0.045977, -0.463602)(-0.0229885, -0.471264)(-0.222222, -0.475096)
descriptor[i][.]=(315, 245)(-0.493333, -0.471264)(0.493333, -0.494253)(-0.153333, 0.501916)(0.173333, 0.501916)
				 (315, 245)(-0.283525, -0.471264)(0.283525, -0.494253)(-0.0881226, 0.501916)(0.0996169, 0.501916)
				 (315, 245)(0.229885, -0.498084)(0.130268, -0.310345)(0.0344828, -0.467433)(-0.091954, -0.310345)(-0.229885, -0.482759)(-0.203065, -0.310345)(-0.0804598, -0.122605)(-0.0996169, 0.10728)(-0.0957854, 0.337165)(-0.0306513, 0.501916)(0.0613027, 0.494253)(0.114943, 0.318008)(0.122605, 0.0842912)(0.118774, -0.145594)(0.252874, -0.318008)
				 (315, 245)(-0.0766284, -0.206897)(0.0114943, 0.402299)(0.118774, -0.199234)(0.1341, -0.310345)(0.191571, -0.337165)(0.0689655, -0.32567)(-0.0766284, -0.306513)(-0.10728, 0.490421)(-0.0268199, 0.501916)(0.0344828, 0.482759)(0.0996169, 0.501916)(0.122605, 0.0881226)(0.210728, -0.260536)(0.287356, -0.490421)(0.229885, -0.498084)(0.191571, -0.344828)(0.137931, -0.314176)(0.045977, -0.463602)(0.00766284, -0.471264)(-0.0268199, -0.448276)(-0.195402, -0.467433)
descriptor[i][.]=(316, 244)(-0.474074, -0.492424)(0.451852, -0.5)(-0.185185, 0.5)(0.133333, 0.5)
				 (316, 244)(-0.242424, -0.492424)(0.231061, -0.5)(-0.094697, 0.5)(0.0681818, 0.5)
				 (316, 244)(0.215909, -0.5)(0.143939, -0.310606)(0.0492424, -0.44697)(-0.0606061, -0.306818)(-0.174242, -0.465909)(-0.219697, -0.352273)(-0.0833333, -0.181818)(-0.106061, 0.0454545)(-0.0909091, 0.272727)(-0.0984848, 0.496212)(0.0378788, 0.473485)(0.106061, 0.340909)(0.109848, 0.113636)(0.109848, -0.113636)(0.234848, -0.295455)
				 (316, 244)(-0.0833333, -0.19697)(0.00757576, 0.412879)(0.113636, -0.193182)(0.128788, -0.30303)(0.185606, -0.340909)(0.0681818, -0.318182)(-0.109848, -0.30303)(-0.106061, 0.492424)(-0.0378788, 0.492424)(0.0568182, 0.496212)(0.106061, 0.488636)(0.117424, 0.0909091)(0.238636, -0.496212)(0.193182, -0.488636)(0.132576, -0.306818)(0.0454545, -0.454545)(0, -0.462121)(-0.174242, -0.465909)
descriptor[i][.]=(320, 242)(-0.368421, -0.498127)(0.315789, -0.494382)(-0.307018, 0.498127)(0.201754, 0.501873)
				 (320, 242)(-0.157303, -0.498127)(0.134831, -0.494382)(-0.131086, 0.498127)(0.0861423, 0.501873)
				 (320, 242)(-0.157303, -0.498127)(-0.209738, -0.277154)(-0.0973783, -0.0861423)(-0.11236, 0.149813)(-0.101124, 0.385768)(-0.0262172, 0.501873)(0.00749064, 0.479401)(0.0898876, 0.355805)(0.093633, 0.11985)(0.093633, -0.116105)(0.213483, -0.318352)(0.0973783, -0.486891)(0.0898876, -0.292135)(-0.00749064, -0.449438)(-0.123596, -0.292135)
				 (320, 242)(-0.0973783, -0.187266)(-0.00749064, 0.389513)(0.093633, -0.161049)(-0.127341, -0.292135)(0.108614, -0.292135)(-0.071161, -0.299625)(-0.149813, -0.340824)(-0.209738, -0.262172)(-0.138577, 0.483146)(-0.0262172, 0.501873)(0.0262172, 0.498127)(0.0861423, 0.501873)(0.205993, -0.374532)(0.104869, -0.494382)(0.093633, -0.460674)(0.0299625, -0.441948)(-0.0374532, -0.449438)(-0.071161, -0.303371)(-0.149813, -0.340824)(-0.116105, -0.460674)
descriptor[i][.]=(320, 242)(-0.298246, -0.494382)(0.201754, -0.498127)(-0.254386, 0.501873)(0.201754, 0.501873)
				 (320, 242)(-0.127341, -0.494382)(0.0861423, -0.498127)(-0.108614, 0.501873)(0.0861423, 0.501873)
				 (320, 242)(0.0674157, -0.498127)(-0.0599251, -0.378277)(-0.127341, -0.367041)(-0.149813, -0.456929)(-0.202247, -0.254682)(-0.101124, -0.0973783)(-0.11236, 0.108614)(-0.108614, 0.310861)(-0.0973783, 0.498127)(0.0149813, 0.430712)(0.093633, 0.430712)(0.0786517, 0.224719)(0.0898876, 0.0187266)(0.101124, -0.187266)(0.202247, -0.348315)
				 (320, 242)(-0.093633, -0.183521)(-0.00749064, 0.393258)(0.093633, -0.164794)(-0.093633, -0.292135)(-0.142322, -0.329588)(-0.123596, 0.123596)(-0.11985, 0.494382)(-0.0561798, 0.501873)(0.0187266, 0.486891)(0.0861423, 0.501873)(0.101124, 0.419476)(0.209738, -0.280899)(0.123596, -0.483146)(0.0861423, -0.498127)(-0.142322, -0.329588)(-0.0861423, -0.438202)(-0.0861423, -0.486891)(-0.127341, -0.494382)
descriptor[i][.]=(319, 243)(-0.230088, -0.5)(0.212389, -0.496241)(-0.283186, 0.496241)(0.221239, 0.5)
				 (319, 243)(-0.0977444, -0.5)(0.0902256, -0.496241)(-0.120301, 0.496241)(0.093985, 0.5)
				 (319, 243)(-0.0977444, -0.5)(-0.206767, -0.323308)(-0.0902256, -0.169173)(-0.116541, 0.0300752)(-0.105263, 0.221805)(-0.105263, 0.421053)(-0.037594, 0.462406)(0.0075188, 0.293233)(0.0413534, 0.484962)(0.0977444, 0.360902)(0.093985, 0.161654)(0.0977444, -0.037594)(0.131579, -0.229323)(0.176692, -0.390977)(0.0413534, -0.469925)
				 (319, 243)(-0.0902256, -0.180451)(-0.0075188, 0.285714)(0.093985, -0.161654)(-0.0488722, -0.43985)(-0.12782, 0.481203)(-0.0488722, 0.5)(0.0488722, 0.496241)(0.093985, 0.5)(0.203008, -0.270677)(0.214286, -0.330827)(0.116541, -0.481203)(0.0526316, -0.496241)(-0.0451128, -0.443609)(-0.0601504, -0.492481)(-0.0977444, -0.5)(-0.146617, -0.454887)
descriptor[i][.]=(320, 242)(-0.307018, -0.496269)(0.219298, -0.5)(-0.254386, 0.5)(0.184211, 0.5)
				 (320, 242)(-0.130597, -0.496269)(0.0932836, -0.5)(-0.108209, 0.5)(0.0783582, 0.5)
				 (320, 242)(0.0858209, -0.5)(0.126866, -0.298507)(0.0223881, -0.440299)(-0.108209, -0.294776)(-0.0932836, -0.477612)(-0.212687, -0.320896)(-0.0970149, -0.145522)(-0.11194, 0.0783582)(-0.108209, 0.302239)(-0.0895522, 0.5)(0.0298507, 0.485075)(0.0895522, 0.335821)(0.0932836, 0.108209)(0.0895522, -0.115672)(0.212687, -0.302239)
				 (320, 242)(-0.0932836, -0.182836)(-0.00746269, 0.410448)(0.0932836, -0.16791)(0.108209, -0.291045)(0.13806, -0.33209)(0.0559701, -0.313433)(-0.13806, -0.294776)(-0.208955, -0.257463)(-0.123134, 0.481343)(-0.0634328, 0.5)(0.011194, 0.481343)(0.0783582, 0.5)(0.208955, -0.287313)(0.141791, -0.473881)(0.0858209, -0.5)(0.134328, -0.335821)(0.108209, -0.291045)(0.0671642, -0.33209)(0.0708955, -0.395522)(0.0261194, -0.440299)(-0.115672, -0.496269)(-0.152985, -0.485075)
descriptor[i][.]=(315, 242)(-0.432, -0.492537)(0.456, -0.5)(-0.176, 0.5)(0.184, 0.5)
				 (315, 242)(-0.201493, -0.492537)(0.212687, -0.5)(-0.0820896, 0.5)(0.0858209, 0.5)
				 (315, 242)(0.197761, -0.5)(0.160448, -0.302239)(0.0447761, -0.440299)(-0.0671642, -0.294776)(-0.164179, -0.470149)(-0.201493, -0.320896)(-0.0746269, -0.152985)(-0.0970149, 0.0746269)(-0.0895522, 0.30597)(-0.0559701, 0.5)(0.0373134, 0.466418)(0.108209, 0.358209)(0.108209, 0.126866)(0.104478, -0.104478)(0.235075, -0.291045)
				 (315, 242)(-0.0746269, -0.179104)(0.011194, 0.38806)(0.11194, -0.171642)(0.134328, -0.291045)(0.179104, -0.317164)(0.0820896, -0.30597)(-0.104478, -0.291045)(-0.190299, -0.253731)(-0.104478, 0.0410448)(-0.0970149, 0.492537)(-0.0410448, 0.5)(0.0373134, 0.485075)(0.123134, 0.481343)(0.231343, -0.488806)(0.160448, -0.481343)(0.13806, -0.294776)(0.0932836, -0.380597)(0.0485075, -0.440299)(-0.0186567, -0.447761)(-0.156716, -0.462687)(-0.186567, -0.492537)
descriptor[i][.]=(314, 242)(-0.475177, -0.468165)(0.489362, -0.494382)(-0.156028, 0.501873)(0.212766, 0.501873)
				 (314, 242)(-0.250936, -0.468165)(0.258427, -0.494382)(-0.082397, 0.501873)(0.11236, 0.501873)
				 (314, 242)(0.23221, -0.498127)(0.153558, -0.299625)(0.0449438, -0.445693)(-0.0749064, -0.29588)(-0.198502, -0.468165)(-0.202247, -0.29588)(-0.0786517, -0.11985)(-0.0898876, 0.11236)(-0.0861423, 0.344569)(-0.0299625, 0.486891)(0.0411985, 0.464419)(0.116105, 0.370787)(0.116105, 0.138577)(0.11236, -0.0973783)(0.2397, -0.284644)
				 (314, 242)(-0.071161, -0.187266)(0.011236, 0.370787)(0.11236, -0.164794)(0.134831, -0.292135)(0.187266, -0.318352)(0.0786517, -0.307116)(-0.101124, -0.292135)(-0.187266, -0.258427)(-0.104869, 0.479401)(-0.0411985, 0.501873)(0.0486891, 0.498127)(0.11236, 0.501873)(0.116105, -0.149813)(0.209738, -0.247191)(0.247191, -0.292135)(0.258427, -0.494382)(0.187266, -0.325843)(0.134831, -0.292135)(0.093633, -0.397004)(0.0524345, -0.441948)(-0.0149813, -0.449438)
descriptor[i][.]=(316, 244)(-0.490323, -0.467681)(0.483871, -0.494297)(-0.174194, 0.501901)(0.180645, 0.501901)
				 (316, 244)(-0.288973, -0.467681)(0.285171, -0.494297)(-0.102662, 0.501901)(0.106464, 0.501901)
				 (316, 244)(0.262357, -0.498099)(0.148289, -0.311787)(0.0456274, -0.452471)(-0.0722433, -0.307985)(-0.224335, -0.471483)(-0.21673, -0.315589)(-0.0836502, -0.148289)(-0.102662, 0.0874525)(-0.095057, 0.319392)(-0.0570342, 0.501901)(0.0380228, 0.463878)(0.106464, 0.361217)(0.106464, 0.125475)(0.106464, -0.110266)(0.231939, -0.292776)
				 (316, 244)(-0.0798479, -0.205323)(0.00760456, 0.387833)(0.110266, -0.190114)(0.129278, -0.304183)(0.18251, -0.323194)(0.0646388, -0.323194)(-0.102662, -0.304183)(-0.0798479, -0.205323)(-0.110266, 0.498099)(-0.0304183, 0.501901)(0.0608365, 0.494297)(0.106464, 0.501901)(0.205323, -0.258555)(0.288973, -0.490494)(0.228137, -0.486692)(0.18251, -0.326996)(0.129278, -0.304183)(0.0874525, -0.391635)(0.0456274, -0.456274)(0, -0.463878)(-0.209125, -0.460076)
descriptor[i][.]=(317, 243)(-0.47619, -0.471698)(0.482993, -0.49434)(-0.156463, 0.501887)(0.197279, 0.501887)
				 (317, 243)(-0.264151, -0.471698)(0.267925, -0.49434)(-0.0867925, 0.501887)(0.109434, 0.501887)
				 (317, 243)(0.233962, -0.498113)(0.124528, -0.298113)(0.0339623, -0.45283)(-0.0830189, -0.301887)(-0.207547, -0.471698)(-0.215094, -0.298113)(-0.090566, -0.128302)(-0.101887, 0.109434)(-0.0943396, 0.34717)(-0.0264151, 0.479245)(0.0301887, 0.45283)(0.10566, 0.369811)(0.101887, 0.128302)(0.101887, -0.109434)(0.233962, -0.290566)
				 (317, 243)(-0.0830189, -0.188679)(0.00377358, 0.354717)(0.10566, -0.184906)(0.0716981, -0.29434)(0.173585, -0.316981)(-0.116981, -0.298113)(-0.113208, 0.486792)(-0.0415094, 0.501887)(0.0339623, 0.471698)(0.109434, 0.501887)(0.279245, -0.467925)(0.233962, -0.498113)(0.173585, -0.320755)(0.0754717, -0.298113)(0.0415094, -0.449057)(-0.196226, -0.464151)
descriptor[i][.]=(317, 242)(-0.473282, -0.486891)(0.473282, -0.498127)(-0.183206, 0.501873)(0.19084, 0.501873)
				 (317, 242)(-0.23221, -0.486891)(0.23221, -0.498127)(-0.0898876, 0.501873)(0.093633, 0.501873)
				 (317, 242)(0.209738, -0.498127)(0.131086, -0.29588)(0.0149813, -0.449438)(-0.11236, -0.292135)(-0.209738, -0.486891)(-0.209738, -0.284644)(-0.0861423, -0.104869)(-0.104869, 0.131086)(-0.093633, 0.367041)(-0.0299625, 0.456929)(0.0374532, 0.456929)(0.101124, 0.367041)(0.101124, 0.131086)(0.0973783, -0.104869)(0.228464, -0.292135)
				 (317, 242)(-0.0861423, -0.191011)(0.00374532, 0.348315)(0.104869, -0.17603)(0.127341, -0.292135)(0.179775, -0.329588)(0.0599251, -0.325843)(-0.127341, -0.292135)(-0.116105, 0.0486891)(-0.0973783, 0.498127)(-0.0486891, 0.501873)(0.0374532, 0.498127)(0.093633, 0.501873)(0.108614, 0.0674157)(0.247191, -0.363296)(0.2397, -0.494382)(0.194757, -0.490637)(0.131086, -0.29588)(-0.0262172, -0.441948)(-0.168539, -0.453184)(-0.191011, -0.483146)
descriptor[i][.]=(320, 240)(-0.359649, -0.490775)(0.27193, -0.498155)(-0.219298, 0.501845)(0.210526, 0.501845)
				 (320, 240)(-0.151292, -0.490775)(0.114391, -0.498155)(-0.0922509, 0.501845)(0.0885609, 0.501845)
				 (320, 240)(0.110701, -0.498155)(0.110701, -0.280443)(0.0221402, -0.431734)(-0.0774908, -0.284133)(-0.103321, -0.450185)(-0.210332, -0.335793)(-0.0922509, -0.151292)(-0.121771, 0.0738007)(-0.103321, 0.306273)(-0.0664207, 0.501845)(0.0332103, 0.498155)(0.0885609, 0.350554)(0.0885609, 0.118081)(0.0885609, -0.110701)(0.210332, -0.295203)
				 (320, 240)(-0.0922509, -0.162362)(-0.00738007, 0.402214)(0.0885609, -0.154982)(0.0627306, -0.276753)(0.140221, -0.306273)(-0.136531, -0.284133)(-0.206642, -0.243542)(-0.125461, 0.0553506)(-0.099631, 0.498155)(-0.0664207, 0.501845)(0.0332103, 0.498155)(0.0885609, 0.501845)(0.110701, 0.416974)(0.0922509, -0.143911)(0.210332, -0.291513)(0.110701, -0.498155)(0.0922509, -0.446494)(0.0664207, -0.280443)(0.0701107, -0.357934)(0.0295203, -0.428044)(-0.0147601, -0.435424)(-0.0590406, -0.405904)(-0.103321, -0.435424)(-0.143911, -0.490775)
descriptor[i][.]=(319, 242)(-0.185841, -0.498127)(0.132743, -0.494382)(-0.256637, 0.501873)(0.19469, 0.498127)
				 (319, 242)(-0.0786517, -0.498127)(0.0561798, -0.494382)(-0.108614, 0.501873)(0.082397, 0.498127)
				 (319, 242)(-0.0786517, -0.498127)(-0.183521, -0.340824)(-0.11236, -0.202247)(-0.104869, -0.0187266)(-0.116105, 0.164794)(-0.101124, 0.348315)(-0.0786517, 0.501873)(0.00374532, 0.374532)(0.0973783, 0.486891)(0.0898876, 0.303371)(0.093633, 0.11985)(0.093633, -0.0636704)(0.146067, -0.235955)(0.172285, -0.382022)(0.0374532, -0.490637)
				 (319, 242)(-0.0898876, -0.172285)(-0.00374532, 0.370787)(0.0973783, -0.179775)(-0.0299625, -0.441948)(-0.11985, 0.0486891)(-0.116105, 0.498127)(-0.0449438, 0.501873)(0.0224719, 0.468165)(0.082397, 0.498127)(0.205993, -0.269663)(0.213483, -0.314607)(0.101124, -0.483146)(0.0561798, -0.494382)(-0.0524345, -0.494382)(-0.0973783, -0.494382)
descriptor[i][.]=(319, 243)(-0.230088, -0.5)(0.159292, -0.5)(-0.247788, 0.5)(0.212389, 0.5)
				 (319, 243)(-0.0977444, -0.5)(0.0676692, -0.5)(-0.105263, 0.5)(0.0902256, 0.5)
				 (319, 243)(-0.0977444, -0.5)(-0.195489, -0.338346)(-0.109023, -0.206767)(-0.105263, -0.0225564)(-0.112782, 0.161654)(-0.105263, 0.349624)(-0.075188, 0.5)(0.0150376, 0.383459)(0.0977444, 0.488722)(0.0902256, 0.300752)(0.093985, 0.116541)(0.093985, -0.0714286)(0.150376, -0.240602)(0.165414, -0.387218)(0.0338346, -0.477444)
				 (319, 243)(-0.0902256, -0.165414)(-0.0037594, 0.368421)(0.093985, -0.169173)(-0.12406, 0.0451128)(-0.112782, 0.496241)(-0.0526316, 0.5)(0.0451128, 0.496241)(0.0902256, 0.5)(0.0977444, -0.157895)(0.214286, -0.285714)(0.120301, -0.458647)(0.093985, -0.488722)(-0.0977444, -0.5)
descriptor[i][.]=(319, 241)(-0.353982, -0.5)(0.283186, -0.496296)(-0.265487, 0.5)(0.212389, 0.5)
				 (319, 241)(-0.148148, -0.5)(0.118519, -0.496296)(-0.111111, 0.5)(0.0888889, 0.5)
				 (319, 241)(-0.148148, -0.5)(-0.207407, -0.281481)(-0.0925926, -0.0962963)(-0.111111, 0.133333)(-0.111111, 0.359259)(-0.037037, 0.492593)(0.0777778, 0.5)(0.0888889, 0.288889)(0.1, 0.062963)(0.0962963, -0.166667)(0.192593, -0.348148)(0.0851852, -0.455556)(0.0666667, -0.288889)(-0.0259259, -0.437037)(-0.133333, -0.288889)
				 (319, 241)(-0.0925926, -0.17037)(-0.0037037, 0.403704)(0.0851852, -0.114815)(-0.125926, -0.285185)(0.111111, -0.207407)(0.12963, -0.288889)(-0.0555556, -0.314815)(-0.122222, 0.0518519)(-0.118519, 0.496296)(-0.0444444, 0.5)(0.0481481, 0.496296)(0.0962963, 0.496296)(0.0851852, -0.114815)(0.111111, -0.203704)(0.174074, -0.233333)(0.2, -0.255556)(0.211111, -0.292593)(0.118519, -0.496296)(0.0333333, -0.433333)(-0.0222222, -0.440741)(-0.0555556, -0.411111)(-0.111111, -0.451852)(-0.148148, -0.5)
descriptor[i][.]=(319, 242)(-0.474138, -0.496269)(0.37931, -0.5)(-0.241379, 0.5)(0.215517, 0.5)
				 (319, 242)(-0.205224, -0.496269)(0.164179, -0.5)(-0.104478, 0.5)(0.0932836, 0.5)
				 (319, 242)(0.149254, -0.5)(0.123134, -0.291045)(0.0223881, -0.44403)(-0.104478, -0.291045)(-0.160448, -0.485075)(-0.212687, -0.30597)(-0.0932836, -0.115672)(-0.11194, 0.123134)(-0.104478, 0.358209)(-0.0298507, 0.466418)(0.0223881, 0.44403)(0.0895522, 0.380597)(0.0932836, 0.141791)(0.0895522, -0.0970149)(0.212687, -0.283582)
				 (319, 242)(-0.0895522, -0.182836)(-0.00373134, 0.354478)(0.0858209, -0.119403)(0.126866, -0.291045)(0.11194, -0.212687)(0.156716, -0.324627)(0.0485075, -0.298507)(-0.134328, -0.291045)(-0.11194, 0.496269)(-0.0485075, 0.5)(0.0932836, 0.5)(0.104478, 0.429104)(0.0858209, -0.119403)(0.11194, -0.208955)(0.182836, -0.238806)(0.171642, -0.496269)(0.126866, -0.481343)(0.152985, -0.328358)(0.0373134, -0.436567)(-0.0186567, -0.447761)(-0.156716, -0.477612)(-0.205224, -0.496269)
descriptor[i][.]=(313, 241)(-0.446154, -0.485185)(0.430769, -0.5)(-0.138462, 0.5)(0.238462, 0.5)
				 (313, 241)(-0.214815, -0.485185)(0.207407, -0.5)(-0.0666667, 0.5)(0.114815, 0.5)
				 (313, 241)(0.203704, -0.5)(0.159259, -0.292593)(0.0703704, -0.407407)(-0.0444444, -0.311111)(-0.166667, -0.414815)(-0.2, -0.355556)(-0.0703704, -0.181481)(-0.0962963, 0.0518519)(-0.0814815, 0.281481)(-0.0555556, 0.5)(0.0481481, 0.462963)(0.118519, 0.351852)(0.114815, 0.122222)(0.111111, -0.111111)(0.240741, -0.281481)
				 (313, 241)(-0.0666667, -0.177778)(0.0185185, 0.396296)(0.114815, -0.162963)(0.0851852, -0.281481)(0.185185, -0.314815)(-0.118519, -0.285185)(-0.0666667, -0.177778)(-0.0962963, 0.0518519)(-0.0814815, 0.485185)(-0.0148148, 0.5)(0.0444444, 0.459259)(0.0666667, 0.496296)(0.114815, 0.5)(0.118519, -0.148148)(0.214815, -0.237037)(0.240741, -0.47037)(0.207407, -0.5)(0.162963, -0.466667)(0.0888889, -0.285185)(0.0962963, -0.374074)(0.0518519, -0.437037)(0.0037037, -0.440741)(-0.037037, -0.407407)(-0.17037, -0.466667)(-0.207407, -0.485185)
descriptor[i][.]=(312, 242)(-0.463576, -0.458955)(0.496689, -0.492537)(-0.145695, 0.5)(0.211921, 0.5)
				 (312, 242)(-0.261194, -0.458955)(0.279851, -0.492537)(-0.0820896, 0.5)(0.119403, 0.5)
				 (312, 242)(0.231343, -0.5)(0.141791, -0.291045)(0.0261194, -0.447761)(-0.108209, -0.291045)(-0.264925, -0.455224)(-0.152985, -0.238806)(-0.0783582, -0.0335821)(-0.0746269, 0.216418)(-0.0820896, 0.466418)(0.00373134, 0.369403)(0.0410448, 0.391791)(0.119403, 0.406716)(0.123134, 0.152985)(0.119403, -0.100746)(0.246269, -0.298507)
				 (312, 242)(-0.0634328, -0.186567)(0.0149254, 0.279851)(0.123134, -0.179104)(0.149254, -0.291045)(0.201493, -0.339552)(0.0746269, -0.302239)(-0.119403, -0.291045)(-0.0634328, -0.186567)(-0.0895522, 0.496269)(0.011194, 0.481343)(0.0708955, 0.496269)(0.119403, 0.5)(0.283582, -0.488806)(0.231343, -0.5)(0.197761, -0.365672)(0.152985, -0.294776)(0.100746, -0.369403)(0.0559701, -0.44403)(0.0149254, -0.447761)(-0.197761, -0.458955)
descriptor[i][.]=(311, 242)(-0.482517, -0.460674)(0.48951, -0.494382)(-0.111888, 0.501873)(0.216783, 0.501873)
				 (311, 242)(-0.258427, -0.460674)(0.262172, -0.494382)(-0.0599251, 0.501873)(0.116105, 0.501873)
				 (311, 242)(0.235955, -0.498127)(0.157303, -0.292135)(0.0599251, -0.445693)(-0.0599251, -0.292135)(-0.191011, -0.460674)(-0.194757, -0.303371)(-0.0636704, -0.123596)(-0.0786517, 0.116105)(-0.0749064, 0.355805)(-0.00749064, 0.456929)(0.0449438, 0.434457)(0.127341, 0.378277)(0.123596, 0.138577)(0.123596, -0.101124)(0.250936, -0.28839)
				 (311, 242)(-0.0636704, -0.191011)(0.0224719, 0.348315)(0.123596, -0.164794)(0.157303, -0.292135)(0.202247, -0.329588)(0.0786517, -0.299625)(-0.116105, -0.292135)(-0.0674157, 0.498127)(-0.0374532, 0.501873)(0.0786517, 0.498127)(0.123596, 0.498127)(0.127341, -0.153558)(0.220974, -0.243446)(0.269663, -0.479401)(0.209738, -0.479401)(0.198502, -0.367041)(0.161049, -0.29588)(0.101124, -0.385768)(0.0599251, -0.445693)(0.00749064, -0.445693)(-0.179775, -0.445693)
