front_boxDescr7.dat
size1 35
size3 36
beh_type.id 17
sizes[]=38 41 42 37 35 39 39 42 44 39 40 39 42 36 46 47 46 39 39 40 39 42 45 45 40 36 41 41 37 46 46 41 39 41 42 
thresholds[]=0.16 0.16 0.16 0.16 0.16 0.16 0.16 0.16 0.16 0.16 0.16 0.16 0.16 0.16 0.16 0.16 0.16 0.16 0.16 0.16 0.16 0.16 0.16 0.16 0.16 0.16 0.16 0.16 0.16 0.16 0.16 0.16 0.16 0.16 0.16 
map[0][.]=0 1 0 0 0 0 0 0 0 0 0 0 0 0 0 0 0 0 0 0 0 0 0 0 0 0 0 0 0 0 0 0 0 0 0 0 
map[1][.]=0 0 1 0 0 0 0 0 0 0 0 0 0 0 0 0 0 0 0 0 0 0 0 0 0 0 0 0 0 0 0 0 0 0 0 0 
map[2][.]=0 0 0 1 0 0 0 0 0 0 0 0 0 0 0 0 0 0 0 0 0 0 0 0 0 0 0 0 0 0 0 0 0 0 0 0 
map[3][.]=0 0 0 0 1 0 0 0 0 0 0 0 0 0 0 0 0 0 0 0 0 0 0 0 0 0 0 0 0 0 0 0 0 0 0 0 
map[4][.]=0 0 0 0 0 1 0 0 0 0 0 0 0 0 0 0 0 0 0 0 0 0 0 0 0 0 0 0 0 0 0 0 0 0 0 0 
map[5][.]=0 0 0 0 0 0 1 0 0 0 0 0 0 0 0 0 0 0 0 0 0 0 0 0 0 0 0 0 0 0 0 0 0 0 0 0 
map[6][.]=0 0 0 0 0 0 0 1 0 0 0 0 0 0 0 0 0 0 0 0 0 0 0 0 0 0 0 0 0 0 0 0 0 0 0 0 
map[7][.]=0 0 0 0 0 0 0 0 1 0 0 0 0 0 0 0 0 0 0 0 0 0 0 0 0 0 0 0 0 0 0 0 0 0 0 0 
map[8][.]=0 0 0 0 0 0 0 0 0 1 0 0 0 0 0 0 0 0 0 0 0 0 0 0 0 0 0 0 0 0 0 0 0 0 0 0 
map[9][.]=0 0 0 0 0 0 0 0 0 0 1 0 0 0 0 0 0 0 0 0 0 0 0 0 0 0 0 0 0 0 0 0 0 0 0 0 
map[10][.]=0 0 0 0 0 0 0 0 0 0 0 1 0 0 0 0 0 0 0 0 0 0 0 0 0 0 0 0 0 0 0 0 0 0 0 0 
map[11][.]=0 0 0 0 0 0 0 0 0 0 0 0 1 0 0 0 0 0 0 0 0 0 0 0 0 0 0 0 0 0 0 0 0 0 0 0 
map[12][.]=0 0 0 0 0 0 0 0 0 0 0 0 0 1 0 0 0 0 0 0 0 0 0 0 0 0 0 0 0 0 0 0 0 0 0 0 
map[13][.]=0 0 0 0 0 0 0 0 0 0 0 0 0 0 1 0 0 0 0 0 0 0 0 0 0 0 0 0 0 0 0 0 0 0 0 0 
map[14][.]=0 0 0 0 0 0 0 0 0 0 0 0 0 0 0 1 0 0 0 0 0 0 0 0 0 0 0 0 0 0 0 0 0 0 0 0 
map[15][.]=0 0 0 0 0 0 0 0 0 0 0 0 0 0 0 0 1 0 0 0 0 0 0 0 0 0 0 0 0 0 0 0 0 0 0 0 
map[16][.]=0 0 0 0 0 0 0 0 0 0 0 0 0 0 0 0 0 1 0 0 0 0 0 0 0 0 0 0 0 0 0 0 0 0 0 0 
map[17][.]=0 0 0 0 0 0 0 0 0 0 0 0 0 0 0 0 0 0 1 0 0 0 0 0 0 0 0 0 0 0 0 0 0 0 0 0 
map[18][.]=0 0 0 0 0 0 0 0 0 0 0 0 0 0 0 0 0 0 0 1 0 0 0 0 0 0 0 0 0 0 0 0 0 0 0 0 
map[19][.]=0 0 0 0 0 0 0 0 0 0 0 0 0 0 0 0 0 0 0 0 1 0 0 0 0 0 0 0 0 0 0 0 0 0 0 0 
map[20][.]=0 0 0 0 0 0 0 0 0 0 0 0 0 0 0 0 0 0 0 0 0 1 0 0 0 0 0 0 0 0 0 0 0 0 0 0 
map[21][.]=0 0 0 0 0 0 0 0 0 0 0 0 0 0 0 0 0 0 0 0 0 0 1 0 0 0 0 0 0 0 0 0 0 0 0 0 
map[22][.]=0 0 0 0 0 0 0 0 0 0 0 0 0 0 0 0 0 0 0 0 0 0 0 1 0 0 0 0 0 0 0 0 0 0 0 0 
map[23][.]=0 0 0 0 0 0 0 0 0 0 0 0 0 0 0 0 0 0 0 0 0 0 0 0 1 0 0 0 0 0 0 0 0 0 0 0 
map[24][.]=0 0 0 0 0 0 0 0 0 0 0 0 0 0 0 0 0 0 0 0 0 0 0 0 0 1 0 0 0 0 0 0 0 0 0 0 
map[25][.]=0 0 0 0 0 0 0 0 0 0 0 0 0 0 0 0 0 0 0 0 0 0 0 0 0 0 1 0 0 0 0 0 0 0 0 0 
map[26][.]=0 0 0 0 0 0 0 0 0 0 0 0 0 0 0 0 0 0 0 0 0 0 0 0 0 0 0 1 0 0 0 0 0 0 0 0 
map[27][.]=0 0 0 0 0 0 0 0 0 0 0 0 0 0 0 0 0 0 0 0 0 0 0 0 0 0 0 0 1 0 0 0 0 0 0 0 
map[28][.]=0 0 0 0 0 0 0 0 0 0 0 0 0 0 0 0 0 0 0 0 0 0 0 0 0 0 0 0 0 1 0 0 0 0 0 0 
map[29][.]=0 0 0 0 0 0 0 0 0 0 0 0 0 0 0 0 0 0 0 0 0 0 0 0 0 0 0 0 0 0 1 0 0 0 0 0 
map[30][.]=0 0 0 0 0 0 0 0 0 0 0 0 0 0 0 0 0 0 0 0 0 0 0 0 0 0 0 0 0 0 0 1 0 0 0 0 
map[31][.]=0 0 0 0 0 0 0 0 0 0 0 0 0 0 0 0 0 0 0 0 0 0 0 0 0 0 0 0 0 0 0 0 1 0 0 0 
map[32][.]=0 0 0 0 0 0 0 0 0 0 0 0 0 0 0 0 0 0 0 0 0 0 0 0 0 0 0 0 0 0 0 0 0 1 0 0 
map[33][.]=0 0 0 0 0 0 0 0 0 0 0 0 0 0 0 0 0 0 0 0 0 0 0 0 0 0 0 0 0 0 0 0 0 0 1 0 
map[34][.]=0 0 0 0 0 0 0 0 0 0 0 0 0 0 0 0 0 0 0 0 0 0 0 0 0 0 0 0 0 0 0 0 0 0 0 1 
map[35][.]=0 0 0 0 0 0 0 0 0 0 0 0 0 0 0 0 0 0 0 0 0 0 0 0 0 0 0 0 0 0 0 0 0 0 0 0 
isLast[.]=false false false false false false false false false false false false false false false false false false false false false false false false false false false false false false false false false false false true 
descriptor[i][.]=(321, 248)(-0.0674157, -0.498258)(0.0224719, -0.498258)(-0.269663, 0.470383)(0.280899, 0.501742)
				 (321, 248)(-0.0209059, -0.498258)(0.00696864, -0.498258)(-0.0836237, 0.470383)(0.087108, 0.501742)
				 (321, 248)(-0.0209059, -0.498258)(-0.121951, -0.369338)(-0.10453, -0.222997)(-0.118467, -0.0627178)(-0.114983, 0.101045)(-0.108014, 0.261324)(-0.097561, 0.425087)(0.010453, 0.452962)(0.0766551, 0.45993)(0.0836237, 0.299652)(0.0940767, 0.135889)(0.0940767, -0.0243902)(0.135889, -0.132404)(0.125436, -0.285714)(0.0522648, -0.383275)
				 (321, 248)(0.0766551, -0.118467)(0.0383275, -0.33101)(-0.0905923, 0.466899)(0.087108, 0.501742)(0.101045, 0.0452962)(0.139373, -0.132404)(0.114983, -0.317073)(0.0662021, -0.397213)(0.0627178, -0.445993)(0.0348432, -0.487805)(-0.0209059, -0.498258)
descriptor[i][.]=(321, 248)(-0.0833333, -0.498246)(0.0520833, -0.498246)(-0.28125, 0.473684)(0.229167, 0.498246)
				 (321, 248)(-0.0280702, -0.498246)(0.0175439, -0.498246)(-0.0947368, 0.473684)(0.077193, 0.498246)
				 (321, 248)(-0.0280702, -0.498246)(-0.119298, -0.361404)(-0.115789, -0.22807)(-0.115789, -0.0666667)(-0.119298, 0.0982456)(-0.105263, 0.263158)(-0.108772, 0.414035)(-0.0105263, 0.449123)(0.077193, 0.463158)(0.0807018, 0.298246)(0.0947368, 0.133333)(0.0947368, -0.0280702)(0.126316, -0.14386)(0.136842, -0.270175)(0.0631579, -0.389474)
				 (321, 248)(-0.00701754, 0.445614)(0.077193, -0.119298)(0.0526316, -0.340351)(-0.0736842, -0.417544)(-0.101754, 0.470175)(-0.0385965, 0.480702)(0.0280702, 0.498246)(0.077193, 0.498246)(0.157895, -0.14386)(0.115789, -0.319298)(0.0666667, -0.392982)(0.0421053, -0.484211)(-0.0280702, -0.498246)(-0.0736842, -0.421053)
descriptor[i][.]=(315, 249)(-0.00917431, -0.493007)(0.0917431, -0.5)(-0.0183486, 0.486014)(0.284404, 0.5)
				 (315, 249)(-0.0034965, -0.493007)(0.034965, -0.5)(-0.00699301, 0.486014)(0.108392, 0.5)
				 (315, 249)(0.0104895, -0.5)(-0.0769231, -0.356643)(-0.174825, -0.241259)(-0.0804196, -0.15035)(-0.101399, 0.0174825)(-0.0874126, 0.188811)(-0.0699301, 0.356643)(-0.013986, 0.482517)(0.0664336, 0.5)(0.101399, 0.381119)(0.101399, 0.20979)(0.125874, 0.0384615)(0.101399, -0.129371)(0.192308, -0.223776)(0.0944056, -0.374126)
				 (315, 249)(-0.0874126, -0.223776)(0.0174825, 0.437063)(0.0944056, -0.167832)(0.0874126, -0.384615)(-0.048951, -0.381119)(-0.108392, -0.0104895)(-0.0699301, 0.468531)(-0.00699301, 0.486014)(0.0314685, 0.496503)(0.108392, 0.5)(0.181818, -0.188811)(0.0874126, -0.384615)(0.0594406, -0.48951)(0.0104895, -0.5)(-0.0384615, -0.451049)
descriptor[i][.]=(313, 249)(-0.00909091, -0.48951)(0.127273, -0.5)(-0.0181818, 0.486014)(0.3, 0.5)
				 (313, 249)(-0.0034965, -0.48951)(0.048951, -0.5)(-0.00699301, 0.486014)(0.115385, 0.5)
				 (313, 249)(0.0174825, -0.5)(-0.0314685, -0.363636)(-0.181818, -0.265734)(-0.0769231, -0.199301)(-0.0874126, -0.027972)(-0.0839161, 0.13986)(-0.0734266, 0.311189)(-0.0454545, 0.465035)(0.041958, 0.493007)(0.108392, 0.409091)(0.111888, 0.241259)(0.129371, 0.0699301)(0.108392, -0.101399)(0.178322, -0.216783)(0.122378, -0.370629)
				 (313, 249)(-0.0769231, -0.199301)(0.104895, -0.174825)(-0.0174825, -0.370629)(-0.178322, -0.213287)(-0.0629371, 0.465035)(0.115385, 0.5)(0.181818, -0.216783)(0.0664336, -0.48951)(-0.0034965, -0.48951)(-0.0384615, -0.444056)
descriptor[i][.]=(307, 248)(-0.038835, -0.4375)(0.165049, -0.5)(-0.00970874, 0.472222)(0.368932, 0.5)
				 (307, 248)(-0.0138889, -0.4375)(0.0590278, -0.5)(-0.00347222, 0.472222)(0.131944, 0.5)
				 (307, 248)(0.0590278, -0.5)(-0.00694444, -0.385417)(-0.125, -0.270833)(-0.104167, -0.190972)(-0.0555556, -0.0902778)(-0.0625, 0.0729167)(-0.0590278, 0.232639)(-0.0381944, 0.395833)(0.0555556, 0.46875)(0.125, 0.430556)(0.135417, 0.267361)(0.145833, 0.104167)(0.142361, -0.0590278)(0.135417, -0.222222)(0.170139, -0.378472)
				 (307, 248)(-0.0520833, -0.194444)(-0.00694444, -0.354167)(-0.0694444, 0.09375)(-0.0347222, 0.461806)(0.125, 0.5)(0.0868056, -0.482639)(0.0208333, -0.493056)(-0.159722, -0.246528)
descriptor[i][.]=(309, 248)(-0.0291262, -0.466899)(0.145631, -0.498258)(-0.116505, 0.470383)(0.349515, 0.501742)
				 (309, 248)(-0.010453, -0.466899)(0.0522648, -0.498258)(-0.0418118, 0.470383)(0.125436, 0.501742)
				 (309, 248)(0.0418118, -0.498258)(0.00348432, -0.365854)(-0.135889, -0.268293)(-0.101045, -0.184669)(-0.0662021, -0.0627178)(-0.0696864, 0.101045)(-0.0627178, 0.271777)(-0.0452962, 0.439024)(0.0522648, 0.470383)(0.121951, 0.432056)(0.12892, 0.264808)(0.139373, 0.0940767)(0.135889, -0.0731707)(0.139373, -0.243902)(0.160279, -0.393728)
				 (309, 248)(-0.0522648, -0.1777)(0.0348432, 0.442509)(0, -0.355401)(-0.174216, -0.181185)(-0.0522648, 0.463415)(0.00696864, 0.480836)(0.0522648, 0.487805)(0.125436, 0.501742)(0.0522648, -0.498258)(0.010453, -0.491289)(-0.0174216, -0.421603)(-0.0731707, -0.327526)
descriptor[i][.]=(310, 249)(-0.0186916, -0.479021)(0.140187, -0.5)(-0.121495, 0.472028)(0.336449, 0.5)
				 (310, 249)(-0.00699301, -0.479021)(0.0524476, -0.5)(-0.0454545, 0.472028)(0.125874, 0.5)
				 (310, 249)(0.0314685, -0.5)(-0.0244755, -0.36014)(-0.15035, -0.255245)(-0.0944056, -0.192308)(-0.0734266, -0.0559441)(-0.0664336, 0.108392)(-0.0664336, 0.272727)(-0.0524476, 0.437063)(0.0699301, 0.493007)(0.118881, 0.395105)(0.122378, 0.230769)(0.13986, 0.0664336)(0.132867, -0.101399)(0.146853, -0.262238)(0.153846, -0.402098)
				 (310, 249)(-0.0524476, -0.153846)(-0.0314685, -0.342657)(-0.0804196, -0.199301)(-0.181818, -0.188811)(-0.0839161, -0.195804)(-0.0559441, -0.157343)(-0.0524476, 0.468531)(0.125874, 0.5)(0.188811, -0.297203)(0.0804196, -0.48951)(0.0314685, -0.5)(-0.0734266, -0.332168)
descriptor[i][.]=(311, 249)(-0.0183486, -0.486014)(0.165138, -0.496503)(-0.165138, 0.472028)(0.247706, 0.5)
				 (311, 249)(-0.00699301, -0.486014)(0.0629371, -0.496503)(-0.0629371, 0.472028)(0.0944056, 0.5)
				 (311, 249)(0.013986, -0.5)(-0.0104895, -0.356643)(-0.153846, -0.265734)(-0.104895, -0.202797)(-0.0699301, -0.0804196)(-0.0769231, 0.0874126)(-0.0629371, 0.255245)(-0.0559441, 0.423077)(0.041958, 0.479021)(0.115385, 0.402098)(0.118881, 0.234266)(0.136364, 0.0664336)(0.125874, -0.101399)(0.157343, -0.255245)(0.13986, -0.402098)
				 (311, 249)(-0.0559441, -0.195804)(0.115385, -0.157343)(-0.013986, -0.34965)(0.13986, -0.248252)(-0.181818, -0.188811)(-0.0699301, 0.468531)(0.0944056, 0.5)(0.115385, -0.157343)(0.13986, -0.241259)(0.181818, -0.262238)(0.0699301, -0.493007)(0.013986, -0.5)(-0.0384615, -0.409091)(-0.0909091, -0.328671)(-0.174825, -0.251748)
descriptor[i][.]=(315, 249)(-0.0175439, -0.496503)(0.0789474, -0.5)(-0.0350877, 0.486014)(0.263158, 0.5)
				 (315, 249)(-0.00699301, -0.496503)(0.0314685, -0.5)(-0.013986, 0.486014)(0.104895, 0.5)
				 (315, 249)(0, -0.5)(-0.0559441, -0.353147)(-0.199301, -0.241259)(-0.0699301, -0.192308)(-0.0944056, -0.0244755)(-0.0874126, 0.136364)(-0.0804196, 0.304196)(-0.0769231, 0.468531)(0.0594406, 0.5)(0.104895, 0.381119)(0.104895, 0.20979)(0.125874, 0.041958)(0.108392, -0.129371)(0.185315, -0.241259)(0.104895, -0.384615)
				 (315, 249)(-0.0699301, -0.199301)(0.108392, -0.199301)(0.0909091, -0.391608)(-0.034965, -0.374126)(-0.195804, -0.213287)(-0.101399, 0.020979)(-0.0839161, 0.465035)(0.104895, 0.5)(0.111888, -0.188811)(0.188811, -0.241259)(0.199301, -0.27972)(0.143357, -0.36014)(0.0909091, -0.391608)(0.0734266, -0.468531)(0, -0.5)(-0.0454545, -0.440559)(-0.034965, -0.374126)
descriptor[i][.]=(317, 249)(-0.0350877, -0.493007)(0.0526316, -0.5)(-0.175439, 0.472028)(0.254386, 0.5)
				 (317, 249)(-0.013986, -0.493007)(0.020979, -0.5)(-0.0699301, 0.472028)(0.101399, 0.5)
				 (317, 249)(0, -0.5)(-0.0734266, -0.36014)(-0.195804, -0.244755)(-0.0734266, -0.164336)(-0.0979021, 0.0034965)(-0.0944056, 0.174825)(-0.0839161, 0.342657)(-0.0524476, 0.465035)(0.0594406, 0.496503)(0.0979021, 0.377622)(0.0979021, 0.206294)(0.118881, 0.034965)(0.101399, -0.136364)(0.195804, -0.230769)(0.0979021, -0.370629)
				 (317, 249)(-0.0734266, -0.185315)(0.101399, -0.199301)(0.0804196, -0.384615)(-0.0524476, -0.370629)(-0.0769231, 0.468531)(0.101399, 0.5)(0.188811, -0.227273)(0.132867, -0.356643)(0.0804196, -0.384615)(0.0559441, -0.479021)(0, -0.5)(-0.0559441, -0.440559)
descriptor[i][.]=(323, 248)(-0.0769231, -0.498258)(0.0288462, -0.494774)(-0.269231, 0.463415)(0.192308, 0.501742)
				 (323, 248)(-0.0278746, -0.498258)(0.010453, -0.494774)(-0.097561, 0.463415)(0.0696864, 0.501742)
				 (323, 248)(-0.0278746, -0.498258)(-0.118467, -0.362369)(-0.125436, -0.247387)(-0.114983, -0.087108)(-0.118467, 0.0731707)(-0.111498, 0.233449)(-0.097561, 0.397213)(-0.010453, 0.463415)(0.0662021, 0.439024)(0.0766551, 0.275261)(0.087108, 0.111498)(0.087108, -0.0522648)(0.097561, -0.209059)(0.160279, -0.254355)(0.0627178, -0.372822)
				 (323, 248)(0.0801394, -0.195122)(0.0522648, -0.344948)(-0.087108, -0.390244)(0.0696864, 0.501742)(0.0836237, -0.184669)(0.170732, -0.1777)(0.181185, -0.222997)(0.118467, -0.30662)(0.0627178, -0.372822)(0.0452962, -0.452962)(0.0174216, -0.491289)(-0.0278746, -0.498258)(-0.087108, -0.390244)
descriptor[i][.]=(326, 249)(-0.0833333, -0.5)(0.0104167, -0.496503)(-0.15625, 0.486014)(0.0833333, 0.5)
				 (326, 249)(-0.027972, -0.5)(0.0034965, -0.496503)(-0.0524476, 0.486014)(0.027972, 0.5)
				 (326, 249)(-0.027972, -0.5)(-0.13986, -0.388112)(-0.118881, -0.237762)(-0.136364, -0.0769231)(-0.132867, 0.0874126)(-0.122378, 0.251748)(-0.118881, 0.416084)(-0.0384615, 0.454545)(0.0699301, 0.479021)(0.0734266, 0.314685)(0.0734266, 0.15035)(0.0839161, -0.013986)(0.0804196, -0.178322)(0.143357, -0.244755)(0.0524476, -0.374126)
				 (326, 249)(0.0699301, -0.15035)(0.0454545, -0.332168)(-0.122378, 0.465035)(0.0104895, 0.5)(0.0559441, 0.496503)(0.143357, -0.157343)(0.160839, -0.22028)(0.0594406, -0.325175)(0.0524476, -0.370629)(0.0384615, -0.458042)(0.0034965, -0.496503)(-0.0559441, -0.496503)
descriptor[i][.]=(325, 248)(-0.130435, -0.498258)(0, -0.494774)(-0.0217391, 0.498258)(0.195652, 0.501742)
				 (325, 248)(-0.0418118, -0.498258)(0, -0.494774)(-0.00696864, 0.498258)(0.0627178, 0.501742)
				 (325, 248)(-0.0418118, -0.498258)(-0.149826, -0.393728)(-0.114983, -0.236934)(-0.125436, -0.0696864)(-0.12892, 0.0940767)(-0.114983, 0.261324)(-0.111498, 0.425087)(-0.00348432, 0.452962)(0.0592334, 0.456446)(0.0731707, 0.289199)(0.0836237, 0.125436)(0.087108, -0.0418118)(0.132404, -0.132404)(0.114983, -0.278746)(0.0487805, -0.379791)
				 (325, 248)(-0.010453, 0.442509)(0.0662021, -0.118467)(0.0278746, -0.341463)(-0.0940767, -0.407666)(-0.108014, 0.45993)(-0.0487805, 0.480836)(-0.00696864, 0.498258)(0.0627178, 0.501742)(0.0836237, -0.0592334)(0.139373, -0.132404)(0.118467, -0.275261)(0.0452962, -0.439024)(0.0139373, -0.487805)(-0.0418118, -0.498258)(-0.0940767, -0.41115)
descriptor[i][.]=(323, 248)(-0.0526316, -0.498258)(0.0315789, -0.494774)(-0.252632, 0.466899)(0.2, 0.501742)
				 (323, 248)(-0.0174216, -0.498258)(0.010453, -0.494774)(-0.0836237, 0.466899)(0.0662021, 0.501742)
				 (323, 248)(-0.0174216, -0.498258)(-0.125436, -0.393728)(-0.121951, -0.25784)(-0.108014, -0.101045)(-0.121951, 0.0557491)(-0.114983, 0.212544)(-0.101045, 0.372822)(-0.0243902, 0.473868)(0.0662021, 0.452962)(0.0766551, 0.299652)(0.0905923, 0.139373)(0.0940767, -0.0209059)(0.118467, -0.139373)(0.132404, -0.250871)(0.0627178, -0.369338)
				 (323, 248)(0.0766551, -0.135889)(0.0522648, -0.337979)(-0.0940767, 0.45993)(0.0662021, 0.501742)(0.156794, -0.135889)(0.108014, -0.317073)(0.0348432, -0.477352)(-0.0174216, -0.498258)(-0.0627178, -0.477352)
descriptor[i][.]=(320, 248)(-0.0384615, -0.498258)(0.0576923, -0.494774)(-0.0865385, 0.480836)(0.317308, 0.498258)
				 (320, 248)(-0.0139373, -0.498258)(0.0209059, -0.494774)(-0.0313589, 0.480836)(0.114983, 0.498258)
				 (320, 248)(-0.0139373, -0.498258)(-0.121951, -0.376307)(-0.118467, -0.250871)(-0.097561, -0.0836237)(-0.111498, 0.087108)(-0.097561, 0.25784)(-0.0905923, 0.428571)(0.0174216, 0.45993)(0.097561, 0.480836)(0.087108, 0.317073)(0.097561, 0.146341)(0.10453, -0.0243902)(0.118467, -0.160279)(0.146341, -0.25784)(0.0557491, -0.369338)
				 (320, 248)(-0.0905923, -0.181185)(-0.00348432, 0.439024)(0.0836237, -0.156794)(0.0452962, -0.334495)(-0.0696864, -0.41115)(0.0731707, 0.456446)(-0.087108, 0.463415)(-0.0313589, 0.480836)(0.0313589, 0.498258)(0.121951, 0.494774)(0.087108, -0.142857)(0.167247, -0.142857)(0.181185, -0.170732)(0.1777, -0.198606)(0.118467, -0.317073)(0.0662021, -0.393728)(0.0418118, -0.480836)(-0.0139373, -0.498258)(-0.0696864, -0.414634)
descriptor[i][.]=(319, 248)(-0.0458716, -0.498258)(0.0550459, -0.494774)(-0.183486, 0.466899)(0.211009, 0.501742)
				 (319, 248)(-0.0174216, -0.498258)(0.0209059, -0.494774)(-0.0696864, 0.466899)(0.0801394, 0.501742)
				 (319, 248)(-0.0174216, -0.498258)(-0.10453, -0.379791)(-0.149826, -0.254355)(-0.0836237, -0.118467)(-0.10453, 0.0487805)(-0.097561, 0.219512)(-0.0905923, 0.38676)(0, 0.452962)(0.0836237, 0.456446)(0.0905923, 0.289199)(0.10453, 0.118467)(0.108014, -0.0487805)(0.135889, -0.163763)(0.15331, -0.25784)(0.0557491, -0.372822)
				 (319, 248)(-0.0836237, -0.149826)(0.0836237, -0.156794)(0.0557491, -0.334495)(-0.0592334, -0.390244)(-0.101045, -0.236934)(-0.1777, -0.261324)(-0.101045, -0.236934)(-0.087108, -0.15331)(-0.0836237, 0.45993)(0.0801394, 0.501742)(0.087108, -0.146341)(0.1777, -0.149826)(0.191638, -0.191638)(0.121951, -0.320557)(0.0696864, -0.397213)(0.0662021, -0.445993)(0.0348432, -0.487805)(-0.010453, -0.498258)(-0.10453, -0.379791)(-0.15331, -0.341463)
descriptor[i][.]=(305, 248)(-0.0208333, -0.473868)(0.166667, -0.498258)(-0.0833333, 0.466899)(0.40625, 0.501742)
				 (305, 248)(-0.00696864, -0.473868)(0.0557491, -0.498258)(-0.0278746, 0.466899)(0.135889, 0.501742)
				 (305, 248)(0.0313589, -0.498258)(-0.0209059, -0.362369)(-0.167247, -0.261324)(-0.0487805, -0.205575)(-0.0557491, -0.0383275)(-0.0487805, 0.12892)(-0.0452962, 0.292683)(-0.0348432, 0.45993)(0.0766551, 0.498258)(0.132404, 0.400697)(0.139373, 0.233449)(0.156794, 0.0662021)(0.146341, -0.097561)(0.149826, -0.250871)(0.111498, -0.383275)
				 (305, 248)(-0.0452962, -0.191638)(0.135889, -0.146341)(0.0766551, -0.317073)(-0.00348432, -0.369338)(-0.0731707, -0.236934)(-0.163763, -0.226481)(-0.0801394, -0.233449)(-0.0487805, -0.195122)(-0.0348432, 0.463415)(0.135889, 0.501742)(0.135889, -0.146341)(0.167247, -0.222997)(0.114983, -0.445993)(0.0940767, -0.480836)(0.0696864, -0.494774)(0.0313589, -0.498258)(0, -0.480836)(-0.0174216, -0.439024)(-0.0278746, -0.362369)
descriptor[i][.]=(311, 248)(-0.0442478, -0.473868)(0.115044, -0.498258)(-0.123894, 0.470383)(0.274336, 0.501742)
				 (311, 248)(-0.0174216, -0.473868)(0.0452962, -0.498258)(-0.0487805, 0.470383)(0.108014, 0.501742)
				 (311, 248)(0.0139373, -0.498258)(-0.0313589, -0.344948)(-0.188153, -0.264808)(-0.0731707, -0.216028)(-0.0731707, -0.0522648)(-0.0662021, 0.114983)(-0.0662021, 0.28223)(-0.0557491, 0.449477)(0.0662021, 0.494774)(0.121951, 0.383275)(0.118467, 0.216028)(0.142857, 0.0487805)(0.125436, -0.114983)(0.198606, -0.233449)(0.108014, -0.379791)
				 (311, 248)(-0.0627178, -0.198606)(0.108014, -0.376307)(-0.0278746, -0.348432)(-0.184669, -0.212544)(-0.0557491, 0.466899)(0.108014, 0.501742)(0.146341, -0.351916)(0.108014, -0.376307)(0.0940767, -0.445993)(0.0139373, -0.498258)(-0.0174216, -0.473868)(-0.0905923, -0.327526)
descriptor[i][.]=(305, 249)(-0.0285714, -0.447552)(0.2, -0.5)(-0.0666667, 0.461538)(0.457143, 0.496503)
				 (305, 249)(-0.0104895, -0.447552)(0.0734266, -0.5)(-0.0244755, 0.461538)(0.167832, 0.496503)
				 (305, 249)(0.0454545, -0.5)(0.013986, -0.36014)(-0.132867, -0.283217)(-0.101399, -0.206294)(-0.041958, -0.0909091)(-0.0524476, 0.0769231)(-0.0454545, 0.244755)(-0.034965, 0.416084)(0.0699301, 0.5)(0.129371, 0.451049)(0.157343, 0.283217)(0.157343, 0.115385)(0.157343, -0.0559441)(0.153846, -0.223776)(0.167832, -0.391608)
				 (305, 249)(-0.027972, -0.157343)(0.0104895, -0.346154)(-0.0629371, -0.213287)(-0.167832, -0.195804)(-0.0804196, -0.206294)(-0.0314685, -0.160839)(-0.0314685, 0.458042)(0.167832, 0.496503)(0.185315, -0.307692)(0.0454545, -0.5)(-0.0104895, -0.447552)(-0.048951, -0.342657)
descriptor[i][.]=(306, 249)(-0.0294118, -0.444056)(0.205882, -0.5)(-0.0882353, 0.465035)(0.362745, 0.5)
				 (306, 249)(-0.0104895, -0.444056)(0.0734266, -0.5)(-0.0314685, 0.465035)(0.129371, 0.5)
				 (306, 249)(0.041958, -0.5)(0.0034965, -0.363636)(-0.13986, -0.272727)(-0.0944056, -0.202797)(-0.048951, -0.0839161)(-0.0559441, 0.0804196)(-0.041958, 0.248252)(-0.034965, 0.416084)(0.0664336, 0.458042)(0.132867, 0.437063)(0.15035, 0.272727)(0.153846, 0.104895)(0.153846, -0.0629371)(0.15035, -0.230769)(0.167832, -0.398601)
				 (306, 249)(-0.0314685, -0.167832)(0.048951, 0.444056)(0.00699301, -0.367133)(-0.0629371, -0.20979)(-0.0804196, -0.202797)(-0.0384615, 0.461538)(0.013986, 0.479021)(0.0699301, 0.496503)(0.129371, 0.5)(0.0909091, -0.48951)(0.013986, -0.48951)(-0.0524476, -0.342657)(-0.153846, -0.269231)
descriptor[i][.]=(309, 249)(-0.0555556, -0.437063)(0.157407, -0.5)(-0.111111, 0.468531)(0.333333, 0.5)
				 (309, 249)(-0.020979, -0.437063)(0.0594406, -0.5)(-0.041958, 0.468531)(0.125874, 0.5)
				 (309, 249)(0.027972, -0.5)(0, -0.34965)(-0.15035, -0.272727)(-0.0944056, -0.20979)(-0.0664336, -0.0734266)(-0.0664336, 0.0909091)(-0.0559441, 0.262238)(-0.041958, 0.433566)(0.0524476, 0.440559)(0.115385, 0.451049)(0.13986, 0.283217)(0.143357, 0.111888)(0.143357, -0.0594406)(0.13986, -0.230769)(0.164336, -0.388112)
				 (309, 249)(-0.048951, -0.181818)(0.034965, 0.426573)(0, -0.346154)(-0.0769231, 0.0559441)(-0.048951, 0.465035)(0.0034965, 0.475524)(0.0524476, 0.486014)(0.108392, 0.5)(0.188811, -0.29021)(0.0769231, -0.48951)(0.00699301, -0.48951)(-0.0629371, -0.346154)
descriptor[i][.]=(310, 248)(-0.0540541, -0.445993)(0.117117, -0.498258)(-0.117117, 0.470383)(0.324324, 0.501742)
				 (310, 248)(-0.0209059, -0.445993)(0.0452962, -0.498258)(-0.0452962, 0.470383)(0.125436, 0.501742)
				 (310, 248)(0.0278746, -0.498258)(-0.00696864, -0.344948)(-0.163763, -0.264808)(-0.0836237, -0.216028)(-0.0696864, -0.0627178)(-0.0731707, 0.108014)(-0.0627178, 0.278746)(-0.0522648, 0.449477)(0.0522648, 0.456446)(0.114983, 0.449477)(0.132404, 0.278746)(0.135889, 0.108014)(0.139373, -0.0627178)(0.135889, -0.233449)(0.167247, -0.372822)
				 (310, 248)(-0.0487805, -0.156794)(0.0348432, 0.432056)(-0.00348432, -0.348432)(-0.0662021, -0.216028)(-0.174216, -0.198606)(-0.0627178, -0.174216)(-0.0522648, 0.466899)(0.00696864, 0.484321)(0.0452962, 0.484321)(0.125436, 0.501742)(0.195122, -0.313589)(0.0557491, -0.494774)(0.00696864, -0.487805)(-0.0209059, -0.445993)(-0.0522648, -0.344948)
descriptor[i][.]=(314, 249)(-0.0512821, -0.482517)(0.102564, -0.5)(-0.034188, 0.475524)(0.273504, 0.5)
				 (314, 249)(-0.020979, -0.482517)(0.041958, -0.5)(-0.013986, 0.475524)(0.111888, 0.5)
				 (314, 249)(0.00699301, -0.5)(-0.0174825, -0.356643)(-0.185315, -0.283217)(-0.0839161, -0.230769)(-0.0839161, -0.0594406)(-0.0839161, 0.111888)(-0.0804196, 0.283217)(-0.0734266, 0.458042)(0.0384615, 0.486014)(0.104895, 0.409091)(0.104895, 0.234266)(0.125874, 0.0629371)(0.118881, -0.111888)(0.188811, -0.227273)(0.122378, -0.377622)
				 (314, 249)(-0.0594406, -0.181818)(0.0174825, 0.440559)(0.111888, -0.199301)(0.0979021, -0.398601)(-0.0174825, -0.356643)(-0.0839161, -0.230769)(-0.146853, -0.216783)(-0.0699301, -0.195804)(-0.0944056, 0.0909091)(-0.0734266, 0.461538)(-0.013986, 0.475524)(0.111888, 0.5)(0.181818, -0.223776)(0.0979021, -0.398601)(0.0559441, -0.493007)(0.00699301, -0.5)(-0.0629371, -0.353147)(-0.188811, -0.283217)
descriptor[i][.]=(318, 248)(-0.0357143, -0.498258)(0.0178571, -0.498258)(-0.223214, 0.473868)(0.214286, 0.501742)
				 (318, 248)(-0.0139373, -0.498258)(0.00696864, -0.498258)(-0.087108, 0.473868)(0.0836237, 0.501742)
				 (318, 248)(-0.0139373, -0.498258)(-0.0627178, -0.355401)(-0.188153, -0.247387)(-0.0801394, -0.15331)(-0.101045, 0.0174216)(-0.101045, 0.191638)(-0.097561, 0.358885)(-0.0418118, 0.470383)(0.0452962, 0.498258)(0.0940767, 0.372822)(0.0940767, 0.198606)(0.111498, 0.0278746)(0.108014, -0.146341)(0.195122, -0.233449)(0.0801394, -0.372822)
				 (318, 248)(-0.0418118, -0.365854)(-0.0801394, -0.195122)(0.00348432, 0.43554)(0.101045, -0.198606)(0.0801394, -0.372822)(-0.149826, -0.317073)(-0.195122, -0.254355)(-0.108014, -0.0418118)(-0.0940767, 0.470383)(-0.0209059, 0.477352)(0.0174216, 0.498258)(0.0836237, 0.501742)(0.174216, -0.195122)(0.195122, -0.229965)(0.132404, -0.337979)(0.0801394, -0.372822)(0.0452962, -0.484321)(-0.0139373, -0.498258)
descriptor[i][.]=(324, 248)(-0.0909091, -0.498258)(0.020202, -0.494774)(-0.121212, 0.487805)(0.171717, 0.501742)
				 (324, 248)(-0.0313589, -0.498258)(0.00696864, -0.494774)(-0.0418118, 0.487805)(0.0592334, 0.501742)
				 (324, 248)(-0.0313589, -0.498258)(-0.12892, -0.362369)(-0.111498, -0.226481)(-0.121951, -0.0592334)(-0.121951, 0.108014)(-0.114983, 0.271777)(-0.097561, 0.439024)(0, 0.45993)(0.0662021, 0.463415)(0.0731707, 0.296167)(0.087108, 0.12892)(0.0836237, -0.0383275)(0.111498, -0.1777)(0.12892, -0.264808)(0.0522648, -0.376307)
				 (324, 248)(-0.0174216, 0.445993)(0.0801394, -0.170732)(0.0418118, -0.334495)(-0.087108, -0.404181)(-0.0418118, 0.487805)(0, 0.498258)(0.0801394, 0.498258)(0.0836237, -0.160279)(0.160279, -0.156794)(0.108014, -0.320557)(0.0243902, -0.484321)(-0.0313589, -0.498258)(-0.087108, -0.404181)
descriptor[i][.]=(327, 248)(-0.146067, -0.498258)(0.0337079, -0.487805)(-0.11236, 0.501742)(0.157303, 0.501742)
				 (327, 248)(-0.0452962, -0.498258)(0.010453, -0.487805)(-0.0348432, 0.501742)(0.0487805, 0.501742)
				 (327, 248)(-0.0452962, -0.498258)(-0.149826, -0.372822)(-0.125436, -0.216028)(-0.12892, -0.0592334)(-0.135889, 0.097561)(-0.121951, 0.254355)(-0.114983, 0.41115)(-0.0174216, 0.494774)(0.0522648, 0.414634)(0.0627178, 0.25784)(0.0731707, 0.101045)(0.0731707, -0.0557491)(0.111498, -0.15331)(0.121951, -0.261324)(0.0487805, -0.390244)
				 (327, 248)(0.0627178, -0.15331)(0.0452962, -0.341463)(-0.111498, 0.466899)(0.0487805, 0.501742)(0.142857, -0.146341)(0.108014, -0.303136)(0.0383275, -0.445993)(0.010453, -0.487805)(-0.0452962, -0.498258)
descriptor[i][.]=(328, 248)(-0.159091, -0.498258)(0.0227273, -0.487805)(-0.0227273, 0.498258)(0.159091, 0.501742)
				 (328, 248)(-0.0487805, -0.498258)(0.00696864, -0.487805)(-0.00696864, 0.498258)(0.0487805, 0.501742)
				 (328, 248)(-0.0487805, -0.498258)(-0.149826, -0.369338)(-0.125436, -0.205575)(-0.142857, -0.0383275)(-0.135889, 0.125436)(-0.12892, 0.289199)(-0.114983, 0.452962)(-0.0139373, 0.480836)(0.0522648, 0.41115)(0.0557491, 0.247387)(0.0696864, 0.0836237)(0.0627178, -0.0836237)(0.132404, -0.142857)(0.10453, -0.289199)(0.0348432, -0.383275)
				 (328, 248)(-0.0313589, 0.442509)(0.0522648, -0.160279)(0.0174216, -0.341463)(-0.114983, 0.466899)(-0.0592334, 0.480836)(-0.0139373, 0.487805)(0.0487805, 0.501742)(0.121951, -0.142857)(0.15331, -0.198606)(0.097561, -0.313589)(0.0348432, -0.376307)(0.0348432, -0.449477)(0.00696864, -0.487805)(-0.0487805, -0.498258)
descriptor[i][.]=(325, 248)(-0.114583, -0.498258)(0, -0.494774)(-0.0104167, 0.487805)(0.270833, 0.501742)
				 (325, 248)(-0.0383275, -0.498258)(0, -0.494774)(-0.00348432, 0.487805)(0.0905923, 0.501742)
				 (325, 248)(-0.0383275, -0.498258)(-0.146341, -0.362369)(-0.118467, -0.205575)(-0.132404, -0.0383275)(-0.12892, 0.132404)(-0.125436, 0.303136)(-0.114983, 0.466899)(-0.00348432, 0.484321)(0.0592334, 0.456446)(0.0662021, 0.285714)(0.0801394, 0.114983)(0.0801394, -0.0557491)(0.114983, -0.156794)(0.12892, -0.264808)(0.0278746, -0.376307)
				 (325, 248)(-0.0209059, 0.439024)(0.0627178, -0.167247)(0.0313589, -0.341463)(-0.0487805, 0.480836)(-0.00348432, 0.487805)(0.0905923, 0.501742)(0.15331, -0.146341)(0.163763, -0.212544)(0.10453, -0.320557)(0.0522648, -0.397213)(0.0487805, -0.445993)(0.0139373, -0.487805)(-0.0383275, -0.498258)(-0.125436, -0.41115)
descriptor[i][.]=(324, 248)(-0.0792079, -0.498258)(0.00990099, -0.494774)(-0.267327, 0.466899)(0.168317, 0.501742)
				 (324, 248)(-0.0278746, -0.498258)(0.00348432, -0.494774)(-0.0940767, 0.466899)(0.0592334, 0.501742)
				 (324, 248)(-0.0278746, -0.498258)(-0.139373, -0.365854)(-0.111498, -0.236934)(-0.121951, -0.0731707)(-0.125436, 0.0940767)(-0.111498, 0.261324)(-0.10453, 0.428571)(0, 0.466899)(0.0627178, 0.428571)(0.0731707, 0.264808)(0.0836237, 0.097561)(0.0801394, -0.0696864)(0.121951, -0.160279)(0.139373, -0.25784)(0.0313589, -0.379791)
				 (324, 248)(0.0662021, -0.170732)(0.0348432, -0.358885)(-0.101045, 0.463415)(0.0592334, 0.501742)(0.170732, -0.15331)(0.1777, -0.191638)(0.111498, -0.320557)(0.0522648, -0.428571)(0.0278746, -0.480836)(-0.010453, -0.498258)
descriptor[i][.]=(322, 248)(-0.0625, -0.498258)(0.00892857, -0.498258)(-0.0892857, 0.484321)(0.107143, 0.501742)
				 (322, 248)(-0.0243902, -0.498258)(0.00348432, -0.498258)(-0.0348432, 0.484321)(0.0418118, 0.501742)
				 (322, 248)(-0.0243902, -0.498258)(-0.125436, -0.358885)(-0.135889, -0.250871)(-0.10453, -0.0940767)(-0.118467, 0.0731707)(-0.108014, 0.243902)(-0.101045, 0.407666)(-0.0243902, 0.445993)(0.0836237, 0.484321)(0.0766551, 0.310105)(0.0905923, 0.139373)(0.0940767, -0.0313589)(0.0905923, -0.205575)(0.174216, -0.250871)(0.0418118, -0.372822)
				 (322, 248)(-0.097561, -0.184669)(-0.010453, 0.43554)(0.0731707, -0.170732)(0.0452962, -0.355401)(-0.087108, -0.383275)(-0.114983, -0.247387)(-0.191638, -0.264808)(-0.101045, -0.188153)(-0.12892, 0.33101)(-0.101045, 0.463415)(-0.0348432, 0.484321)(0.00348432, 0.487805)(0.0696864, 0.498258)(0.170732, -0.174216)(0.195122, -0.222997)(0.114983, -0.324042)(0.0592334, -0.445993)(0.0313589, -0.484321)(-0.087108, -0.383275)
descriptor[i][.]=(320, 248)(-0.0173913, -0.5)(0.00869565, -0.5)(-0.0782609, 0.479167)(0.226087, 0.5)
				 (320, 248)(-0.00694444, -0.5)(0.00347222, -0.5)(-0.03125, 0.479167)(0.0902778, 0.5)
				 (320, 248)(-0.00694444, -0.5)(-0.0902778, -0.364583)(-0.190972, -0.243056)(-0.09375, -0.15625)(-0.111111, 0.0138889)(-0.104167, 0.180556)(-0.0972222, 0.350694)(-0.0208333, 0.472222)(0.0729167, 0.5)(0.0868056, 0.354167)(0.0833333, 0.184028)(0.104167, 0.0138889)(0.0798611, -0.15625)(0.201389, -0.222222)(0.09375, -0.357639)
				 (320, 248)(-0.100694, -0.229167)(0.00694444, 0.434028)(0.0798611, -0.170139)(0.0763889, -0.375)(-0.0625, -0.385417)(-0.184028, -0.236111)(-0.121528, 0.0243056)(-0.0798611, 0.461806)(-0.03125, 0.479167)(0.0138889, 0.486111)(0.0902778, 0.5)(0.190972, -0.201389)(0.121528, -0.347222)(0.0763889, -0.375)(0.0451389, -0.475694)(0.00347222, -0.5)(-0.0243056, -0.496528)(-0.0451389, -0.475694)(-0.0625, -0.385417)
descriptor[i][.]=(315, 248)(-0.017094, -0.494774)(0.0683761, -0.498258)(-0.188034, 0.470383)(0.264957, 0.501742)
				 (315, 248)(-0.00696864, -0.494774)(0.0278746, -0.498258)(-0.0766551, 0.470383)(0.108014, 0.501742)
				 (315, 248)(0.00696864, -0.498258)(-0.0452962, -0.369338)(-0.198606, -0.25784)(-0.0836237, -0.202091)(-0.0905923, -0.0348432)(-0.087108, 0.135889)(-0.0836237, 0.303136)(-0.0801394, 0.466899)(0.0731707, 0.501742)(0.111498, 0.379791)(0.101045, 0.209059)(0.125436, 0.0383275)(0.108014, -0.12892)(0.198606, -0.229965)(0.12892, -0.38676)
				 (315, 248)(-0.0836237, -0.219512)(0.10453, -0.167247)(-0.0313589, -0.376307)(-0.0696864, -0.118467)(0.125436, -0.226481)(-0.0696864, -0.118467)(-0.10453, -0.00696864)(-0.0836237, 0.466899)(0.108014, 0.501742)(0.10453, -0.167247)(0.198606, -0.229965)(0.0452962, -0.491289)(0.00696864, -0.498258)(-0.0418118, -0.470383)
descriptor[i][.]=(311, 248)(-0.0186916, -0.480836)(0.130841, -0.498258)(-0.00934579, 0.477352)(0.308411, 0.501742)
				 (311, 248)(-0.00696864, -0.480836)(0.0487805, -0.498258)(-0.00348432, 0.477352)(0.114983, 0.501742)
				 (311, 248)(0.0348432, -0.498258)(-0.0278746, -0.362369)(-0.170732, -0.247387)(-0.0696864, -0.209059)(-0.0766551, -0.0452962)(-0.0766551, 0.125436)(-0.0696864, 0.292683)(-0.0627178, 0.463415)(0.0557491, 0.463415)(0.108014, 0.43554)(0.121951, 0.271777)(0.132404, 0.101045)(0.12892, -0.0662021)(0.132404, -0.233449)(0.167247, -0.38676)
				 (311, 248)(-0.0662021, -0.202091)(0.0348432, 0.432056)(-0.0174216, -0.369338)(-0.0662021, -0.202091)(-0.087108, 0.0243902)(-0.0627178, 0.463415)(-0.00348432, 0.477352)(0.0452962, 0.487805)(0.114983, 0.501742)(0.188153, -0.324042)(0.0487805, -0.498258)(-0.174216, -0.247387)
descriptor[i][.]=(308, 248)(-0.0392157, -0.432056)(0.176471, -0.498258)(-0.127451, 0.466899)(0.362745, 0.501742)
				 (308, 248)(-0.0139373, -0.432056)(0.0627178, -0.498258)(-0.0452962, 0.466899)(0.12892, 0.501742)
				 (308, 248)(0.0383275, -0.498258)(-0.0139373, -0.348432)(-0.156794, -0.250871)(-0.0731707, -0.209059)(-0.0696864, -0.0452962)(-0.0662021, 0.12892)(-0.0557491, 0.299652)(-0.0452962, 0.466899)(0.0627178, 0.456446)(0.118467, 0.442509)(0.135889, 0.271777)(0.142857, 0.101045)(0.139373, -0.0696864)(0.142857, -0.240418)(0.167247, -0.407666)
				 (308, 248)(-0.0557491, -0.195122)(0.0418118, 0.421603)(-0.010453, -0.351916)(-0.156794, -0.181185)(-0.0557491, -0.195122)(-0.0766551, 0.0243902)(-0.0522648, 0.463415)(0.00696864, 0.480836)(0.0592334, 0.487805)(0.12892, 0.501742)(0.167247, -0.439024)(0.0278746, -0.494774)(-0.0139373, -0.432056)(-0.0592334, -0.334495)
descriptor[i][.]=(308, 248)(-0.00980392, -0.434028)(0.166667, -0.5)(-0.107843, 0.46875)(0.362745, 0.5)
				 (308, 248)(-0.00347222, -0.434028)(0.0590278, -0.5)(-0.0381944, 0.46875)(0.128472, 0.5)
				 (308, 248)(0.0486111, -0.5)(0.00694444, -0.350694)(-0.138889, -0.260417)(-0.09375, -0.194444)(-0.0659722, -0.0729167)(-0.0694444, 0.0972222)(-0.0590278, 0.267361)(-0.0416667, 0.430556)(0.0590278, 0.4375)(0.121528, 0.458333)(0.142361, 0.288194)(0.138889, 0.118056)(0.145833, -0.0520833)(0.142361, -0.222222)(0.170139, -0.392361)
				 (308, 248)(-0.0451389, -0.177083)(0.0451389, 0.427083)(0.00347222, -0.340278)(-0.163194, -0.180556)(-0.138889, -0.173611)(-0.0451389, 0.465278)(0.0104167, 0.479167)(0.0555556, 0.486111)(0.128472, 0.5)(0.170139, -0.4375)(0.0590278, -0.5)(0.0104167, -0.482639)(-0.00694444, -0.395833)(-0.0486111, -0.336806)(-0.166667, -0.243056)
