front_boxDescr6.dat
size1 42
size3 43
beh_type.id 17
sizes[]=40 36 36 39 35 33 37 34 35 33 35 35 37 37 40 38 34 38 36 36 34 34 34 36 36 38 38 36 37 37 35 35 37 37 37 40 34 32 38 38 40 36 
thresholds[]=0.16 0.16 0.16 0.16 0.16 0.16 0.16 0.16 0.16 0.16 0.16 0.16 0.16 0.16 0.16 0.16 0.16 0.16 0.16 0.16 0.16 0.16 0.16 0.16 0.16 0.16 0.16 0.16 0.16 0.16 0.16 0.16 0.16 0.16 0.16 0.16 0.16 0.16 0.16 0.16 0.16 0.16 
map[0][.]=0 1 0 0 0 0 0 0 0 0 0 0 0 0 0 0 0 0 0 0 0 0 0 0 0 0 0 0 0 0 0 0 0 0 0 0 0 0 0 0 0 0 0 
map[1][.]=0 0 1 0 0 0 0 0 0 0 0 0 0 0 0 0 0 0 0 0 0 0 0 0 0 0 0 0 0 0 0 0 0 0 0 0 0 0 0 0 0 0 0 
map[2][.]=0 0 0 1 0 0 0 0 0 0 0 0 0 0 0 0 0 0 0 0 0 0 0 0 0 0 0 0 0 0 0 0 0 0 0 0 0 0 0 0 0 0 0 
map[3][.]=0 0 0 0 1 0 0 0 0 0 0 0 0 0 0 0 0 0 0 0 0 0 0 0 0 0 0 0 0 0 0 0 0 0 0 0 0 0 0 0 0 0 0 
map[4][.]=0 0 0 0 0 1 0 0 0 0 0 0 0 0 0 0 0 0 0 0 0 0 0 0 0 0 0 0 0 0 0 0 0 0 0 0 0 0 0 0 0 0 0 
map[5][.]=0 0 0 0 0 0 1 0 0 0 0 0 0 0 0 0 0 0 0 0 0 0 0 0 0 0 0 0 0 0 0 0 0 0 0 0 0 0 0 0 0 0 0 
map[6][.]=0 0 0 0 0 0 0 1 0 0 0 0 0 0 0 0 0 0 0 0 0 0 0 0 0 0 0 0 0 0 0 0 0 0 0 0 0 0 0 0 0 0 0 
map[7][.]=0 0 0 0 0 0 0 0 1 0 0 0 0 0 0 0 0 0 0 0 0 0 0 0 0 0 0 0 0 0 0 0 0 0 0 0 0 0 0 0 0 0 0 
map[8][.]=0 0 0 0 0 0 0 0 0 1 0 0 0 0 0 0 0 0 0 0 0 0 0 0 0 0 0 0 0 0 0 0 0 0 0 0 0 0 0 0 0 0 0 
map[9][.]=0 0 0 0 0 0 0 0 0 0 1 0 0 0 0 0 0 0 0 0 0 0 0 0 0 0 0 0 0 0 0 0 0 0 0 0 0 0 0 0 0 0 0 
map[10][.]=0 0 0 0 0 0 0 0 0 0 0 1 0 0 0 0 0 0 0 0 0 0 0 0 0 0 0 0 0 0 0 0 0 0 0 0 0 0 0 0 0 0 0 
map[11][.]=0 0 0 0 0 0 0 0 0 0 0 0 1 0 0 0 0 0 0 0 0 0 0 0 0 0 0 0 0 0 0 0 0 0 0 0 0 0 0 0 0 0 0 
map[12][.]=0 0 0 0 0 0 0 0 0 0 0 0 0 1 0 0 0 0 0 0 0 0 0 0 0 0 0 0 0 0 0 0 0 0 0 0 0 0 0 0 0 0 0 
map[13][.]=0 0 0 0 0 0 0 0 0 0 0 0 0 0 1 0 0 0 0 0 0 0 0 0 0 0 0 0 0 0 0 0 0 0 0 0 0 0 0 0 0 0 0 
map[14][.]=0 0 0 0 0 0 0 0 0 0 0 0 0 0 0 1 0 0 0 0 0 0 0 0 0 0 0 0 0 0 0 0 0 0 0 0 0 0 0 0 0 0 0 
map[15][.]=0 0 0 0 0 0 0 0 0 0 0 0 0 0 0 0 1 0 0 0 0 0 0 0 0 0 0 0 0 0 0 0 0 0 0 0 0 0 0 0 0 0 0 
map[16][.]=0 0 0 0 0 0 0 0 0 0 0 0 0 0 0 0 0 1 0 0 0 0 0 0 0 0 0 0 0 0 0 0 0 0 0 0 0 0 0 0 0 0 0 
map[17][.]=0 0 0 0 0 0 0 0 0 0 0 0 0 0 0 0 0 0 1 0 0 0 0 0 0 0 0 0 0 0 0 0 0 0 0 0 0 0 0 0 0 0 0 
map[18][.]=0 0 0 0 0 0 0 0 0 0 0 0 0 0 0 0 0 0 0 1 0 0 0 0 0 0 0 0 0 0 0 0 0 0 0 0 0 0 0 0 0 0 0 
map[19][.]=0 0 0 0 0 0 0 0 0 0 0 0 0 0 0 0 0 0 0 0 1 0 0 0 0 0 0 0 0 0 0 0 0 0 0 0 0 0 0 0 0 0 0 
map[20][.]=0 0 0 0 0 0 0 0 0 0 0 0 0 0 0 0 0 0 0 0 0 1 0 0 0 0 0 0 0 0 0 0 0 0 0 0 0 0 0 0 0 0 0 
map[21][.]=0 0 0 0 0 0 0 0 0 0 0 0 0 0 0 0 0 0 0 0 0 0 1 0 0 0 0 0 0 0 0 0 0 0 0 0 0 0 0 0 0 0 0 
map[22][.]=0 0 0 0 0 0 0 0 0 0 0 0 0 0 0 0 0 0 0 0 0 0 0 1 0 0 0 0 0 0 0 0 0 0 0 0 0 0 0 0 0 0 0 
map[23][.]=0 0 0 0 0 0 0 0 0 0 0 0 0 0 0 0 0 0 0 0 0 0 0 0 1 0 0 0 0 0 0 0 0 0 0 0 0 0 0 0 0 0 0 
map[24][.]=0 0 0 0 0 0 0 0 0 0 0 0 0 0 0 0 0 0 0 0 0 0 0 0 0 1 0 0 0 0 0 0 0 0 0 0 0 0 0 0 0 0 0 
map[25][.]=0 0 0 0 0 0 0 0 0 0 0 0 0 0 0 0 0 0 0 0 0 0 0 0 0 0 1 0 0 0 0 0 0 0 0 0 0 0 0 0 0 0 0 
map[26][.]=0 0 0 0 0 0 0 0 0 0 0 0 0 0 0 0 0 0 0 0 0 0 0 0 0 0 0 1 0 0 0 0 0 0 0 0 0 0 0 0 0 0 0 
map[27][.]=0 0 0 0 0 0 0 0 0 0 0 0 0 0 0 0 0 0 0 0 0 0 0 0 0 0 0 0 1 0 0 0 0 0 0 0 0 0 0 0 0 0 0 
map[28][.]=0 0 0 0 0 0 0 0 0 0 0 0 0 0 0 0 0 0 0 0 0 0 0 0 0 0 0 0 0 1 0 0 0 0 0 0 0 0 0 0 0 0 0 
map[29][.]=0 0 0 0 0 0 0 0 0 0 0 0 0 0 0 0 0 0 0 0 0 0 0 0 0 0 0 0 0 0 1 0 0 0 0 0 0 0 0 0 0 0 0 
map[30][.]=0 0 0 0 0 0 0 0 0 0 0 0 0 0 0 0 0 0 0 0 0 0 0 0 0 0 0 0 0 0 0 1 0 0 0 0 0 0 0 0 0 0 0 
map[31][.]=0 0 0 0 0 0 0 0 0 0 0 0 0 0 0 0 0 0 0 0 0 0 0 0 0 0 0 0 0 0 0 0 1 0 0 0 0 0 0 0 0 0 0 
map[32][.]=0 0 0 0 0 0 0 0 0 0 0 0 0 0 0 0 0 0 0 0 0 0 0 0 0 0 0 0 0 0 0 0 0 1 0 0 0 0 0 0 0 0 0 
map[33][.]=0 0 0 0 0 0 0 0 0 0 0 0 0 0 0 0 0 0 0 0 0 0 0 0 0 0 0 0 0 0 0 0 0 0 1 0 0 0 0 0 0 0 0 
map[34][.]=0 0 0 0 0 0 0 0 0 0 0 0 0 0 0 0 0 0 0 0 0 0 0 0 0 0 0 0 0 0 0 0 0 0 0 1 0 0 0 0 0 0 0 
map[35][.]=0 0 0 0 0 0 0 0 0 0 0 0 0 0 0 0 0 0 0 0 0 0 0 0 0 0 0 0 0 0 0 0 0 0 0 0 1 0 0 0 0 0 0 
map[36][.]=0 0 0 0 0 0 0 0 0 0 0 0 0 0 0 0 0 0 0 0 0 0 0 0 0 0 0 0 0 0 0 0 0 0 0 0 0 1 0 0 0 0 0 
map[37][.]=0 0 0 0 0 0 0 0 0 0 0 0 0 0 0 0 0 0 0 0 0 0 0 0 0 0 0 0 0 0 0 0 0 0 0 0 0 0 1 0 0 0 0 
map[38][.]=0 0 0 0 0 0 0 0 0 0 0 0 0 0 0 0 0 0 0 0 0 0 0 0 0 0 0 0 0 0 0 0 0 0 0 0 0 0 0 1 0 0 0 
map[39][.]=0 0 0 0 0 0 0 0 0 0 0 0 0 0 0 0 0 0 0 0 0 0 0 0 0 0 0 0 0 0 0 0 0 0 0 0 0 0 0 0 1 0 0 
map[40][.]=0 0 0 0 0 0 0 0 0 0 0 0 0 0 0 0 0 0 0 0 0 0 0 0 0 0 0 0 0 0 0 0 0 0 0 0 0 0 0 0 0 1 0 
map[41][.]=0 0 0 0 0 0 0 0 0 0 0 0 0 0 0 0 0 0 0 0 0 0 0 0 0 0 0 0 0 0 0 0 0 0 0 0 0 0 0 0 0 0 1 
map[42][.]=0 0 0 0 0 0 0 0 0 0 0 0 0 0 0 0 0 0 0 0 0 0 0 0 0 0 0 0 0 0 0 0 0 0 0 0 0 0 0 0 0 0 0 
isLast[.]=false false false false false false false false false false false false false false false false false false false false false false false false false false false false false false false false false false false false false false false false false false true 
descriptor[i][.]=(331, 241)(-0.0860215, -0.498294)(0.0860215, -0.488055)(-0.354839, 0.498294)(0.268817, 0.501706)
				 (331, 241)(-0.0273038, -0.498294)(0.0273038, -0.488055)(-0.112628, 0.498294)(0.0853242, 0.501706)
				 (331, 241)(-0.0273038, -0.498294)(-0.0716724, -0.365188)(-0.143345, -0.228669)(-0.112628, -0.0750853)(-0.116041, 0.0853242)(-0.109215, 0.245734)(-0.0887372, 0.409556)(-0.0580205, 0.484642)(0.0887372, 0.498294)(0.0853242, 0.337884)(0.0989761, 0.177474)(0.112628, 0.0170648)(0.112628, -0.146758)(0.16041, -0.293515)(0.0648464, -0.40273)
				 (331, 241)(-0.0102389, 0.467577)(0.0682594, -0.392491)(-0.0443686, -0.389078)(-0.119454, 0.494881)(-0.0409556, 0.484642)(0.0170648, 0.498294)(0.0853242, 0.501706)(0.139932, -0.365188)(0.0750853, -0.447099)(0.0341297, -0.484642)(-0.0273038, -0.498294)(-0.0477816, -0.399317)(-0.0614334, -0.375427)
descriptor[i][.]=(332, 243)(-0.119565, -0.5)(0.0978261, -0.5)(-0.369565, 0.496552)(0.271739, 0.5)
				 (332, 243)(-0.037931, -0.5)(0.0310345, -0.5)(-0.117241, 0.496552)(0.0862069, 0.5)
				 (332, 243)(-0.037931, -0.5)(-0.0793103, -0.348276)(-0.158621, -0.206897)(-0.113793, -0.062069)(-0.124138, 0.1)(-0.103448, 0.262069)(-0.103448, 0.42069)(-0.0448276, 0.47931)(0.0896552, 0.47931)(0.0896552, 0.32069)(0.0931034, 0.158621)(0.113793, -0.00344828)(0.113793, -0.165517)(0.155172, -0.310345)(0.062069, -0.42069)
				 (332, 243)(0.0655172, -0.393103)(-0.0517241, -0.403448)(-0.124138, 0.493103)(0.0862069, 0.5)(0.158621, -0.286207)(0.127586, -0.37931)(0.0724138, -0.458621)(0.037931, -0.496552)(-0.037931, -0.5)
descriptor[i][.]=(332, 242)(-0.119565, -0.5)(0.0543478, -0.496575)(-0.369565, 0.496575)(0.282609, 0.5)
				 (332, 242)(-0.0376712, -0.5)(0.0171233, -0.496575)(-0.116438, 0.496575)(0.0890411, 0.5)
				 (332, 242)(-0.0376712, -0.5)(-0.0753425, -0.359589)(-0.150685, -0.222603)(-0.113014, -0.0753425)(-0.123288, 0.0856164)(-0.109589, 0.25)(-0.0958904, 0.410959)(-0.0513699, 0.486301)(0.0958904, 0.496575)(0.0856164, 0.339041)(0.0958904, 0.174658)(0.109589, 0.0136986)(0.113014, -0.150685)(0.15411, -0.30137)(0.0616438, -0.414384)
				 (332, 242)(0.0650685, -0.386986)(-0.0479452, -0.400685)(-0.123288, 0.493151)(0.0890411, 0.5)(0.157534, -0.280822)(0.0650685, -0.386986)(0.0513699, -0.486301)(-0.0376712, -0.5)(-0.0684932, -0.383562)
descriptor[i][.]=(332, 242)(-0.0224719, -0.498282)(0.0337079, -0.498282)(-0.393258, 0.501718)(0.280899, 0.501718)
				 (332, 242)(-0.00687285, -0.498282)(0.0103093, -0.498282)(-0.120275, 0.501718)(0.0859107, 0.501718)
				 (332, 242)(-0.00687285, -0.498282)(-0.0721649, -0.381443)(-0.14433, -0.24055)(-0.109966, -0.0962199)(-0.120275, 0.0652921)(-0.113402, 0.226804)(-0.0996564, 0.38488)(-0.0824742, 0.498282)(0.0687285, 0.498282)(0.0687285, 0.364261)(0.0859107, 0.206186)(0.113402, 0.0446735)(0.113402, -0.113402)(0.151203, -0.264605)(0.0756014, -0.388316)
				 (332, 242)(0.0652921, -0.391753)(-0.0515464, -0.398625)(-0.127148, 0.498282)(0.0859107, 0.501718)(0.130584, -0.367698)(0.0687285, -0.450172)(0.0378007, -0.491409)(0.0103093, -0.498282)(-0.0446735, -0.491409)(-0.0515464, -0.398625)(-0.113402, -0.32646)(-0.130584, -0.298969)
descriptor[i][.]=(332, 242)(-0.123596, -0.498282)(0.0898876, -0.494845)(-0.438202, 0.501718)(0.269663, 0.501718)
				 (332, 242)(-0.0378007, -0.498282)(0.0274914, -0.494845)(-0.134021, 0.501718)(0.0824742, 0.501718)
				 (332, 242)(-0.0378007, -0.498282)(-0.0824742, -0.350515)(-0.151203, -0.199313)(-0.113402, -0.04811)(-0.116838, 0.116838)(-0.103093, 0.278351)(-0.113402, 0.43299)(-0.0584192, 0.498282)(0.0859107, 0.498282)(0.0756014, 0.343643)(0.0927835, 0.178694)(0.109966, 0.0171821)(0.113402, -0.147766)(0.154639, -0.292096)(0.0618557, -0.405498)
				 (332, 242)(0.0652921, -0.391753)(-0.0515464, -0.398625)(-0.140893, 0.498282)(0.0824742, 0.501718)(0.134021, -0.364261)(0.113402, -0.38488)(0.0515464, -0.4811)(-0.0378007, -0.498282)
descriptor[i][.]=(333, 240)(-0.0222222, -0.498305)(0.155556, -0.471186)(-0.388889, 0.501695)(0.266667, 0.501695)
				 (333, 240)(-0.00677966, -0.498305)(0.0474576, -0.471186)(-0.118644, 0.501695)(0.0813559, 0.501695)
				 (333, 240)(-0.00677966, -0.498305)(-0.0711864, -0.369492)(-0.145763, -0.233898)(-0.111864, -0.0847458)(-0.115254, 0.0745763)(-0.115254, 0.233898)(-0.0881356, 0.389831)(-0.0813559, 0.494915)(0.0610169, 0.498305)(0.0711864, 0.366102)(0.0813559, 0.20678)(0.108475, 0.0508475)(0.108475, -0.108475)(0.145763, -0.250847)(0.0779661, -0.376271)
				 (333, 240)(-0.0542373, -0.386441)(-0.125424, 0.498305)(0.0813559, 0.501695)(0.152542, -0.271186)(-0.0474576, -0.477966)(-0.0745763, -0.369492)
descriptor[i][.]=(332, 243)(-0.0777778, -0.5)(0.1, -0.5)(-0.377778, 0.496552)(0.266667, 0.5)
				 (332, 243)(-0.0241379, -0.5)(0.0310345, -0.5)(-0.117241, 0.496552)(0.0827586, 0.5)
				 (332, 243)(-0.0241379, -0.5)(-0.0724138, -0.358621)(-0.155172, -0.224138)(-0.113793, -0.0724138)(-0.12069, 0.0896552)(-0.106897, 0.251724)(-0.1, 0.406897)(-0.0551724, 0.486207)(0.0896552, 0.496552)(0.0827586, 0.334483)(0.0965517, 0.172414)(0.110345, 0.0137931)(0.117241, -0.144828)(0.155172, -0.282759)(0.0689655, -0.410345)
				 (332, 243)(0.0689655, -0.406897)(-0.0758621, -0.348276)(-0.124138, 0.493103)(0.0827586, 0.5)(0.113793, -0.393103)(0.0724138, -0.455172)(0.037931, -0.496552)(-0.0241379, -0.5)(-0.0758621, -0.351724)(-0.110345, -0.334483)
descriptor[i][.]=(334, 242)(-0.119565, -0.498282)(0.0543478, -0.498282)(-0.391304, 0.501718)(0.23913, 0.501718)
				 (334, 242)(-0.0378007, -0.498282)(0.0171821, -0.498282)(-0.123711, 0.501718)(0.0756014, 0.501718)
				 (334, 242)(-0.0378007, -0.498282)(-0.0790378, -0.350515)(-0.158076, -0.209622)(-0.120275, -0.0618557)(-0.127148, 0.0996564)(-0.109966, 0.254296)(-0.109966, 0.412371)(-0.0584192, 0.487973)(0.0859107, 0.484536)(0.0790378, 0.329897)(0.0893471, 0.168385)(0.103093, 0.0103093)(0.109966, -0.151203)(0.151203, -0.278351)(0.0618557, -0.405498)
				 (334, 242)(-0.0756014, -0.353952)(-0.134021, 0.487973)(0.0756014, 0.501718)(0.0309278, -0.491409)(-0.0378007, -0.498282)(-0.0790378, -0.371134)(-0.116838, -0.329897)
descriptor[i][.]=(334, 242)(-0.117021, -0.498282)(0.0212766, -0.498282)(-0.393617, 0.501718)(0.212766, 0.501718)
				 (334, 242)(-0.0378007, -0.498282)(0.00687285, -0.498282)(-0.127148, 0.501718)(0.0687285, 0.501718)
				 (334, 242)(-0.0378007, -0.498282)(-0.0790378, -0.357388)(-0.161512, -0.226804)(-0.120275, -0.0790378)(-0.120275, 0.0790378)(-0.123711, 0.237113)(-0.0927835, 0.398625)(-0.0824742, 0.494845)(0.0721649, 0.498282)(0.0652921, 0.347079)(0.0824742, 0.19244)(0.106529, 0.0309278)(0.113402, -0.130584)(0.158076, -0.271478)(0.0687285, -0.412371)
				 (334, 242)(0.0549828, -0.426117)(-0.0790378, -0.353952)(0.0687285, 0.501718)(0.151203, -0.28866)(0.0962199, -0.391753)(0.0618557, -0.450172)(0.0412371, -0.487973)(-0.0378007, -0.498282)
descriptor[i][.]=(334, 242)(-0.126316, -0.5)(0.0631579, -0.493151)(-0.378947, 0.5)(0.242105, 0.5)
				 (334, 242)(-0.0410959, -0.5)(0.0205479, -0.493151)(-0.123288, 0.5)(0.0787671, 0.5)
				 (334, 242)(-0.0410959, -0.5)(-0.0821918, -0.366438)(-0.15411, -0.212329)(-0.119863, -0.0719178)(-0.126712, 0.0890411)(-0.116438, 0.25)(-0.10274, 0.410959)(-0.0684932, 0.493151)(0.0753425, 0.5)(0.0684932, 0.34589)(0.0821918, 0.184932)(0.10274, 0.0239726)(0.113014, -0.136986)(0.150685, -0.273973)(0.0582192, -0.414384)
				 (334, 242)(0.0547945, -0.417808)(-0.133562, 0.486301)(0.0787671, 0.5)(0.164384, -0.25)(0.0650685, -0.469178)(-0.0410959, -0.5)
descriptor[i][.]=(335, 242)(-0.159574, -0.498282)(0.0957447, -0.494845)(-0.393617, 0.501718)(0.223404, 0.498282)
				 (335, 242)(-0.0515464, -0.498282)(0.0309278, -0.494845)(-0.127148, 0.501718)(0.0721649, 0.498282)
				 (335, 242)(-0.0515464, -0.498282)(-0.106529, -0.364261)(-0.130584, -0.226804)(-0.120275, -0.0721649)(-0.130584, 0.0893471)(-0.120275, 0.250859)(-0.113402, 0.412371)(-0.0652921, 0.484536)(0.0824742, 0.487973)(0.0756014, 0.329897)(0.0859107, 0.168385)(0.103093, 0.00687285)(0.109966, -0.154639)(0.134021, -0.292096)(0.0515464, -0.426117)
				 (335, 242)(0.0549828, -0.381443)(-0.0618557, -0.439863)(0.0721649, 0.498282)(0.120275, -0.32646)(0.0584192, -0.453608)(0.0378007, -0.491409)(-0.0515464, -0.498282)(-0.0962199, -0.412371)
descriptor[i][.]=(337, 243)(-0.129032, -0.5)(0.0215054, -0.5)(-0.419355, 0.5)(0.204301, 0.5)
				 (337, 243)(-0.0413793, -0.5)(0.00689655, -0.5)(-0.134483, 0.5)(0.0655172, 0.5)
				 (337, 243)(-0.0413793, -0.5)(-0.124138, -0.37931)(-0.124138, -0.231034)(-0.131034, -0.0689655)(-0.137931, 0.0896552)(-0.127586, 0.248276)(-0.117241, 0.410345)(-0.0758621, 0.486207)(0.0551724, 0.5)(0.0551724, 0.351724)(0.0724138, 0.189655)(0.1, 0.0275862)(0.103448, -0.134483)(0.137931, -0.27931)(0.0413793, -0.406897)
				 (337, 243)(0.037931, -0.386207)(-0.144828, 0.486207)(0.0655172, 0.5)(0.162069, -0.193103)(0.113793, -0.331034)(0.0551724, -0.462069)(-0.0413793, -0.5)(-0.12069, -0.4)
descriptor[i][.]=(338, 241)(-0.164835, -0.498294)(0.010989, -0.488055)(-0.43956, 0.501706)(0.142857, 0.501706)
				 (338, 241)(-0.0511945, -0.498294)(0.00341297, -0.488055)(-0.136519, 0.501706)(0.0443686, 0.501706)
				 (338, 241)(-0.0511945, -0.498294)(-0.129693, -0.37884)(-0.12628, -0.225256)(-0.133106, -0.0648464)(-0.139932, 0.0989761)(-0.12628, 0.259386)(-0.129693, 0.423208)(-0.0648464, 0.498294)(0.0716724, 0.484642)(0.0580205, 0.337884)(0.0750853, 0.174061)(0.0955631, 0.0136519)(0.109215, -0.146758)(0.12628, -0.279863)(0.0409556, -0.40273)
				 (338, 241)(0.0341297, -0.368601)(-0.0750853, -0.409556)(-0.143345, 0.498294)(0.0614334, 0.498294)(0.12628, -0.290102)(0.0511945, -0.447099)(0.0273038, -0.481229)(-0.0511945, -0.498294)(-0.0750853, -0.409556)(-0.12628, -0.385666)
descriptor[i][.]=(339, 241)(-0.0777778, -0.498294)(0.0888889, -0.474403)(-0.466667, 0.501706)(0.2, 0.501706)
				 (339, 241)(-0.0238908, -0.498294)(0.0273038, -0.474403)(-0.143345, 0.501706)(0.0614334, 0.501706)
				 (339, 241)(-0.0238908, -0.498294)(-0.112628, -0.389078)(-0.150171, -0.249147)(-0.133106, -0.0887372)(-0.139932, 0.0682594)(-0.136519, 0.228669)(-0.112628, 0.392491)(-0.0989761, 0.498294)(0.0443686, 0.494881)(0.0443686, 0.361775)(0.0614334, 0.204778)(0.0887372, 0.0443686)(0.0955631, -0.119454)(0.139932, -0.249147)(0.0307167, -0.365188)
				 (339, 241)(0.0307167, -0.361775)(-0.0784983, -0.406143)(-0.150171, 0.498294)(0.0614334, 0.501706)(0.102389, -0.320819)(0.0443686, -0.43686)(-0.0204778, -0.498294)(-0.0546075, -0.494881)(-0.0784983, -0.409556)(-0.12628, -0.385666)
descriptor[i][.]=(340, 245)(-0.173913, -0.498339)(0.0326087, -0.488372)(-0.456522, 0.475083)(0.108696, 0.501661)
				 (340, 245)(-0.0531561, -0.498339)(0.00996678, -0.488372)(-0.139535, 0.475083)(0.0332226, 0.501661)
				 (340, 245)(-0.0531561, -0.498339)(-0.13289, -0.378738)(-0.126246, -0.232558)(-0.136213, -0.0730897)(-0.146179, 0.0863787)(-0.126246, 0.245847)(-0.13289, 0.398671)(-0.0664452, 0.45515)(0.0598007, 0.475083)(0.0465116, 0.328904)(0.0598007, 0.169435)(0.0797342, 0.00996678)(0.0930233, -0.149502)(0.119601, -0.282392)(0.0332226, -0.398671)
				 (340, 245)(-0.0465116, 0.445183)(0.0265781, -0.365449)(-0.076412, -0.408638)(-0.146179, 0.471761)(-0.0863787, 0.475083)(-0.0465116, 0.445183)(0.0232558, 0.501661)(0.152824, -0.196013)(0.0996678, -0.325581)(0.0166113, -0.48505)(-0.0531561, -0.498339)(-0.076412, -0.408638)(-0.119601, -0.392027)
descriptor[i][.]=(339, 241)(-0.043956, -0.5)(0.021978, -0.493197)(-0.450549, 0.496599)(0.186813, 0.5)
				 (339, 241)(-0.0136054, -0.5)(0.00680272, -0.493197)(-0.139456, 0.496599)(0.0578231, 0.5)
				 (339, 241)(-0.0136054, -0.5)(-0.085034, -0.384354)(-0.153061, -0.268707)(-0.132653, -0.112245)(-0.146259, 0.047619)(-0.136054, 0.207483)(-0.122449, 0.370748)(-0.112245, 0.493197)(0.0136054, 0.5)(0.0442177, 0.380952)(0.0578231, 0.221088)(0.0884354, 0.0578231)(0.0952381, -0.108844)(0.142857, -0.244898)(0.0306122, -0.360544)
				 (339, 241)(0.0306122, -0.360544)(-0.0816327, -0.387755)(-0.14966, 0.486395)(0.0578231, 0.5)(0.105442, -0.319728)(0.047619, -0.445578)(0.00680272, -0.493197)(-0.0680272, -0.486395)(-0.0816327, -0.391156)(-0.122449, -0.384354)(-0.146259, -0.367347)
descriptor[i][.]=(339, 240)(-0.0434783, -0.5)(0.130435, -0.456081)(-0.445652, 0.5)(0.206522, 0.5)
				 (339, 240)(-0.0135135, -0.5)(0.0405405, -0.456081)(-0.138514, 0.5)(0.0641892, 0.5)
				 (339, 240)(-0.0135135, -0.5)(-0.0777027, -0.378378)(-0.155405, -0.266892)(-0.128378, -0.111486)(-0.138514, 0.0506757)(-0.135135, 0.212838)(-0.118243, 0.375)(-0.111486, 0.493243)(0.0337838, 0.5)(0.0540541, 0.385135)(0.0608108, 0.226351)(0.0878378, 0.0641892)(0.0912162, -0.097973)(0.148649, -0.233108)(0.0337838, -0.347973)
				 (339, 240)(0.0304054, -0.35473)(-0.0777027, -0.375)(-0.148649, 0.486486)(0.0641892, 0.5)(-0.00675676, -0.496622)(-0.0641892, -0.47973)(-0.128378, -0.368243)
descriptor[i][.]=(339, 242)(-0.206522, -0.498282)(0.0108696, -0.494845)(-0.445652, 0.498282)(0.195652, 0.501718)
				 (339, 242)(-0.0652921, -0.498282)(0.00343643, -0.494845)(-0.140893, 0.498282)(0.0618557, 0.501718)
				 (339, 242)(-0.0652921, -0.498282)(-0.130584, -0.38488)(-0.130584, -0.237113)(-0.137457, -0.0756014)(-0.147766, 0.0859107)(-0.134021, 0.250859)(-0.123711, 0.412371)(-0.0756014, 0.487973)(0.0687285, 0.498282)(0.0618557, 0.340206)(0.0721649, 0.175258)(0.0927835, 0.0103093)(0.106529, -0.147766)(0.123711, -0.292096)(0.0378007, -0.415808)
				 (339, 242)(0.0309278, -0.371134)(-0.0824742, -0.391753)(-0.147766, 0.494845)(0.0618557, 0.501718)(0.116838, -0.312715)(0.0446735, -0.457045)(0.0103093, -0.491409)(-0.0652921, -0.498282)(-0.0824742, -0.395189)(-0.123711, -0.388316)(-0.147766, -0.37457)
descriptor[i][.]=(338, 241)(-0.150538, -0.498294)(0.0107527, -0.491468)(-0.430108, 0.501706)(0.215054, 0.501706)
				 (338, 241)(-0.0477816, -0.498294)(0.00341297, -0.491468)(-0.136519, 0.501706)(0.0682594, 0.501706)
				 (338, 241)(-0.0477816, -0.498294)(-0.109215, -0.385666)(-0.150171, -0.242321)(-0.133106, -0.0853242)(-0.139932, 0.0819113)(-0.133106, 0.245734)(-0.116041, 0.406143)(-0.0887372, 0.498294)(0.0546075, 0.498294)(0.0511945, 0.358362)(0.0648464, 0.197952)(0.0921502, 0.0341297)(0.0989761, -0.133106)(0.133106, -0.266212)(0.0375427, -0.392491)
				 (338, 241)(0.0341297, -0.372014)(-0.0784983, -0.389078)(-0.143345, 0.498294)(0.0682594, 0.501706)(0.109215, -0.320819)(0.0102389, -0.488055)(-0.0409556, -0.498294)(-0.0716724, -0.491468)(-0.136519, -0.375427)
descriptor[i][.]=(338, 242)(-0.180851, -0.498282)(0.0212766, -0.498282)(-0.425532, 0.498282)(0.202128, 0.501718)
				 (338, 242)(-0.0584192, -0.498282)(0.00687285, -0.498282)(-0.137457, 0.498282)(0.0652921, 0.501718)
				 (338, 242)(-0.0584192, -0.498282)(-0.14433, -0.38488)(-0.127148, -0.230241)(-0.134021, -0.0687285)(-0.140893, 0.0927835)(-0.127148, 0.254296)(-0.123711, 0.412371)(-0.0652921, 0.498282)(0.0721649, 0.494845)(0.0618557, 0.329897)(0.0756014, 0.164948)(0.0962199, 0.00343643)(0.113402, -0.154639)(0.127148, -0.28866)(0.0378007, -0.412371)
				 (338, 242)(0.0343643, -0.378007)(-0.0790378, -0.408935)(-0.147766, 0.487973)(0.0652921, 0.501718)(0.113402, -0.32646)(0.0137457, -0.494845)(-0.0584192, -0.498282)(-0.0790378, -0.412371)(-0.127148, -0.398625)
descriptor[i][.]=(335, 242)(-0.14433, -0.498282)(0.0412371, -0.498282)(-0.350515, 0.501718)(0.237113, 0.501718)
				 (335, 242)(-0.04811, -0.498282)(0.0137457, -0.498282)(-0.116838, 0.501718)(0.0790378, 0.501718)
				 (335, 242)(-0.04811, -0.498282)(-0.127148, -0.367698)(-0.123711, -0.230241)(-0.123711, -0.0687285)(-0.130584, 0.0927835)(-0.113402, 0.257732)(-0.109966, 0.412371)(-0.0515464, 0.4811)(0.0824742, 0.498282)(0.0687285, 0.340206)(0.0859107, 0.175258)(0.106529, 0.0103093)(0.113402, -0.154639)(0.137457, -0.28866)(0.0515464, -0.412371)
				 (335, 242)(0.0446735, -0.381443)(-0.123711, 0.498282)(0.0790378, 0.501718)(0.161512, -0.243986)(0.134021, -0.305842)(0.0274914, -0.491409)(-0.04811, -0.498282)
descriptor[i][.]=(335, 242)(-0.135417, -0.498282)(0.0208333, -0.494845)(-0.354167, 0.491409)(0.229167, 0.501718)
				 (335, 242)(-0.0446735, -0.498282)(0.00687285, -0.494845)(-0.116838, 0.491409)(0.0756014, 0.501718)
				 (335, 242)(-0.0446735, -0.498282)(-0.0996564, -0.364261)(-0.161512, -0.213058)(-0.123711, -0.0790378)(-0.130584, 0.0859107)(-0.120275, 0.243986)(-0.103093, 0.405498)(-0.04811, 0.477663)(0.0790378, 0.4811)(0.0824742, 0.32646)(0.0859107, 0.171821)(0.106529, 0.0103093)(0.109966, -0.154639)(0.137457, -0.285223)(0.0515464, -0.415808)
				 (335, 242)(0.04811, -0.38488)(-0.123711, 0.487973)(0.0756014, 0.501718)(0.120275, -0.32646)(0.0618557, -0.453608)(0.0412371, -0.484536)(-0.0446735, -0.498282)
descriptor[i][.]=(335, 242)(-0.145833, -0.498282)(0.0520833, -0.494845)(-0.375, 0.494845)(0.197917, 0.501718)
				 (335, 242)(-0.04811, -0.498282)(0.0171821, -0.494845)(-0.123711, 0.494845)(0.0652921, 0.501718)
				 (335, 242)(-0.04811, -0.498282)(-0.0927835, -0.360825)(-0.161512, -0.216495)(-0.123711, -0.0687285)(-0.134021, 0.0927835)(-0.116838, 0.254296)(-0.106529, 0.412371)(-0.0549828, 0.501718)(0.0756014, 0.491409)(0.0756014, 0.33677)(0.0859107, 0.175258)(0.106529, 0.0137457)(0.106529, -0.147766)(0.137457, -0.281787)(0.0515464, -0.412371)
				 (335, 242)(0.0549828, -0.38488)(-0.0584192, -0.429553)(0.0652921, 0.501718)(0.164948, -0.219931)(0.0343643, -0.487973)(-0.04811, -0.498282)(-0.0893471, -0.408935)
descriptor[i][.]=(335, 242)(-0.163043, -0.498282)(0.0326087, -0.494845)(-0.402174, 0.501718)(0.23913, 0.501718)
				 (335, 242)(-0.0515464, -0.498282)(0.0103093, -0.494845)(-0.127148, 0.501718)(0.0756014, 0.501718)
				 (335, 242)(-0.0515464, -0.498282)(-0.0824742, -0.343643)(-0.158076, -0.213058)(-0.123711, -0.0652921)(-0.130584, 0.0996564)(-0.113402, 0.261168)(-0.120275, 0.419244)(-0.0549828, 0.494845)(0.0824742, 0.498282)(0.0618557, 0.343643)(0.0790378, 0.189003)(0.0996564, 0.0274914)(0.106529, -0.137457)(0.140893, -0.278351)(0.0515464, -0.415808)
				 (335, 242)(0.0515464, -0.402062)(-0.0790378, -0.347079)(-0.134021, 0.498282)(0.0756014, 0.501718)(0.0927835, -0.371134)(0.0412371, -0.484536)(-0.0515464, -0.498282)(-0.0824742, -0.371134)(-0.130584, -0.316151)
descriptor[i][.]=(334, 242)(-0.021978, -0.498282)(0.032967, -0.498282)(-0.395604, 0.498282)(0.241758, 0.501718)
				 (334, 242)(-0.00687285, -0.498282)(0.0103093, -0.498282)(-0.123711, 0.498282)(0.0756014, 0.501718)
				 (334, 242)(-0.00687285, -0.498282)(-0.0652921, -0.37457)(-0.147766, -0.247423)(-0.116838, -0.0962199)(-0.123711, 0.0652921)(-0.120275, 0.226804)(-0.0996564, 0.388316)(-0.0859107, 0.494845)(0.0549828, 0.501718)(0.0584192, 0.371134)(0.0790378, 0.213058)(0.106529, 0.0515464)(0.106529, -0.109966)(0.158076, -0.247423)(0.0756014, -0.38488)
				 (334, 242)(0.0549828, -0.398625)(-0.0515464, -0.388316)(-0.134021, 0.487973)(0.0756014, 0.501718)(0.0996564, -0.367698)(0.0103093, -0.498282)(-0.0343643, -0.494845)(-0.0618557, -0.457045)(-0.130584, -0.312715)
descriptor[i][.]=(333, 242)(-0.0217391, -0.5)(0.0434783, -0.496575)(-0.380435, 0.496575)(0.184783, 0.5)
				 (333, 242)(-0.00684932, -0.5)(0.0136986, -0.496575)(-0.119863, 0.496575)(0.0582192, 0.5)
				 (333, 242)(-0.00684932, -0.5)(-0.0547945, -0.363014)(-0.143836, -0.236301)(-0.113014, -0.0924658)(-0.116438, 0.0616438)(-0.116438, 0.219178)(-0.0958904, 0.380137)(-0.0821918, 0.496575)(0.0684932, 0.496575)(0.0753425, 0.349315)(0.0856164, 0.191781)(0.109589, 0.0308219)(0.106164, -0.126712)(0.157534, -0.267123)(0.0582192, -0.376712)
				 (333, 242)(0.0582192, -0.376712)(-0.0547945, -0.363014)(-0.126712, 0.493151)(0.0787671, 0.493151)(0.109589, -0.369863)(0.0513699, -0.479452)(0.0273973, -0.493151)(-0.00342466, -0.5)(-0.0273973, -0.493151)(-0.0547945, -0.462329)(-0.133562, -0.297945)
descriptor[i][.]=(332, 243)(-0.0777778, -0.5)(0.122222, -0.5)(-0.377778, 0.5)(0.266667, 0.5)
				 (332, 243)(-0.0241379, -0.5)(0.037931, -0.5)(-0.117241, 0.5)(0.0827586, 0.5)
				 (332, 243)(-0.0241379, -0.5)(-0.0586207, -0.351724)(-0.144828, -0.227586)(-0.113793, -0.0758621)(-0.124138, 0.0896552)(-0.103448, 0.255172)(-0.110345, 0.413793)(-0.0413793, 0.493103)(0.0931034, 0.493103)(0.0827586, 0.331034)(0.0965517, 0.165517)(0.117241, 0.00344828)(0.106897, -0.162069)(0.151724, -0.3)(0.062069, -0.403448)
				 (332, 243)(0.062069, -0.368966)(-0.037931, -0.365517)(-0.124138, 0.496552)(0.0827586, 0.5)(0.155172, -0.282759)(0.131034, -0.362069)(0.106897, -0.372414)(0.0689655, -0.468966)(0.0448276, -0.496552)(-0.0241379, -0.5)(-0.0551724, -0.427586)
descriptor[i][.]=(330, 243)(-0.045977, -0.5)(0.091954, -0.5)(-0.367816, 0.5)(0.321839, 0.5)
				 (330, 243)(-0.0137931, -0.5)(0.0275862, -0.5)(-0.110345, 0.5)(0.0965517, 0.5)
				 (330, 243)(-0.0137931, -0.5)(-0.0482759, -0.355172)(-0.134483, -0.234483)(-0.103448, -0.0827586)(-0.117241, 0.0827586)(-0.103448, 0.244828)(-0.0931034, 0.410345)(-0.0482759, 0.5)(0.0931034, 0.5)(0.0827586, 0.341379)(0.1, 0.17931)(0.117241, 0.0137931)(0.113793, -0.148276)(0.148276, -0.293103)(0.0655172, -0.396552)
				 (330, 243)(0.0655172, -0.362069)(-0.0310345, -0.362069)(-0.12069, 0.486207)(0.0965517, 0.5)(0.148276, -0.337931)(0.0758621, -0.458621)(-0.0137931, -0.5)(-0.0862069, -0.337931)(-0.127586, -0.303448)
descriptor[i][.]=(330, 243)(-0.103448, -0.5)(0.126437, -0.5)(-0.367816, 0.496552)(0.298851, 0.496552)
				 (330, 243)(-0.0310345, -0.5)(0.037931, -0.5)(-0.110345, 0.496552)(0.0896552, 0.496552)
				 (330, 243)(-0.0310345, -0.5)(-0.0551724, -0.358621)(-0.141379, -0.224138)(-0.103448, -0.0724138)(-0.117241, 0.0931034)(-0.1, 0.255172)(-0.1, 0.413793)(-0.0413793, 0.482759)(0.0965517, 0.482759)(0.0965517, 0.32069)(0.106897, 0.158621)(0.127586, -0.00689655)(0.110345, -0.168966)(0.151724, -0.313793)(0.0724138, -0.42069)
				 (330, 243)(0.0655172, -0.362069)(-0.0275862, -0.37931)(-0.117241, 0.493103)(0.0896552, 0.496552)(0.151724, -0.324138)(0.0793103, -0.458621)(0.0448276, -0.496552)(-0.0310345, -0.5)(-0.0482759, -0.462069)(-0.110345, -0.324138)
descriptor[i][.]=(330, 243)(-0.0574713, -0.496552)(0.0689655, -0.5)(-0.37931, 0.496552)(0.321839, 0.5)
				 (330, 243)(-0.0172414, -0.496552)(0.0206897, -0.5)(-0.113793, 0.496552)(0.0965517, 0.5)
				 (330, 243)(0.00689655, -0.5)(-0.037931, -0.368966)(-0.137931, -0.251724)(-0.106897, -0.0965517)(-0.106897, 0.0655172)(-0.106897, 0.227586)(-0.0896552, 0.389655)(-0.0689655, 0.493103)(0.0862069, 0.5)(0.0827586, 0.351724)(0.0965517, 0.2)(0.12069, 0.037931)(0.12069, -0.124138)(0.148276, -0.268966)(0.062069, -0.372414)
				 (330, 243)(0.0655172, -0.362069)(-0.0310345, -0.37931)(0.0965517, 0.5)(0.151724, -0.334483)(0.0724138, -0.413793)(0.0482759, -0.493103)(0.0206897, -0.5)(-0.0172414, -0.496552)(-0.0482759, -0.42069)(-0.113793, -0.32069)
descriptor[i][.]=(330, 240)(-0.091954, -0.498305)(0.103448, -0.481356)(-0.425287, 0.501695)(0.298851, 0.498305)
				 (330, 240)(-0.0271186, -0.498305)(0.0305085, -0.481356)(-0.125424, 0.501695)(0.0881356, 0.498305)
				 (330, 240)(-0.0271186, -0.498305)(-0.0474576, -0.345763)(-0.135593, -0.213559)(-0.105085, -0.0644068)(-0.111864, 0.0983051)(-0.101695, 0.261017)(-0.101695, 0.420339)(-0.0576271, 0.498305)(0.0915254, 0.494915)(0.0881356, 0.335593)(0.101695, 0.172881)(0.122034, 0.0101695)(0.111864, -0.152542)(0.149153, -0.298305)(0.0677966, -0.4)
				 (330, 240)(0.0644068, -0.345763)(-0.0305085, -0.359322)(0.0881356, 0.498305)(0.149153, -0.322034)(0.0779661, -0.440678)(0.0372881, -0.477966)(-0.0135593, -0.498305)(-0.122034, -0.291525)
descriptor[i][.]=(332, 242)(-0.0113636, -0.498282)(0.0795455, -0.498282)(-0.443182, 0.501718)(0.295455, 0.501718)
				 (332, 242)(-0.00343643, -0.498282)(0.024055, -0.498282)(-0.134021, 0.501718)(0.0893471, 0.501718)
				 (332, 242)(-0.00343643, -0.498282)(-0.0412371, -0.367698)(-0.14433, -0.247423)(-0.109966, -0.0927835)(-0.116838, 0.0721649)(-0.116838, 0.24055)(-0.0927835, 0.402062)(-0.0824742, 0.501718)(0.0652921, 0.494845)(0.0721649, 0.367698)(0.0859107, 0.202749)(0.113402, 0.0343643)(0.109966, -0.130584)(0.151203, -0.278351)(0.0515464, -0.37457)
				 (332, 242)(0.0549828, -0.357388)(-0.0378007, -0.371134)(0.0893471, 0.501718)(0.14433, -0.333333)(0.0687285, -0.453608)(0.0309278, -0.494845)(-0.0309278, -0.494845)(-0.0549828, -0.42268)
descriptor[i][.]=(332, 242)(-0.0777778, -0.5)(0.0666667, -0.496575)(-0.366667, 0.496575)(0.266667, 0.5)
				 (332, 242)(-0.0239726, -0.5)(0.0205479, -0.496575)(-0.113014, 0.496575)(0.0821918, 0.5)
				 (332, 242)(-0.0239726, -0.5)(-0.0547945, -0.359589)(-0.140411, -0.226027)(-0.116438, -0.0787671)(-0.119863, 0.0856164)(-0.109589, 0.25)(-0.0890411, 0.410959)(-0.0479452, 0.486301)(0.0924658, 0.479452)(0.0890411, 0.325342)(0.0958904, 0.160959)(0.119863, -0.00342466)(0.10274, -0.164384)(0.143836, -0.308219)(0.0582192, -0.39726)
				 (332, 242)(0.0547945, -0.356164)(-0.0410959, -0.373288)(-0.119863, 0.493151)(0.0821918, 0.5)(0.140411, -0.339041)(0.0684932, -0.452055)(0.0342466, -0.489726)(-0.0239726, -0.5)(-0.0547945, -0.410959)(-0.123288, -0.311644)
descriptor[i][.]=(333, 242)(-0.129032, -0.498282)(0.0752688, -0.494845)(-0.376344, 0.501718)(0.172043, 0.501718)
				 (333, 242)(-0.0412371, -0.498282)(0.024055, -0.494845)(-0.120275, 0.501718)(0.0549828, 0.501718)
				 (333, 242)(-0.0412371, -0.498282)(-0.0790378, -0.353952)(-0.158076, -0.209622)(-0.116838, -0.0618557)(-0.123711, 0.103093)(-0.106529, 0.268041)(-0.113402, 0.42268)(-0.0446735, 0.487973)(0.0893471, 0.4811)(0.0824742, 0.32646)(0.0962199, 0.161512)(0.116838, -0.00343643)(0.0996564, -0.164948)(0.137457, -0.298969)(0.0584192, -0.408935)
				 (333, 242)(0.0549828, -0.37457)(-0.0584192, -0.38488)(-0.130584, 0.487973)(0.0790378, 0.498282)(0.161512, -0.247423)(0.109966, -0.371134)(0.0652921, -0.453608)(0.04811, -0.4811)(-0.0412371, -0.498282)(-0.127148, -0.309278)
descriptor[i][.]=(333, 243)(-0.126316, -0.5)(0.0210526, -0.5)(-0.368421, 0.493103)(0.263158, 0.5)
				 (333, 243)(-0.0413793, -0.5)(0.00689655, -0.5)(-0.12069, 0.493103)(0.0862069, 0.5)
				 (333, 243)(-0.0413793, -0.5)(-0.0827586, -0.351724)(-0.162069, -0.210345)(-0.117241, -0.0724138)(-0.124138, 0.0931034)(-0.110345, 0.255172)(-0.110345, 0.413793)(-0.0482759, 0.486207)(0.0931034, 0.489655)(0.0793103, 0.331034)(0.0931034, 0.168966)(0.113793, 0.00689655)(0.106897, -0.158621)(0.137931, -0.289655)(0.0586207, -0.413793)
				 (333, 243)(0.0517241, -0.393103)(-0.0586207, -0.389655)(-0.127586, 0.489655)(0.0862069, 0.5)(0.165517, -0.237931)(0.110345, -0.368966)(0.062069, -0.475862)(-0.0413793, -0.5)(-0.062069, -0.424138)(-0.0793103, -0.375862)
descriptor[i][.]=(332, 242)(-0.0947368, -0.498282)(0.115789, -0.498282)(-0.410526, 0.501718)(0.231579, 0.501718)
				 (332, 242)(-0.0309278, -0.498282)(0.0378007, -0.498282)(-0.134021, 0.501718)(0.0756014, 0.501718)
				 (332, 242)(-0.0309278, -0.498282)(-0.0893471, -0.357388)(-0.158076, -0.209622)(-0.109966, -0.0652921)(-0.120275, 0.0996564)(-0.106529, 0.264605)(-0.106529, 0.426117)(-0.0584192, 0.491409)(0.0687285, 0.501718)(0.0687285, 0.364261)(0.0893471, 0.199313)(0.113402, 0.0343643)(0.120275, -0.130584)(0.14433, -0.268041)(0.0618557, -0.412371)
				 (332, 242)(-0.0549828, -0.395189)(-0.0206186, 0.460481)(0.0618557, -0.391753)(-0.0824742, -0.378007)(-0.161512, -0.226804)(-0.140893, 0.498282)(-0.0446735, 0.487973)(0, 0.498282)(0.0756014, 0.501718)(0.14433, -0.295533)(0.0721649, -0.453608)(0.0446735, -0.494845)(-0.0309278, -0.498282)
descriptor[i][.]=(333, 243)(-0.12766, -0.5)(0.0638298, -0.5)(-0.382979, 0.496552)(0.223404, 0.5)
				 (333, 243)(-0.0413793, -0.5)(0.0206897, -0.5)(-0.124138, 0.496552)(0.0724138, 0.5)
				 (333, 243)(-0.0413793, -0.5)(-0.1, -0.365517)(-0.162069, -0.217241)(-0.113793, -0.0793103)(-0.12069, 0.0827586)(-0.113793, 0.244828)(-0.0965517, 0.406897)(-0.0655172, 0.5)(0.0724138, 0.5)(0.0758621, 0.344828)(0.0862069, 0.182759)(0.110345, 0.0206897)(0.117241, -0.141379)(0.141379, -0.286207)(0.0586207, -0.42069)
				 (333, 243)(0.0551724, -0.389655)(-0.0551724, -0.42069)(0.0724138, 0.5)(0.0689655, -0.458621)(0.0275862, -0.496552)(-0.0413793, -0.5)(-0.0896552, -0.396552)
descriptor[i][.]=(334, 243)(-0.0721649, -0.5)(0.0103093, -0.5)(-0.371134, 0.496552)(0.206186, 0.5)
				 (334, 243)(-0.0241379, -0.5)(0.00344828, -0.5)(-0.124138, 0.496552)(0.0689655, 0.5)
				 (334, 243)(-0.0241379, -0.5)(-0.12069, -0.386207)(-0.158621, -0.231034)(-0.117241, -0.0965517)(-0.12069, 0.0655172)(-0.12069, 0.224138)(-0.103448, 0.386207)(-0.0793103, 0.493103)(0.0724138, 0.496552)(0.062069, 0.348276)(0.0827586, 0.186207)(0.106897, 0.0275862)(0.113793, -0.134483)(0.141379, -0.275862)(0.0482759, -0.4)
				 (334, 243)(0.0551724, -0.358621)(0.0689655, 0.5)(0.168966, -0.2)(0.106897, -0.334483)(0.0655172, -0.472414)
descriptor[i][.]=(334, 243)(-0.136842, -0.5)(0.0947368, -0.5)(-0.378947, 0.5)(0.210526, 0.5)
				 (334, 243)(-0.0448276, -0.5)(0.0310345, -0.5)(-0.124138, 0.5)(0.0689655, 0.5)
				 (334, 243)(-0.0448276, -0.5)(-0.0655172, -0.355172)(-0.148276, -0.327586)(-0.106897, -0.172414)(-0.124138, 0)(-0.124138, 0.175862)(-0.110345, 0.348276)(-0.113793, 0.496552)(0.0344828, 0.5)(0.0655172, 0.375862)(0.0793103, 0.210345)(0.106897, 0.037931)(0.113793, -0.134483)(0.141379, -0.27931)(0.0551724, -0.410345)
				 (334, 243)(0.0448276, -0.365517)(-0.0448276, -0.362069)(-0.131034, 0.496552)(0.0689655, 0.5)(0.137931, -0.3)(0.110345, -0.334483)(0.062069, -0.451724)(0.0448276, -0.493103)(-0.0448276, -0.5)(-0.0655172, -0.462069)(-0.0758621, -0.4)
descriptor[i][.]=(335, 241)(-0.135417, -0.498294)(0.0520833, -0.488055)(-0.385417, 0.498294)(0.239583, 0.501706)
				 (335, 241)(-0.0443686, -0.498294)(0.0170648, -0.488055)(-0.12628, 0.498294)(0.0784983, 0.501706)
				 (335, 241)(-0.0443686, -0.498294)(-0.0477816, -0.351536)(-0.150171, -0.337884)(-0.109215, -0.187713)(-0.136519, -0.0136519)(-0.129693, 0.156997)(-0.119454, 0.327645)(-0.133106, 0.491468)(0.0204778, 0.501706)(0.0580205, 0.395904)(0.0716724, 0.232082)(0.102389, 0.0614334)(0.105802, -0.112628)(0.136519, -0.259386)(0.0477816, -0.392491)
				 (335, 241)(0.0409556, -0.354949)(-0.0477816, -0.348123)(-0.133106, 0.494881)(0.0784983, 0.501706)(0.133106, -0.290102)(0.0409556, -0.354949)(0.0580205, -0.460751)(0.0238908, -0.484642)(-0.0443686, -0.498294)(-0.0921502, -0.382253)(-0.143345, -0.375427)
descriptor[i][.]=(336, 243)(-0.0957447, -0.5)(0.0319149, -0.5)(-0.414894, 0.5)(0.223404, 0.5)
				 (336, 243)(-0.0310345, -0.5)(0.0103448, -0.5)(-0.134483, 0.5)(0.0724138, 0.5)
				 (336, 243)(-0.0310345, -0.5)(-0.062069, -0.355172)(-0.162069, -0.32069)(-0.117241, -0.162069)(-0.131034, 0.00689655)(-0.127586, 0.175862)(-0.113793, 0.337931)(-0.141379, 0.496552)(0.0172414, 0.5)(0.0586207, 0.393103)(0.0689655, 0.224138)(0.0965517, 0.0551724)(0.1, -0.113793)(0.137931, -0.265517)(0.0413793, -0.389655)
				 (336, 243)(0.037931, -0.362069)(-0.0517241, -0.362069)(-0.141379, 0.496552)(0.0724138, 0.5)(0.162069, -0.196552)(0.131034, -0.3)(0.103448, -0.334483)(0.037931, -0.362069)(0.0586207, -0.462069)(0.0241379, -0.493103)(-0.0586207, -0.489655)(-0.0689655, -0.427586)(-0.141379, -0.386207)
descriptor[i][.]=(336, 240)(-0.0645161, -0.498305)(0.0752688, -0.477966)(-0.376344, 0.498305)(0.225806, 0.501695)
				 (336, 240)(-0.020339, -0.498305)(0.0237288, -0.477966)(-0.118644, 0.498305)(0.0711864, 0.501695)
				 (336, 240)(-0.020339, -0.498305)(-0.0474576, -0.359322)(-0.155932, -0.332203)(-0.111864, -0.176271)(-0.138983, -0.0135593)(-0.125424, 0.152542)(-0.118644, 0.318644)(-0.125424, 0.481356)(0.00677966, 0.501695)(0.0474576, 0.40339)(0.0711864, 0.240678)(0.0915254, 0.0745763)(0.0983051, -0.0915254)(0.135593, -0.244068)(0.040678, -0.366102)
				 (336, 240)(0.0338983, -0.345763)(-0.0542373, -0.342373)(-0.125424, 0.494915)(0.0711864, 0.501695)(0.0983051, -0.318644)(0.0508475, -0.437288)(-0.0101695, -0.498305)(-0.0440678, -0.488136)(-0.0711864, -0.444068)
