pitchDescr2.dat
size1 21
size3 22
beh_type.id 19
sizes[]=44 43 38 39 33 37 33 45 48 34 40 40 46 55 42 39 38 39 48 36 42 
thresholds[]=0.16 0.16 0.16 0.16 0.16 0.16 0.16 0.16 0.16 0.16 0.16 0.16 0.16 0.16 0.16 0.16 0.16 0.16 0.16 0.16 0.16 
map[0][.]=0 1 0 0 0 0 0 0 0 0 0 0 0 0 0 0 0 0 0 0 0 0 
map[1][.]=0 0 1 0 0 0 0 0 0 0 0 0 0 0 0 0 0 0 0 0 0 0 
map[2][.]=0 0 0 1 0 0 0 0 0 0 0 0 0 0 0 0 0 0 0 0 0 0 
map[3][.]=0 0 0 0 1 0 0 0 0 0 0 0 0 0 0 0 0 0 0 0 0 0 
map[4][.]=0 0 0 0 0 1 0 0 0 0 0 0 0 0 0 0 0 0 0 0 0 0 
map[5][.]=0 0 0 0 0 0 1 0 0 0 0 0 0 0 0 0 0 0 0 0 0 0 
map[6][.]=0 0 0 0 0 0 0 1 0 0 0 0 0 0 0 0 0 0 0 0 0 0 
map[7][.]=0 0 0 0 0 0 0 0 1 0 0 0 0 0 0 0 0 0 0 0 0 0 
map[8][.]=0 0 0 0 0 0 0 0 0 1 0 0 0 0 0 0 0 0 0 0 0 0 
map[9][.]=0 0 0 0 0 0 0 0 0 0 1 0 0 0 0 0 0 0 0 0 0 0 
map[10][.]=0 0 0 0 0 0 0 0 0 0 0 1 0 0 0 0 0 0 0 0 0 0 
map[11][.]=0 0 0 0 0 0 0 0 0 0 0 0 1 0 0 0 0 0 0 0 0 0 
map[12][.]=0 0 0 0 0 0 0 0 0 0 0 0 0 1 0 0 0 0 0 0 0 0 
map[13][.]=0 0 0 0 0 0 0 0 0 0 0 0 0 0 1 0 0 0 0 0 0 0 
map[14][.]=0 0 0 0 0 0 0 0 0 0 0 0 0 0 0 1 0 0 0 0 0 0 
map[15][.]=0 0 0 0 0 0 0 0 0 0 0 0 0 0 0 0 1 0 0 0 0 0 
map[16][.]=0 0 0 0 0 0 0 0 0 0 0 0 0 0 0 0 0 1 0 0 0 0 
map[17][.]=0 0 0 0 0 0 0 0 0 0 0 0 0 0 0 0 0 0 1 0 0 0 
map[18][.]=0 0 0 0 0 0 0 0 0 0 0 0 0 0 0 0 0 0 0 1 0 0 
map[19][.]=0 0 0 0 0 0 0 0 0 0 0 0 0 0 0 0 0 0 0 0 1 0 
map[20][.]=0 0 0 0 0 0 0 0 0 0 0 0 0 0 0 0 0 0 0 0 0 1 
map[21][.]=0 0 0 0 0 0 0 0 0 0 0 0 0 0 0 0 0 0 0 0 0 0 
isLast[.]=false false false false false false false false false false false false false false false false false false false false false true 
descriptor[i][.]=(344, 313)(-0.0285714, -0.472924)(0.161905, -0.498195)(-0.142857, 0.487365)(0.133333, 0.501805)
				 (344, 313)(-0.0108303, -0.472924)(0.0613718, -0.498195)(-0.0541516, 0.487365)(0.0505415, 0.501805)
				 (344, 313)(0.00722022, -0.498195)(-0.0649819, -0.361011)(-0.173285, -0.274368)(-0.137184, -0.137184)(-0.104693, -0.00722022)(-0.0794224, 0.151625)(-0.0649819, 0.310469)(-0.0613718, 0.469314)(0.0758123, 0.487365)(0.0830325, 0.357401)(0.0902527, 0.198556)(0.144404, 0.0469314)(0.187726, -0.101083)(0.173285, -0.259928)(0.119134, -0.407942)
				 (344, 313)(-0.101083, -0.111913)(0.0866426, 0.184116)(-0.0288809, -0.389892)(0.0722022, 0.447653)(-0.108303, -0.0866426)(-0.0613718, 0.483755)(0.032491, 0.501805)(0.101083, 0.483755)(0.101083, 0.274368)(0.0866426, 0.184116)(0.133574, 0.108303)(0.173285, -0.288809)(0.0902527, -0.483755)(0.00722022, -0.498195)(-0.0288809, -0.393502)(-0.111913, -0.357401)(-0.140794, -0.33935)
descriptor[i][.]=(342, 312)(-0.0285714, -0.462094)(0.161905, -0.498195)(-0.104762, 0.487365)(0.152381, 0.501805)
				 (342, 312)(-0.0108303, -0.462094)(0.0613718, -0.498195)(-0.0397112, 0.487365)(0.0577617, 0.501805)
				 (342, 312)(0.0433213, -0.498195)(-0.0361011, -0.382671)(-0.162455, -0.303249)(-0.166065, -0.151625)(-0.111913, -0.0397112)(-0.0866426, 0.119134)(-0.0613718, 0.277978)(-0.0613718, 0.433213)(0.0361011, 0.501805)(0.0830325, 0.400722)(0.101083, 0.245487)(0.144404, 0.0902527)(0.187726, -0.0649819)(0.180505, -0.223827)(0.115523, -0.371841)
				 (342, 312)(-0.104693, -0.122744)(0.0938628, 0.180505)(-0.0288809, -0.386282)(0.0758123, 0.433213)(-0.180505, -0.166065)(-0.115523, -0.0613718)(0.101083, 0.487365)(0.0758123, 0.433213)(0.0938628, 0.180505)(0.191336, -0.0505415)(0.176895, -0.285199)(0.0613718, -0.498195)(0.00722022, -0.494585)(-0.0288809, -0.389892)(-0.129964, -0.353791)(-0.173285, -0.296029)
descriptor[i][.]=(340, 312)(-0.0294118, -0.451613)(0.166667, -0.498208)(-0.107843, 0.487455)(0.196078, 0.501792)
				 (340, 312)(-0.0107527, -0.451613)(0.0609319, -0.498208)(-0.0394265, 0.487455)(0.0716846, 0.501792)
				 (340, 312)(0.0215054, -0.498208)(-0.0501792, -0.362007)(-0.175627, -0.27957)(-0.121864, -0.150538)(-0.111111, 0.00716846)(-0.0681004, 0.154122)(-0.0501792, 0.311828)(-0.0609319, 0.458781)(0.078853, 0.498208)(0.09319, 0.362007)(0.09319, 0.207885)(0.150538, 0.0645161)(0.172043, -0.0896057)(0.179211, -0.247312)(0.121864, -0.397849)
				 (340, 312)(0.0896057, 0.172043)(-0.0250896, -0.379928)(-0.046595, 0.483871)(0.0716846, 0.501792)(0.0896057, 0.172043)(0.139785, 0.107527)(0.182796, -0.0501792)(0.0215054, -0.498208)(-0.0250896, -0.383513)(-0.100358, -0.362007)(-0.157706, -0.318996)
descriptor[i][.]=(339, 313)(-0.010101, -0.482014)(0.151515, -0.5)(-0.121212, 0.485612)(0.151515, 0.5)
				 (339, 313)(-0.00359712, -0.482014)(0.0539568, -0.5)(-0.0431655, 0.485612)(0.0539568, 0.5)
				 (339, 313)(0.0215827, -0.5)(-0.057554, -0.366906)(-0.165468, -0.280576)(-0.122302, -0.143885)(-0.122302, 0.0143885)(-0.0683453, 0.158273)(-0.0503597, 0.31295)(-0.057554, 0.464029)(0.0827338, 0.485612)(0.0971223, 0.352518)(0.0899281, 0.197842)(0.151079, 0.0539568)(0.169065, -0.104317)(0.176259, -0.258993)(0.111511, -0.402878)
				 (339, 313)(0.118705, -0.370504)(-0.028777, -0.388489)(-0.057554, 0.478417)(0.0431655, 0.5)(0.0971223, 0.485612)(0.179856, -0.233813)(0.169065, -0.294964)(0.118705, -0.370504)(0.100719, -0.47482)(0.0215827, -0.5)(-0.028777, -0.388489)(-0.0971223, -0.374101)
descriptor[i][.]=(338, 312)(-0.0707071, -0.408602)(0.171717, -0.498208)(-0.10101, 0.487455)(0.20202, 0.501792)
				 (338, 312)(-0.0250896, -0.408602)(0.0609319, -0.498208)(-0.0358423, 0.487455)(0.0716846, 0.501792)
				 (338, 312)(0.0250896, -0.498208)(-0.0501792, -0.369176)(-0.172043, -0.265233)(-0.121864, -0.143369)(-0.11828, 0.0143369)(-0.0645161, 0.16129)(-0.046595, 0.315412)(-0.0537634, 0.46595)(0.078853, 0.494624)(0.100358, 0.354839)(0.0896057, 0.197133)(0.154122, 0.0609319)(0.172043, -0.0967742)(0.179211, -0.250896)(0.125448, -0.397849)
				 (338, 312)(-0.0322581, -0.379928)(-0.0430108, 0.483871)(0.0860215, -0.487455)(0.0250896, -0.498208)(-0.0322581, -0.383513)(-0.0860215, -0.369176)
descriptor[i][.]=(336, 312)(-0.0380952, -0.415771)(0.209524, -0.498208)(-0.104762, 0.487455)(0.228571, 0.498208)
				 (336, 312)(-0.0143369, -0.415771)(0.078853, -0.498208)(-0.0394265, 0.487455)(0.0860215, 0.498208)
				 (336, 312)(0.0681004, -0.498208)(-0.0179211, -0.387097)(-0.154122, -0.301075)(-0.125448, -0.179211)(-0.121864, -0.0215054)(-0.0609319, 0.121864)(-0.046595, 0.27957)(-0.046595, 0.426523)(0.046595, 0.491039)(0.103943, 0.405018)(0.111111, 0.250896)(0.146953, 0.103943)(0.182796, -0.0537634)(0.189964, -0.21147)(0.132616, -0.358423)
				 (336, 312)(-0.0179211, -0.383513)(-0.046595, 0.483871)(0.0573477, 0.501792)(0.189964, -0.261649)(0.107527, -0.469534)(0.0179211, -0.487455)(-0.0179211, -0.387097)(-0.0645161, -0.37276)(-0.114695, -0.351254)(-0.172043, -0.286738)
descriptor[i][.]=(335, 312)(-0.00884956, -0.415771)(0.168142, -0.498208)(-0.0884956, 0.473118)(0.238938, 0.501792)
				 (335, 312)(-0.00358423, -0.415771)(0.0681004, -0.498208)(-0.0358423, 0.473118)(0.0967742, 0.501792)
				 (335, 312)(0.0358423, -0.498208)(-0.0358423, -0.376344)(-0.172043, -0.333333)(-0.129032, -0.197133)(-0.129032, -0.0358423)(-0.0645161, 0.100358)(-0.0430108, 0.261649)(-0.0322581, 0.419355)(0.0537634, 0.498208)(0.111111, 0.390681)(0.11828, 0.229391)(0.16129, 0.0716846)(0.204301, -0.0896057)(0.200717, -0.250896)(0.143369, -0.397849)
				 (335, 312)(-0.00716846, -0.37276)(-0.0430108, 0.469534)(0.0967742, 0.501792)(0.0358423, -0.498208)(-0.0681004, -0.397849)(-0.125448, -0.390681)
descriptor[i][.]=(338, 312)(-0.327586, -0.442857)(0.172414, -0.5)(-0.0431034, 0.485714)(0.206897, 0.5)
				 (338, 312)(-0.135714, -0.442857)(0.0714286, -0.5)(-0.0178571, 0.485714)(0.0857143, 0.5)
				 (338, 312)(0.0571429, -0.5)(0.025, -0.360714)(-0.114286, -0.360714)(-0.182143, -0.396429)(-0.142857, -0.246429)(-0.132143, -0.075)(-0.103571, 0.0785714)(-0.05, 0.246429)(-0.0321429, 0.421429)(0.0821429, 0.496429)(0.114286, 0.342857)(0.117857, 0.164286)(0.185714, -0.00714286)(0.203571, -0.185714)(0.142857, -0.35)
				 (338, 312)(-0.117857, -0.221429)(-0.05, 0.178571)(0.107143, 0.185714)(0.00714286, -0.335714)(-0.107143, -0.332143)(-0.203571, -0.292857)(-0.117857, -0.221429)(-0.146429, 0.0535714)(-0.0535714, 0.175)(-0.025, 0.482143)(0.0857143, 0.5)(0.107143, 0.185714)(0.0714286, -0.5)(0.0321429, -0.496429)(0.00714286, -0.335714)(-0.0178571, -0.346429)(-0.0892857, -0.432143)(-0.117857, -0.442857)
descriptor[i][.]=(342, 307)(-0.456897, -0.49827)(0.163793, -0.470588)(-0.146552, 0.484429)(0.0775862, 0.50173)
				 (342, 307)(-0.183391, -0.49827)(0.0657439, -0.470588)(-0.0588235, 0.484429)(0.0311419, 0.50173)
				 (342, 307)(-0.183391, -0.49827)(-0.186851, -0.32526)(-0.110727, -0.16263)(-0.152249, 0.017301)(-0.0726644, 0.16609)(-0.0553633, 0.346021)(-0.0242215, 0.480969)(0.083045, 0.456747)(0.107266, 0.276817)(0.128028, 0.0968858)(0.200692, -0.0657439)(0.183391, -0.245675)(0.107266, -0.411765)(-0.0103806, -0.408304)(-0.100346, -0.359862)
				 (342, 307)(-0.103806, -0.217993)(-0.0726644, 0.148789)(0.103806, 0.176471)(-0.0692042, -0.318339)(0.0795848, 0.439446)(-0.0138408, -0.342561)(-0.186851, -0.307958)(-0.15917, 0.0449827)(-0.0761246, 0.145329)(-0.0657439, 0.480969)(0.0242215, 0.50173)(0.0968858, 0.487889)(0.0795848, 0.439446)(0.110727, 0.301038)(0.103806, 0.176471)(0.107266, -0.425606)(0.0865052, -0.456747)(0.0311419, -0.470588)(-0.0242215, -0.387543)(-0.121107, -0.477509)(-0.183391, -0.49827)
descriptor[i][.]=(350, 307)(-0.418367, -0.5)(0.132653, -0.482759)(-0.0102041, 0.5)(0.102041, 0.5)
				 (350, 307)(-0.141379, -0.5)(0.0448276, -0.482759)(-0.00344828, 0.5)(0.0344828, 0.5)
				 (350, 307)(-0.141379, -0.5)(-0.165517, -0.337931)(-0.103448, -0.172414)(-0.124138, -0.0103448)(-0.106897, 0.158621)(-0.113793, 0.324138)(-0.0862069, 0.486207)(0.0689655, 0.482759)(0.0758621, 0.317241)(0.0862069, 0.151724)(0.162069, 0.0206897)(0.168966, -0.144828)(0.106897, -0.303448)(0.062069, -0.468966)(-0.0448276, -0.37931)
				 (350, 307)(0.0862069, 0.127586)(-0.0551724, -0.375862)(-0.0931034, 0.482759)(0.0586207, -0.475862)(-0.0137931, -0.465517)(-0.1, -0.486207)(-0.141379, -0.5)
descriptor[i][.]=(354, 310)(-0.0833333, -0.492958)(0.119048, -0.5)(-0.107143, 0.5)(0.0238095, 0.5)
				 (354, 310)(-0.0246479, -0.492958)(0.0352113, -0.5)(-0.0316901, 0.5)(0.00704225, 0.5)
				 (354, 310)(0.00704225, -0.5)(-0.0492958, -0.376761)(-0.126761, -0.260563)(-0.119718, -0.105634)(-0.144366, 0.0457746)(-0.126761, 0.197183)(-0.137324, 0.352113)(-0.0915493, 0.482394)(0.0528169, 0.485915)(0.0528169, 0.348592)(0.056338, 0.197183)(0.130282, 0.0704225)(0.140845, -0.0809859)(0.137324, -0.232394)(0.0915493, -0.380282)
				 (354, 310)(0.056338, 0.193662)(-0.0528169, -0.366197)(0.0316901, 0.447183)(0.0915493, 0.084507)(-0.109155, 0.482394)(0.056338, 0.485915)(0.0633803, 0.274648)(0.056338, 0.193662)(0.0915493, 0.0880282)(0.133803, 0.0704225)(0.0528169, -0.489437)(-0.0246479, -0.492958)(-0.0528169, -0.369718)
descriptor[i][.]=(352, 310)(-0.0487805, -0.492958)(0.0609756, -0.5)(-0.0365854, 0.5)(0.0731707, 0.5)
				 (352, 310)(-0.0140845, -0.492958)(0.0176056, -0.5)(-0.0105634, 0.5)(0.0211268, 0.5)
				 (352, 310)(0.0176056, -0.5)(-0.0457746, -0.380282)(-0.0950704, -0.242958)(-0.112676, -0.0950704)(-0.137324, 0.0528169)(-0.123239, 0.204225)(-0.140845, 0.355634)(-0.0809859, 0.485915)(0.0528169, 0.485915)(0.0598592, 0.348592)(0.0598592, 0.197183)(0.137324, 0.0598592)(0.133803, -0.084507)(0.130282, -0.235915)(0.0950704, -0.380282)
				 (352, 310)(-0.116197, 0.151408)(0.0598592, 0.190141)(-0.0457746, -0.380282)(0.0387324, 0.443662)(-0.119718, 0.144366)(-0.102113, 0.482394)(0.0633803, 0.482394)(0.0598592, 0.190141)(0.084507, -0.450704)(0.0704225, -0.475352)(-0.0140845, -0.492958)(-0.0352113, -0.475352)(-0.0880282, -0.338028)
descriptor[i][.]=(354, 310)(-0.0449438, -0.5)(0.0224719, -0.5)(-0.0224719, 0.5)(0.0898876, 0.5)
				 (354, 310)(-0.0140845, -0.5)(0.00704225, -0.5)(-0.00704225, 0.5)(0.028169, 0.5)
				 (354, 310)(-0.0140845, -0.5)(-0.0880282, -0.341549)(-0.112676, -0.15493)(-0.140845, 0.0246479)(-0.133803, 0.211268)(-0.144366, 0.397887)(-0.0492958, 0.43662)(-0.0704225, 0.260563)(-0.0176056, 0.359155)(0.0316901, 0.496479)(0.0528169, 0.338028)(0.0633803, 0.151408)(0.116197, -0.0211268)(0.112676, -0.183099)(0.0880282, -0.366197)
				 (354, 310)(-0.126761, 0.190141)(-0.0422535, 0.225352)(0.0492958, 0.190141)(0.109155, -0.161972)(-0.084507, 0.334507)(0.0316901, 0.443662)(-0.15493, 0.295775)(-0.144366, 0.415493)(-0.109155, 0.482394)(-0.0704225, 0.485915)(-0.084507, 0.334507)(-0.0140845, 0.496479)(0.0633803, 0.482394)(0.0492958, 0.190141)(0.158451, -0.0528169)(0.144366, -0.116197)(0.112676, -0.158451)(0.0528169, -0.485915)(-0.0352113, -0.492958)
descriptor[i][.]=(357, 310)(-0.0721649, -0.498233)(0.0824742, -0.498233)(-0.0824742, 0.501767)(0.0103093, 0.501767)
				 (357, 310)(-0.024735, -0.498233)(0.0282686, -0.498233)(-0.0282686, 0.501767)(0.00353357, 0.501767)
				 (357, 310)(-0.024735, -0.498233)(-0.102473, -0.332155)(-0.130742, -0.144876)(-0.155477, 0.0388693)(-0.151943, 0.226148)(-0.155477, 0.413428)(-0.0848057, 0.424028)(-0.0706714, 0.240283)(-0.0282686, 0.388693)(0.0388693, 0.484099)(0.0424028, 0.30742)(0.0706714, 0.120141)(0.173145, -0.0106007)(0.0918728, -0.180212)(0.0777385, -0.367491)
				 (357, 310)(-0.134276, 0.130742)(-0.0565371, 0.229682)(0.0388693, 0.183746)(0.0918728, -0.155477)(-0.0565371, -0.381625)(-0.0989399, 0.342756)(0.0176678, 0.441696)(0.106007, 0.0212014)(-0.134276, 0.130742)(-0.169611, 0.293286)(-0.155477, 0.427562)(-0.0989399, 0.484099)(-0.0636042, 0.44523)(-0.0989399, 0.342756)(-0.0353357, 0.498233)(0.0424028, 0.484099)(0.0176678, 0.441696)(0.0388693, 0.183746)(0.0848057, 0.113074)(0.106007, 0.024735)(0.151943, 0.0176678)(0.173145, -0.0459364)(0.0954064, -0.151943)(0.0636042, -0.45583)(0.0459364, -0.484099)(-0.024735, -0.498233)(-0.0565371, -0.473498)(-0.0918728, -0.349823)
descriptor[i][.]=(356, 310)(-0.0326087, -0.5)(0.0652174, -0.5)(-0.0326087, 0.5)(0.0217391, 0.5)
				 (356, 310)(-0.0105634, -0.5)(0.0211268, -0.5)(-0.0105634, 0.5)(0.00704225, 0.5)
				 (356, 310)(-0.0105634, -0.5)(-0.0880282, -0.34507)(-0.119718, -0.165493)(-0.147887, 0.0211268)(-0.144366, 0.207746)(-0.15493, 0.394366)(-0.056338, 0.433099)(-0.0774648, 0.264085)(-0.0316901, 0.376761)(0.0352113, 0.485915)(0.0457746, 0.320423)(0.0669014, 0.133803)(0.158451, -0.00352113)(0.0880282, -0.176056)(0.0774648, -0.359155)
				 (356, 310)(-0.0528169, 0.235915)(0.0422535, 0.179577)(-0.0950704, 0.327465)(0.0211268, 0.443662)(0.102113, 0.0492958)(-0.0915493, 0.485915)(-0.0950704, 0.327465)(-0.0105634, 0.5)(0.0528169, 0.478873)(0.0422535, 0.179577)(0.102113, 0.0528169)(0.140845, 0.0492958)(0.0352113, -0.492958)(-0.0316901, -0.492958)(-0.0528169, -0.471831)
descriptor[i][.]=(352, 310)(-0.0823529, -0.475352)(0.141176, -0.5)(-0.317647, 0.485915)(0.0705882, 0.5)
				 (352, 310)(-0.0246479, -0.475352)(0.0422535, -0.5)(-0.0950704, 0.485915)(0.0211268, 0.5)
				 (352, 310)(0.0246479, -0.5)(-0.0492958, -0.387324)(-0.0985915, -0.246479)(-0.119718, -0.0950704)(-0.130282, 0.056338)(-0.126761, 0.207746)(-0.144366, 0.359155)(-0.0915493, 0.485915)(0.0492958, 0.485915)(0.0528169, 0.355634)(0.0598592, 0.204225)(0.123239, 0.0633803)(0.126761, -0.0669014)(0.0985915, -0.21831)(0.0880282, -0.366197)
				 (352, 310)(0.056338, 0.183099)(0.102113, -0.109155)(0.0387324, 0.447183)(-0.102113, 0.482394)(0.0176056, 0.5)(0.0669014, 0.482394)(0.0387324, 0.447183)(0.056338, 0.183099)(0.140845, -0.0528169)(0.105634, -0.105634)(0.0739437, -0.454225)(0.0492958, -0.496479)
descriptor[i][.]=(352, 310)(-0.0119048, -0.4947)(0.0714286, -0.498233)(-0.0357143, 0.501767)(0.0714286, 0.498233)
				 (352, 310)(-0.00353357, -0.4947)(0.0212014, -0.498233)(-0.0106007, 0.501767)(0.0212014, 0.498233)
				 (352, 310)(0.0141343, -0.498233)(-0.0459364, -0.385159)(-0.102473, -0.243816)(-0.120141, -0.0918728)(-0.130742, 0.0600707)(-0.123675, 0.212014)(-0.144876, 0.363958)(-0.0742049, 0.484099)(0.0530035, 0.487633)(0.0530035, 0.360424)(0.0600707, 0.208481)(0.123675, 0.0636042)(0.109541, -0.0706714)(0.0989399, -0.222615)(0.0918728, -0.374558)
				 (352, 310)(-0.116608, 0.180212)(0.0530035, 0.187279)(0.0424028, 0.44523)(-0.116608, 0.180212)(-0.0989399, 0.480565)(0.0706714, 0.484099)(0.0530035, 0.187279)(0.0742049, -0.448763)(0.0600707, -0.480565)(0.0212014, -0.498233)(-0.0176678, -0.491166)
descriptor[i][.]=(353, 311)(-0.0813953, -0.5)(0.151163, -0.492908)(-0.325581, 0.485816)(0.0581395, 0.5)
				 (353, 311)(-0.0248227, -0.5)(0.0460993, -0.492908)(-0.0992908, 0.485816)(0.0177305, 0.5)
				 (353, 311)(-0.0248227, -0.5)(-0.0744681, -0.358156)(-0.113475, -0.212766)(-0.124113, -0.0602837)(-0.124113, 0.0921986)(-0.148936, 0.244681)(-0.141844, 0.397163)(-0.0567376, 0.468085)(0.0567376, 0.468085)(0.0567376, 0.315603)(0.0638298, 0.166667)(0.152482, 0.035461)(0.0992908, -0.106383)(0.106383, -0.258865)(0.070922, -0.411348)
				 (353, 311)(-0.120567, 0.166667)(0.0531915, 0.180851)(0.0992908, -0.0957447)(-0.106383, 0.48227)(0.0141844, 0.5)(0.0673759, 0.48227)(0.0531915, 0.180851)(0.14539, 0.0496454)(0.0744681, -0.446809)(0.0531915, -0.489362)(-0.0106383, -0.5)(-0.0921986, -0.329787)
descriptor[i][.]=(353, 311)(-0.0581395, -0.496454)(0.0581395, -0.5)(-0.0232558, 0.5)(0.0581395, 0.5)
				 (353, 311)(-0.0177305, -0.496454)(0.0177305, -0.5)(-0.0070922, 0.5)(0.0177305, 0.5)
				 (353, 311)(0, -0.5)(-0.0815603, -0.351064)(-0.113475, -0.163121)(-0.134752, 0.0177305)(-0.12766, 0.205674)(-0.141844, 0.390071)(-0.0496454, 0.457447)(-0.0673759, 0.283688)(-0.0177305, 0.351064)(0.0212766, 0.496454)(0.0496454, 0.347518)(0.0638298, 0.163121)(0.152482, 0.0035461)(0.102837, -0.166667)(0.0815603, -0.35461)
				 (353, 311)(-0.0390071, 0.230496)(0.0531915, 0.180851)(0.0992908, -0.102837)(-0.0460993, -0.386525)(-0.0851064, 0.347518)(0.035461, 0.43617)(-0.106383, 0.48227)(-0.0673759, 0.485816)(-0.0851064, 0.347518)(-0.0248227, 0.475177)(0.0673759, 0.48227)(0.0390071, 0.439716)(0.0602837, 0.223404)(0.0531915, 0.180851)(0.148936, 0.0496454)(0.102837, -0.0992908)(0.109929, -0.134752)(0.0283688, -0.496454)(-0.0425532, -0.48227)(-0.0496454, -0.400709)(-0.0886525, -0.343972)
descriptor[i][.]=(353, 311)(-0.119048, -0.485816)(0, -0.5)(-0.0119048, 0.5)(0.0595238, 0.5)
				 (353, 311)(-0.035461, -0.485816)(0, -0.5)(-0.0035461, 0.5)(0.0177305, 0.5)
				 (353, 311)(0, -0.5)(-0.0496454, -0.375887)(-0.106383, -0.234043)(-0.117021, -0.0851064)(-0.124113, 0.0673759)(-0.12766, 0.216312)(-0.148936, 0.365248)(-0.0815603, 0.485816)(0.0531915, 0.478723)(0.0567376, 0.333333)(0.0531915, 0.184397)(0.134752, 0.0531915)(0.102837, -0.0851064)(0.0992908, -0.234043)(0.0886525, -0.382979)
				 (353, 311)(-0.113475, 0.138298)(0.0531915, 0.184397)(-0.102837, 0.48227)(0.0531915, 0.48227)(0.0531915, 0.184397)(0.14539, 0.0460993)(0.0673759, -0.464539)(0.035461, -0.492908)(-0.0425532, -0.48227)
descriptor[i][.]=(352, 311)(-0.0238095, -0.498221)(0.107143, -0.498221)(-0.321429, 0.47331)(0.0714286, 0.501779)
				 (352, 311)(-0.00711744, -0.498221)(0.0320285, -0.498221)(-0.0960854, 0.47331)(0.0213523, 0.501779)
				 (352, 311)(-0.00711744, -0.498221)(-0.0604982, -0.362989)(-0.103203, -0.220641)(-0.113879, -0.0676157)(-0.120996, 0.0782918)(-0.131673, 0.227758)(-0.13879, 0.380783)(-0.0533808, 0.47331)(0.0640569, 0.47331)(0.0640569, 0.327402)(0.0676157, 0.177936)(0.145907, 0.0391459)(0.11032, -0.103203)(0.106762, -0.252669)(0.0854093, -0.395018)
				 (352, 311)(-0.11032, 0.13879)(0.0604982, 0.188612)(0.106762, -0.0818505)(-0.149466, 0.288256)(-0.13879, 0.427046)(-0.103203, 0.469751)(0.0711744, 0.483986)(0.0604982, 0.188612)(0.145907, 0.0498221)(0.135231, -0.0498221)(0.106762, -0.0818505)(0.0960854, -0.377224)(0.0711744, -0.462633)(0.0462633, -0.491103)(-0.0284698, -0.487544)
