pitchDescr5.dat
size1 34
size3 35
beh_type.id 19
sizes[]=49 51 49 51 51 46 47 50 46 46 47 42 52 50 41 41 40 45 39 47 49 53 47 46 37 47 49 50 48 47 40 43 42 44 
thresholds[]=0.16 0.16 0.16 0.16 0.16 0.16 0.16 0.16 0.16 0.16 0.16 0.16 0.16 0.16 0.16 0.16 0.16 0.16 0.16 0.16 0.16 0.16 0.16 0.16 0.16 0.16 0.16 0.16 0.16 0.16 0.16 0.16 0.16 0.16 
map[0][.]=0 1 0 0 0 0 0 0 0 0 0 0 0 0 0 0 0 0 0 0 0 0 0 0 0 0 0 0 0 0 0 0 0 0 0 
map[1][.]=0 0 1 0 0 0 0 0 0 0 0 0 0 0 0 0 0 0 0 0 0 0 0 0 0 0 0 0 0 0 0 0 0 0 0 
map[2][.]=0 0 0 1 0 0 0 0 0 0 0 0 0 0 0 0 0 0 0 0 0 0 0 0 0 0 0 0 0 0 0 0 0 0 0 
map[3][.]=0 0 0 0 1 0 0 0 0 0 0 0 0 0 0 0 0 0 0 0 0 0 0 0 0 0 0 0 0 0 0 0 0 0 0 
map[4][.]=0 0 0 0 0 1 0 0 0 0 0 0 0 0 0 0 0 0 0 0 0 0 0 0 0 0 0 0 0 0 0 0 0 0 0 
map[5][.]=0 0 0 0 0 0 1 0 0 0 0 0 0 0 0 0 0 0 0 0 0 0 0 0 0 0 0 0 0 0 0 0 0 0 0 
map[6][.]=0 0 0 0 0 0 0 1 0 0 0 0 0 0 0 0 0 0 0 0 0 0 0 0 0 0 0 0 0 0 0 0 0 0 0 
map[7][.]=0 0 0 0 0 0 0 0 1 0 0 0 0 0 0 0 0 0 0 0 0 0 0 0 0 0 0 0 0 0 0 0 0 0 0 
map[8][.]=0 0 0 0 0 0 0 0 0 1 0 0 0 0 0 0 0 0 0 0 0 0 0 0 0 0 0 0 0 0 0 0 0 0 0 
map[9][.]=0 0 0 0 0 0 0 0 0 0 1 0 0 0 0 0 0 0 0 0 0 0 0 0 0 0 0 0 0 0 0 0 0 0 0 
map[10][.]=0 0 0 0 0 0 0 0 0 0 0 1 0 0 0 0 0 0 0 0 0 0 0 0 0 0 0 0 0 0 0 0 0 0 0 
map[11][.]=0 0 0 0 0 0 0 0 0 0 0 0 1 0 0 0 0 0 0 0 0 0 0 0 0 0 0 0 0 0 0 0 0 0 0 
map[12][.]=0 0 0 0 0 0 0 0 0 0 0 0 0 1 0 0 0 0 0 0 0 0 0 0 0 0 0 0 0 0 0 0 0 0 0 
map[13][.]=0 0 0 0 0 0 0 0 0 0 0 0 0 0 1 0 0 0 0 0 0 0 0 0 0 0 0 0 0 0 0 0 0 0 0 
map[14][.]=0 0 0 0 0 0 0 0 0 0 0 0 0 0 0 1 0 0 0 0 0 0 0 0 0 0 0 0 0 0 0 0 0 0 0 
map[15][.]=0 0 0 0 0 0 0 0 0 0 0 0 0 0 0 0 1 0 0 0 0 0 0 0 0 0 0 0 0 0 0 0 0 0 0 
map[16][.]=0 0 0 0 0 0 0 0 0 0 0 0 0 0 0 0 0 1 0 0 0 0 0 0 0 0 0 0 0 0 0 0 0 0 0 
map[17][.]=0 0 0 0 0 0 0 0 0 0 0 0 0 0 0 0 0 0 1 0 0 0 0 0 0 0 0 0 0 0 0 0 0 0 0 
map[18][.]=0 0 0 0 0 0 0 0 0 0 0 0 0 0 0 0 0 0 0 1 0 0 0 0 0 0 0 0 0 0 0 0 0 0 0 
map[19][.]=0 0 0 0 0 0 0 0 0 0 0 0 0 0 0 0 0 0 0 0 1 0 0 0 0 0 0 0 0 0 0 0 0 0 0 
map[20][.]=0 0 0 0 0 0 0 0 0 0 0 0 0 0 0 0 0 0 0 0 0 1 0 0 0 0 0 0 0 0 0 0 0 0 0 
map[21][.]=0 0 0 0 0 0 0 0 0 0 0 0 0 0 0 0 0 0 0 0 0 0 1 0 0 0 0 0 0 0 0 0 0 0 0 
map[22][.]=0 0 0 0 0 0 0 0 0 0 0 0 0 0 0 0 0 0 0 0 0 0 0 1 0 0 0 0 0 0 0 0 0 0 0 
map[23][.]=0 0 0 0 0 0 0 0 0 0 0 0 0 0 0 0 0 0 0 0 0 0 0 0 1 0 0 0 0 0 0 0 0 0 0 
map[24][.]=0 0 0 0 0 0 0 0 0 0 0 0 0 0 0 0 0 0 0 0 0 0 0 0 0 1 0 0 0 0 0 0 0 0 0 
map[25][.]=0 0 0 0 0 0 0 0 0 0 0 0 0 0 0 0 0 0 0 0 0 0 0 0 0 0 1 0 0 0 0 0 0 0 0 
map[26][.]=0 0 0 0 0 0 0 0 0 0 0 0 0 0 0 0 0 0 0 0 0 0 0 0 0 0 0 1 0 0 0 0 0 0 0 
map[27][.]=0 0 0 0 0 0 0 0 0 0 0 0 0 0 0 0 0 0 0 0 0 0 0 0 0 0 0 0 1 0 0 0 0 0 0 
map[28][.]=0 0 0 0 0 0 0 0 0 0 0 0 0 0 0 0 0 0 0 0 0 0 0 0 0 0 0 0 0 1 0 0 0 0 0 
map[29][.]=0 0 0 0 0 0 0 0 0 0 0 0 0 0 0 0 0 0 0 0 0 0 0 0 0 0 0 0 0 0 1 0 0 0 0 
map[30][.]=0 0 0 0 0 0 0 0 0 0 0 0 0 0 0 0 0 0 0 0 0 0 0 0 0 0 0 0 0 0 0 1 0 0 0 
map[31][.]=0 0 0 0 0 0 0 0 0 0 0 0 0 0 0 0 0 0 0 0 0 0 0 0 0 0 0 0 0 0 0 0 1 0 0 
map[32][.]=0 0 0 0 0 0 0 0 0 0 0 0 0 0 0 0 0 0 0 0 0 0 0 0 0 0 0 0 0 0 0 0 0 1 0 
map[33][.]=0 0 0 0 0 0 0 0 0 0 0 0 0 0 0 0 0 0 0 0 0 0 0 0 0 0 0 0 0 0 0 0 0 0 1 
map[34][.]=0 0 0 0 0 0 0 0 0 0 0 0 0 0 0 0 0 0 0 0 0 0 0 0 0 0 0 0 0 0 0 0 0 0 0 
isLast[.]=false false false false false false false false false false false false false false false false false false false false false false false false false false false false false false false false false false true 
descriptor[i][.]=(298, 242)(-0.0114943, -0.461538)(0.137931, -0.5)(-0.206897, 0.453846)(0.0574713, 0.5)
				 (298, 242)(-0.00384615, -0.461538)(0.0461538, -0.5)(-0.0692308, 0.453846)(0.0192308, 0.5)
				 (298, 242)(0.0423077, -0.5)(0.0115385, -0.357692)(-0.0807692, -0.3)(-0.165385, -0.207692)(-0.0384615, -0.0846154)(-0.0846154, 0.0653846)(-0.1, 0.223077)(-0.0538462, 0.384615)(0.00384615, 0.496154)(0.119231, 0.419231)(0.1, 0.253846)(0.115385, 0.0923077)(0.161538, -0.0615385)(0.165385, -0.223077)(0.126923, -0.376923)
				 (298, 242)(-0.0384615, -0.0923077)(-0.0461538, 0.357692)(0.0961538, 0.153846)(-0.0115385, -0.269231)(-0.0384615, 0.0115385)(0.0192308, -0.338462)(-0.126923, -0.15)(-0.0384615, 0.0115385)(-0.0576923, 0.342308)(0.00384615, 0.496154)(0.0769231, 0.484615)(0.0961538, 0.153846)(0.165385, 0.0346154)(0.119231, -0.438462)(0.0538462, -0.496154)(0.0115385, -0.484615)(-0.0115385, -0.419231)(-0.00769231, -0.384615)(0.0192308, -0.338462)(-0.0115385, -0.273077)(-0.0846154, -0.303846)(-0.126923, -0.307692)
descriptor[i][.]=(299, 243)(-0.0337079, -0.447471)(0.146067, -0.498054)(-0.0224719, 0.501946)(0.0786517, 0.501946)
				 (299, 243)(-0.0116732, -0.447471)(0.0505837, -0.498054)(-0.0077821, 0.501946)(0.0272374, 0.501946)
				 (299, 243)(0.0505837, -0.498054)(0.0155642, -0.357977)(-0.0817121, -0.307393)(-0.167315, -0.202335)(-0.0505837, -0.0700389)(-0.140078, 0.077821)(-0.120623, 0.252918)(-0.159533, 0.404669)(0.0077821, 0.431907)(0.0817121, 0.48249)(0.11284, 0.33463)(0.101167, 0.159533)(0.163424, -0.0116732)(0.167315, -0.18677)(0.151751, -0.361868)
				 (299, 243)(-0.0466926, -0.0272374)(0, 0.412451)(0.0972763, 0.198444)(-0.0077821, -0.268482)(-0.0544747, -0.105058)(-0.105058, 0.330739)(0.108949, 0.108949)(-0.0856031, -0.116732)(-0.0544747, -0.105058)(-0.0505837, -0.0311284)(-0.155642, 0.365759)(-0.159533, 0.404669)(-0.11284, 0.428016)(-0.0311284, 0.474708)(-0.0155642, 0.498054)(0.07393, 0.486381)(0.132296, 0.455253)(0.0972763, 0.198444)(0.108949, 0.108949)(0.159533, 0.0350195)(0.0583658, -0.494163)(0.0233463, -0.494163)(-0.0856031, -0.311284)(-0.128405, -0.319066)
descriptor[i][.]=(296, 243)(-0.0104167, -0.426357)(0.208333, -0.5)(-0.0104167, 0.492248)(0.104167, 0.5)
				 (296, 243)(-0.00387597, -0.426357)(0.0775194, -0.5)(-0.00387597, 0.492248)(0.0387597, 0.5)
				 (296, 243)(0.0697674, -0.5)(0.0193798, -0.364341)(-0.0658915, -0.29845)(-0.155039, -0.193798)(-0.0387597, -0.0503876)(-0.151163, 0.0968992)(-0.127907, 0.27907)(-0.143411, 0.403101)(0.0271318, 0.406977)(0.0697674, 0.484496)(0.124031, 0.360465)(0.112403, 0.178295)(0.178295, 0.00775194)(0.186047, -0.174419)(0.170543, -0.356589)
				 (296, 243)(-0.0387597, -0.0271318)(0.0193798, 0.387597)(0.108527, 0.182171)(0.0116279, -0.271318)(-0.0426357, -0.0968992)(-0.116279, 0.306202)(-0.0426357, -0.0968992)(-0.120155, 0.0348837)(-0.155039, 0.0852713)(-0.186047, 0.337209)(-0.178295, 0.383721)(-0.0155039, 0.465116)(0.0271318, 0.5)(0.143411, 0.465116)(0.108527, 0.182171)(0.174419, 0.0310078)(0.170543, -0.356589)(0.0930233, -0.492248)(0.0387597, -0.496124)(-0.00387597, -0.426357)(-0.0736434, -0.302326)(-0.124031, -0.310078)
descriptor[i][.]=(291, 243)(-0.20354, -0.291829)(0.159292, -0.498054)(-0.451327, 0.354086)(0.486726, 0.470817)
				 (291, 243)(-0.0894942, -0.291829)(0.0700389, -0.498054)(-0.198444, 0.354086)(0.214008, 0.470817)
				 (291, 243)(0.0700389, -0.498054)(0.0466926, -0.299611)(-0.116732, -0.249027)(-0.0233463, -0.0894942)(-0.140078, 0.07393)(-0.167315, 0.287938)(-0.07393, 0.377432)(-0.0350195, 0.198444)(0.0194553, 0.276265)(0.00389105, 0.478599)(0.194553, 0.470817)(0.140078, 0.319066)(0.159533, 0.0972763)(0.202335, -0.116732)(0.202335, -0.33463)
				 (291, 243)(-0.0116732, -0.0428016)(-0.00389105, 0.143969)(0.132296, 0.280156)(0.0389105, -0.280156)(-0.14786, 0.268482)(-0.0350195, 0.155642)(0.0544747, 0.412451)(0.159533, 0.431907)(0.143969, 0.136187)(-0.00389105, -0.245136)(-0.210117, 0.303502)(-0.0856031, 0.377432)(-0.0466926, 0.36965)(0.0466926, 0.400778)(0.00389105, 0.498054)(0.214008, 0.470817)(0.132296, 0.280156)(0.143969, 0.136187)(0.0389105, -0.486381)(0.0155642, -0.428016)(0.0389105, -0.280156)(-0.00389105, -0.245136)(-0.0583658, -0.287938)(-0.0894942, -0.291829)
descriptor[i][.]=(288, 243)(-0.192982, -0.273438)(0.263158, -0.492188)(-0.359649, 0.355469)(0.27193, 0.488281)
				 (288, 243)(-0.0859375, -0.273438)(0.117188, -0.492188)(-0.160156, 0.355469)(0.121094, 0.488281)
				 (288, 243)(0.0625, -0.5)(0.0585938, -0.308594)(-0.0976563, -0.246094)(-0.0234375, -0.0859375)(-0.136719, 0.0546875)(-0.167969, 0.261719)(-0.105469, 0.355469)(-0.0351563, 0.199219)(0.0195313, 0.230469)(0.0507813, 0.4375)(0.15625, 0.46875)(0.148438, 0.261719)(0.195313, 0.0546875)(0.222656, -0.152344)(0.199219, -0.359375)
				 (288, 243)(0.00390625, -0.0507813)(0.0078125, 0.125)(0.148438, 0.195313)(0.0507813, -0.277344)(-0.152344, 0.246094)(-0.03125, 0.140625)(0.0664063, 0.414063)(-0.109375, -0.132813)(-0.128906, 0.03125)(-0.152344, 0.230469)(-0.222656, 0.28125)(-0.167969, 0.351563)(-0.0625, 0.363281)(-0.0273438, 0.171875)(0.0585938, 0.398438)(0.015625, 0.484375)(0.121094, 0.488281)(0.15625, 0.46875)(0.171875, 0.4375)(0.148438, 0.195313)(0.125, -0.488281)(0.0625, -0.5)(0.0273438, -0.429688)(-0.0859375, -0.273438)
descriptor[i][.]=(284, 244)(-0.105691, -0.262745)(0.260163, -0.498039)(-0.471545, 0.290196)(0.146341, 0.501961)
				 (284, 244)(-0.0509804, -0.262745)(0.12549, -0.498039)(-0.227451, 0.290196)(0.0705882, 0.501961)
				 (284, 244)(0.0823529, -0.498039)(0.0627451, -0.313725)(-0.0666667, -0.219608)(-0.027451, -0.054902)(-0.133333, 0.109804)(-0.235294, 0.25098)(-0.0745098, 0.313725)(-0.00392157, 0.113725)(0.0588235, 0.294118)(0.0196078, 0.47451)(0.180392, 0.431373)(0.164706, 0.239216)(0.227451, 0.0313725)(0.243137, -0.168627)(0.215686, -0.368627)
				 (284, 244)(0.0196078, 0.113725)(0.164706, 0.192157)(0.054902, -0.270588)(-0.027451, -0.0470588)(-0.0313725, 0.145098)(0.0823529, 0.419608)(-0.164706, 0.231373)(-0.0941176, 0.337255)(-0.054902, 0.262745)(-0.0313725, 0.164706)(0.0196078, 0.466667)(0.027451, 0.498039)(0.180392, 0.454902)(0.164706, 0.192157)(0.133333, -0.494118)(0.0823529, -0.498039)(0.0392157, -0.411765)(-0.0509804, -0.262745)(-0.0823529, -0.109804)
descriptor[i][.]=(285, 244)(-0.104839, -0.253906)(0.217742, -0.5)(-0.467742, 0.289063)(0.137097, 0.5)
				 (285, 244)(-0.0507813, -0.253906)(0.105469, -0.5)(-0.226563, 0.289063)(0.0664063, 0.5)
				 (285, 244)(0.09375, -0.5)(0.0625, -0.324219)(-0.0703125, -0.222656)(-0.0546875, -0.0625)(-0.136719, 0.101563)(-0.242188, 0.238281)(-0.078125, 0.3125)(-0.0117188, 0.117188)(0.046875, 0.285156)(0.0273438, 0.464844)(0.175781, 0.445313)(0.164063, 0.246094)(0.21875, 0.046875)(0.238281, -0.148438)(0.226563, -0.347656)
				 (285, 244)(-0.0390625, -0.0390625)(0.015625, 0.113281)(0.164063, 0.15625)(0.0507813, -0.277344)(-0.0195313, -0.144531)(-0.171875, 0.222656)(-0.0351563, 0.144531)(0.0820313, 0.40625)(-0.0859375, -0.0117188)(-0.171875, 0.21875)(-0.226563, 0.226563)(-0.234375, 0.28125)(-0.09375, 0.328125)(-0.0351563, 0.160156)(0.0703125, 0.390625)(0.0273438, 0.460938)(0.167969, 0.464844)(0.164063, 0.15625)(0.121094, -0.492188)(0.0507813, -0.476563)
descriptor[i][.]=(286, 245)(-0.0806452, -0.255906)(0.241935, -0.5)(-0.41129, 0.322835)(0.129032, 0.5)
				 (286, 245)(-0.0393701, -0.255906)(0.11811, -0.5)(-0.200787, 0.322835)(0.0629921, 0.5)
				 (286, 245)(0.0984252, -0.5)(0.0551181, -0.34252)(-0.0511811, -0.192913)(-0.0393701, -0.0511811)(-0.137795, 0.114173)(-0.23622, 0.255906)(-0.0787402, 0.34252)(-0.0314961, 0.149606)(0.0393701, 0.267717)(0.0354331, 0.448819)(0.173228, 0.452756)(0.161417, 0.251969)(0.220472, 0.0472441)(0.240157, -0.149606)(0.232283, -0.354331)
				 (286, 245)(0.015748, -0.106299)(0.015748, 0.122047)(0.161417, 0.177165)(0.0551181, -0.326772)(-0.161417, 0.23622)(-0.0314961, 0.145669)(0.0748031, 0.405512)(-0.0393701, -0.255906)(-0.0354331, -0.0787402)(-0.165354, 0.19685)(-0.240157, 0.255906)(-0.244094, 0.283465)(-0.200787, 0.322835)(-0.110236, 0.350394)(-0.0748031, 0.34252)(-0.0314961, 0.161417)(0.0669291, 0.393701)(0.019685, 0.484252)(0.165354, 0.464567)(0.161417, 0.177165)(0.228346, 0.0433071)(0.244094, -0.106299)(0.11811, -0.5)
descriptor[i][.]=(291, 243)(-0.141593, -0.238095)(0.176991, -0.5)(-0.451327, 0.373016)(0.238938, 0.496032)
				 (291, 243)(-0.0634921, -0.238095)(0.0793651, -0.5)(-0.202381, 0.373016)(0.107143, 0.496032)
				 (291, 243)(0.0714286, -0.5)(0.031746, -0.325397)(-0.0595238, -0.166667)(-0.0396825, -0.0119048)(-0.142857, 0.146825)(-0.206349, 0.309524)(-0.0753968, 0.40873)(-0.0277778, 0.234127)(0.0238095, 0.281746)(0.0198413, 0.464286)(0.166667, 0.456349)(0.142857, 0.253968)(0.210317, 0.0555556)(0.218254, -0.146825)(0.214286, -0.345238)
				 (291, 243)(0, -0.0595238)(0.00396825, 0.170635)(0.142857, 0.194444)(0.031746, -0.31746)(0, -0.150794)(-0.154762, 0.293651)(-0.031746, 0.194444)(0.0595238, 0.424603)(-0.0595238, -0.166667)(-0.00396825, -0.115079)(-0.214286, 0.309524)(-0.214286, 0.357143)(-0.0674603, 0.412698)(0.0396825, 0.400794)(0.00793651, 0.472222)(0.154762, 0.47619)(0.142857, 0.194444)(0.115079, -0.47619)(0.047619, -0.496032)
descriptor[i][.]=(296, 245)(-0.0291262, -0.452756)(0.135922, -0.5)(-0.0485437, 0.488189)(0.0582524, 0.5)
				 (296, 245)(-0.011811, -0.452756)(0.0551181, -0.5)(-0.019685, 0.488189)(0.023622, 0.5)
				 (296, 245)(0.0354331, -0.5)(0.011811, -0.350394)(-0.0866142, -0.212598)(-0.023622, -0.0866142)(-0.0984252, 0.0433071)(-0.137795, 0.19685)(-0.169291, 0.334646)(-0.102362, 0.433071)(0.00393701, 0.5)(0.137795, 0.433071)(0.133858, 0.26378)(0.15748, 0.0905512)(0.200787, -0.0748031)(0.192913, -0.248031)(0.149606, -0.393701)
				 (296, 245)(-0.011811, -0.0354331)(-0.011811, 0.429134)(0.122047, 0.216535)(0.011811, -0.350394)(-0.019685, -0.165354)(-0.122047, 0.318898)(-0.0275591, -0.0748031)(-0.11811, 0.0551181)(-0.192913, 0.338583)(-0.177165, 0.401575)(-0.019685, 0.476378)(0.00393701, 0.5)(0.133858, 0.464567)(0.122047, 0.216535)(0.200787, 0.019685)(0.0826772, -0.488189)(0.0551181, -0.5)(-0.011811, -0.409449)(0.011811, -0.350394)
descriptor[i][.]=(303, 244)(-0.0108696, -0.492188)(0.0652174, -0.5)(-0.0652174, 0.5)(0.163043, 0.484375)
				 (303, 244)(-0.00390625, -0.492188)(0.0234375, -0.5)(-0.0234375, 0.5)(0.0585938, 0.484375)
				 (303, 244)(0.015625, -0.5)(-0.015625, -0.355469)(-0.117188, -0.21875)(-0.0390625, -0.117188)(-0.0859375, 0.0351563)(-0.144531, 0.179688)(-0.117188, 0.34375)(-0.132813, 0.449219)(0.00390625, 0.496094)(0.117188, 0.417969)(0.0976563, 0.253906)(0.132813, 0.0898438)(0.171875, -0.0742188)(0.164063, -0.238281)(0.128906, -0.386719)
				 (303, 244)(-0.0390625, -0.015625)(0.09375, 0.21875)(-0.015625, -0.34375)(-0.0351563, -0.152344)(-0.117188, 0.34375)(-0.0507813, -0.0703125)(-0.144531, 0.0898438)(-0.167969, 0.363281)(-0.179688, 0.414063)(-0.136719, 0.449219)(-0.0234375, 0.5)(0.105469, 0.46875)(0.09375, 0.21875)(0.171875, 0.0273438)(0.0625, -0.480469)(0.0234375, -0.5)(-0.0117188, -0.488281)(-0.046875, -0.433594)(-0.015625, -0.34375)(-0.117188, -0.222656)
descriptor[i][.]=(310, 243)(-0.0786517, -0.498039)(0.0337079, -0.498039)(-0.224719, 0.501961)(0.0898876, 0.486275)
				 (310, 243)(-0.027451, -0.498039)(0.0117647, -0.498039)(-0.0784314, 0.501961)(0.0313725, 0.486275)
				 (310, 243)(-0.027451, -0.498039)(-0.0470588, -0.34902)(-0.160784, -0.223529)(-0.0666667, -0.176471)(-0.0705882, -0.0196078)(-0.137255, 0.133333)(-0.113725, 0.290196)(-0.117647, 0.443137)(-0.00784314, 0.490196)(0.0784314, 0.388235)(0.0705882, 0.223529)(0.129412, 0.0666667)(0.14902, -0.0941176)(0.137255, -0.247059)(0.0862745, -0.392157)
				 (310, 243)(-0.0509804, -0.164706)(-0.0784314, 0.392157)(0.137255, -0.239216)(-0.0470588, -0.337255)(-0.0588235, 0.00784314)(-0.164706, -0.164706)(-0.0588235, 0.00784314)(-0.0941176, 0.368627)(-0.113725, 0.490196)(0.054902, 0.478431)(0.141176, -0.235294)(0.14902, -0.321569)(0.0196078, -0.494118)(-0.027451, -0.498039)(-0.0666667, -0.415686)
descriptor[i][.]=(307, 247)(-0.0515464, -0.488722)(0.0309278, -0.5)(-0.0103093, 0.496241)(0.257732, 0.5)
				 (307, 247)(-0.018797, -0.488722)(0.0112782, -0.5)(-0.0037594, 0.496241)(0.093985, 0.5)
				 (307, 247)(0.0037594, -0.5)(-0.0263158, -0.357143)(-0.157895, -0.229323)(-0.0864662, -0.18797)(-0.0488722, -0.0902256)(-0.056391, 0.0676692)(-0.0827068, 0.229323)(-0.0037594, 0.387218)(0.0300752, 0.488722)(0.131579, 0.421053)(0.0789474, 0.259398)(0.109023, 0.093985)(0.154135, -0.0676692)(0.161654, -0.221805)(0.12406, -0.379699)
				 (307, 247)(-0.0263158, -0.195489)(0.0714286, 0.225564)(0.142857, -0.263158)(-0.0300752, -0.349624)(-0.0300752, 0.018797)(0.0075188, 0.402256)(0.116541, 0.075188)(0.150376, -0.116541)(-0.146617, -0.150376)(-0.0601504, -0.0413534)(-0.0300752, 0.018797)(-0.0827068, 0.142857)(-0.0263158, 0.37218)(-0.037594, 0.462406)(0.093985, 0.5)(0.0714286, 0.225564)(0.0902256, 0.191729)(0.116541, 0.0827068)(0.135338, 0.0601504)(0.180451, -0.142857)(0.146617, -0.259398)(0.157895, -0.342105)(0.0639098, -0.466165)(0.018797, -0.496241)(-0.0413534, -0.469925)
descriptor[i][.]=(305, 248)(-0.01, -0.494424)(0.04, -0.498141)(-0.01, 0.486989)(0.2, 0.501859)
				 (305, 248)(-0.00371747, -0.494424)(0.0148699, -0.498141)(-0.00371747, 0.486989)(0.0743494, 0.501859)
				 (305, 248)(0.0148699, -0.498141)(-0.0148699, -0.356877)(-0.156134, -0.234201)(-0.0855019, -0.193309)(-0.0371747, -0.115242)(-0.0185874, 0.0483271)(-0.0520446, 0.215613)(0.0148699, 0.375465)(0.0297398, 0.501859)(0.163569, 0.434944)(0.118959, 0.267658)(0.111524, 0.100372)(0.171004, -0.070632)(0.171004, -0.226766)(0.137546, -0.379182)
				 (305, 248)(-0.0148699, -0.204461)(0.0966543, 0.174721)(0.152416, -0.252788)(-0.0185874, -0.349442)(-0.0594796, -0.215613)(-0.0185874, 0.0520446)(0.0483271, 0.405204)(0.156134, -0.133829)(-0.137546, -0.152416)(-0.0148699, -0.204461)(-0.0185874, 0.0520446)(0, 0.449814)(-0.00371747, 0.486989)(0.137546, 0.486989)(0.0966543, 0.174721)(0.178439, -0.152416)(0.185874, -0.197026)(0.156134, -0.249071)(0.167286, -0.345725)(0.0743494, -0.472119)(0.0520446, -0.486989)(-0.0111524, -0.490706)(-0.133829, -0.267658)
descriptor[i][.]=(303, 248)(-0.018018, -0.482014)(0.126126, -0.5)(-0.0810811, 0.248201)(0.387387, 0.5)
				 (303, 248)(-0.00719424, -0.482014)(0.0503597, -0.5)(-0.0323741, 0.248201)(0.154676, 0.5)
				 (303, 248)(0.0359712, -0.5)(0.00359712, -0.356115)(-0.133094, -0.244604)(-0.140288, -0.151079)(0, -0.169065)(-0.0215827, 0)(-0.028777, 0.169065)(-0.00359712, 0.338129)(0.057554, 0.485612)(0.190647, 0.44964)(0.176259, 0.28777)(0.136691, 0.122302)(0.176259, -0.0467626)(0.176259, -0.21223)(0.143885, -0.370504)
				 (303, 248)(0, -0.338129)(-0.00359712, -0.194245)(0.0431655, 0.388489)(-0.0323741, -0.205036)(-0.111511, -0.266187)(-0.194245, -0.151079)(-0.0395683, -0.197842)(0, 0.356115)(0.0503597, 0.478417)(0.18705, 0.485612)(0.201439, 0.435252)(0.0755396, -0.489209)(0.0503597, -0.5)(0.00719424, -0.492806)
descriptor[i][.]=(306, 250)(-0.0169492, -0.450704)(0.152542, -0.5)(-0.0169492, 0.348592)(0.398305, 0.5)
				 (306, 250)(-0.00704225, -0.450704)(0.0633803, -0.5)(-0.00704225, 0.348592)(0.165493, 0.5)
				 (306, 250)(0.0422535, -0.5)(0.0105634, -0.355634)(-0.112676, -0.25)(-0.176056, -0.147887)(-0.0105634, -0.161972)(-0.0316901, 0.00352113)(-0.0316901, 0.165493)(-0.0105634, 0.330986)(0.0950704, 0.422535)(0.197183, 0.457746)(0.197183, 0.288732)(0.158451, 0.123239)(0.169014, -0.0457746)(0.15493, -0.211268)(0.144366, -0.369718)
				 (306, 250)(0.0105634, -0.320423)(-0.0105634, -0.161972)(0.0950704, 0.419014)(-0.00704225, -0.31338)(-0.204225, -0.15493)(-0.0316901, -0.119718)(-0.0422535, 0.0880282)(0.0316901, 0.40493)(0.0950704, 0.419014)(0.105634, 0.478873)(0.179577, 0.492958)(0.105634, -0.461268)(0.0704225, -0.496479)(0.0105634, -0.485915)
descriptor[i][.]=(309, 253)(-0.00833333, -0.467577)(0.108333, -0.498294)(-0.0416667, 0.331058)(0.408333, 0.501706)
				 (309, 253)(-0.00341297, -0.467577)(0.0443686, -0.498294)(-0.0170648, 0.331058)(0.167235, 0.501706)
				 (309, 253)(0.0341297, -0.498294)(0.0170648, -0.354949)(-0.0955631, -0.238908)(-0.174061, -0.150171)(-0.0307167, -0.129693)(-0.0443686, 0.0307167)(-0.0341297, 0.194539)(0.0136519, 0.341297)(0.116041, 0.447099)(0.197952, 0.430034)(0.194539, 0.266212)(0.156997, 0.102389)(0.156997, -0.0580205)(0.143345, -0.225256)(0.12628, -0.37884)
				 (309, 253)(0.00682594, -0.300341)(-0.0273038, -0.143345)(0.0853242, 0.389078)(-0.0136519, -0.406143)(-0.201365, -0.194539)(-0.204778, -0.170648)(0.0204778, 0.375427)(0.0853242, 0.389078)(0.116041, 0.477816)(0.150171, 0.498294)(0.163823, -0.334471)(0.109215, -0.457338)(0.0887372, -0.484642)
descriptor[i][.]=(325, 253)(-0.02, -0.496599)(0.07, -0.5)(-0.08, 0.377551)(0.41, 0.5)
				 (325, 253)(-0.00680272, -0.496599)(0.0238095, -0.5)(-0.0272109, 0.377551)(0.139456, 0.5)
				 (325, 253)(0, -0.5)(-0.0204082, -0.357143)(-0.0714286, -0.20068)(-0.132653, -0.122449)(-0.102041, 0.0170068)(-0.0918367, 0.173469)(-0.0748299, 0.329932)(0.0340136, 0.397959)(0.119048, 0.496599)(0.159864, 0.367347)(0.136054, 0.214286)(0.115646, 0.0544218)(0.0986395, -0.102041)(0.122449, -0.261905)(0.0918367, -0.408163)
				 (325, 253)(-0.0680272, -0.207483)(-0.0918367, -0.0952381)(0.0306122, 0.380952)(-0.0204082, -0.35034)(-0.0340136, -0.336735)(-0.0680272, -0.214286)(-0.132653, -0.187075)(-0.163265, -0.173469)(-0.0918367, -0.0952381)(-0.112245, 0.0748299)(-0.0340136, 0.37415)(0.0306122, 0.380952)(0.0680272, 0.493197)(0.139456, 0.5)(0.170068, 0.319728)(0.0816327, -0.479592)(0.0612245, -0.493197)(0, -0.5)
descriptor[i][.]=(331, 253)(-0.282353, -0.483444)(0.0705882, -0.5)(-0.117647, 0.36755)(0.388235, 0.5)
				 (331, 253)(-0.0794702, -0.483444)(0.0198675, -0.5)(-0.0331126, 0.36755)(0.109272, 0.5)
				 (331, 253)(0.013245, -0.5)(-0.115894, -0.440397)(-0.129139, -0.291391)(-0.10596, -0.139073)(-0.119205, 0.013245)(-0.109272, 0.165563)(-0.0927152, 0.324503)(0.0198675, 0.397351)(0.0629139, 0.496689)(0.129139, 0.39404)(0.122517, 0.238411)(0.102649, 0.0794702)(0.089404, -0.0761589)(0.122517, -0.235099)(0.0695364, -0.377483)
				 (331, 253)(-0.089404, -0.241722)(0.013245, 0.370861)(-0.129139, 0.0728477)(-0.0397351, 0.364238)(0.013245, 0.480132)(0.109272, 0.5)(0.142384, 0.307947)(0.0761589, -0.456954)(0.0662252, -0.483444)(0.0198675, -0.5)(-0.0794702, -0.483444)(-0.115894, -0.443709)
descriptor[i][.]=(330, 249)(-0.205357, -0.498423)(0.1875, -0.457413)(-0.107143, 0.362776)(0.232143, 0.501577)
				 (330, 249)(-0.0725552, -0.498423)(0.0662461, -0.457413)(-0.0378549, 0.362776)(0.0820189, 0.501577)
				 (330, 249)(-0.0725552, -0.498423)(-0.176656, -0.340694)(-0.104101, -0.160883)(-0.11041, 0.0252366)(-0.113565, 0.211356)(-0.0378549, 0.362776)(0.0283912, 0.394322)(0.0757098, 0.501577)(0.132492, 0.356467)(0.11041, 0.173502)(0.141956, -0.00315457)(0.167192, -0.18612)(0.119874, -0.362776)(0.00630915, -0.419558)(-0.0914826, -0.375394)
				 (330, 249)(-0.104101, -0.239748)(0.0252366, 0.309148)(0.107256, 0.0283912)(-0.0567823, -0.340694)(0.0410095, 0.444795)(0, -0.340694)(-0.0914826, -0.375394)(-0.104101, -0.239748)(-0.123028, 0.0820189)(-0.044164, 0.359621)(-0.0189274, 0.362776)(0.00315457, 0.457413)(0.0694006, 0.501577)(0.11041, 0.488959)(0.164038, -0.0410095)(0.107256, -0.435331)(0.0662461, -0.457413)(0.0283912, -0.44795)(-0.0914826, -0.375394)(-0.0189274, -0.463722)
descriptor[i][.]=(333, 245)(-0.177419, -0.498462)(0.193548, -0.44)(-0.120968, 0.366154)(0.153226, 0.501538)
				 (333, 245)(-0.0676923, -0.498462)(0.0738462, -0.44)(-0.0461538, 0.366154)(0.0584615, 0.501538)
				 (333, 245)(-0.0676923, -0.498462)(-0.190769, -0.347692)(-0.116923, -0.163077)(-0.116923, 0.0369231)(-0.116923, 0.236923)(-0.0276923, 0.350769)(0.00923077, 0.255385)(0.0369231, 0.452308)(0.107692, 0.409231)(0.110769, 0.215385)(0.156923, 0.0646154)(0.178462, -0.129231)(0.113846, -0.313846)(0.0276923, -0.412308)(-0.101538, -0.366154)
				 (333, 245)(0.00923077, 0.215385)(0.101538, 0.08)(0.110769, -0.304615)(-0.0892308, -0.344615)(-0.0276923, 0.236923)(-0.00615385, -0.326154)(-0.0923077, -0.4)(-0.0461538, 0.366154)(-0.0246154, 0.347692)(0.0430769, 0.498462)(0.0984615, 0.489231)(0.104615, 0.0892308)(0.153846, 0.0676923)(0.172308, -0.218462)(0.116923, -0.403077)(0.0738462, -0.44)(0.0184615, -0.409231)(-0.0861538, -0.344615)(-0.0215385, -0.464615)(-0.0676923, -0.498462)(-0.0984615, -0.489231)(-0.169231, -0.415385)
descriptor[i][.]=(345, 236)(-0.252033, -0.498542)(0.235772, -0.370262)(-0.0406504, 0.466472)(0.0813008, 0.501458)
				 (345, 236)(-0.090379, -0.498542)(0.0845481, -0.370262)(-0.0145773, 0.466472)(0.0291545, 0.501458)
				 (345, 236)(-0.090379, -0.498542)(-0.177843, -0.314869)(-0.119534, -0.122449)(-0.139942, 0.0728863)(-0.148688, 0.279883)(-0.0728863, 0.323615)(-0.0233236, 0.317784)(0.0204082, 0.501458)(0.0932945, 0.329446)(0.0699708, 0.125364)(0.110787, 0.107872)(0.172012, -0.0116618)(0.116618, -0.215743)(0.0437318, -0.364431)(-0.0816327, -0.338192)
				 (345, 236)(-0.107872, -0.166181)(-0.0262391, 0.230321)(0.0670554, 0.03207)(0.0991254, -0.250729)(-0.0699708, -0.291545)(-0.0116618, -0.279883)(-0.0816327, -0.373178)(-0.110787, -0.169096)(-0.169096, 0.370262)(-0.0845481, 0.338192)(0.0058309, 0.498542)(0.0612245, 0.48688)(0.0699708, 0.0437318)(0.116618, 0.116618)(0.169096, 0.12828)(0.180758, 0.0699708)(0.134111, -0.189504)(0.102041, -0.247813)(0.116618, -0.332362)(0.090379, -0.367347)(0.0233236, -0.355685)(-0.0670554, -0.291545)(-0.0816327, -0.373178)(-0.0408163, -0.492711)(-0.090379, -0.498542)(-0.116618, -0.48105)
descriptor[i][.]=(346, 234)(-0.208333, -0.498559)(0.208333, -0.360231)(-0.00833333, 0.501441)(0.1, 0.501441)
				 (346, 234)(-0.0720461, -0.498559)(0.0720461, -0.360231)(-0.00288184, 0.501441)(0.0345821, 0.501441)
				 (346, 234)(-0.0720461, -0.498559)(-0.138329, -0.314121)(-0.0951009, -0.10951)(-0.144092, 0.0691643)(-0.15562, 0.276657)(-0.0806916, 0.331412)(-0.0201729, 0.259366)(0, 0.458213)(0.0691643, 0.400576)(0.0691643, 0.201729)(0.106628, 0.0806916)(0.170029, 0.0259366)(0.129683, -0.178674)(0.0720461, -0.360231)(-0.037464, -0.325648)
				 (346, 234)(-0.0230548, 0.204611)(0.0691643, 0.054755)(0.106628, -0.221902)(-0.0317003, -0.270893)(-0.0893372, -0.118156)(-0.170029, 0.371758)(-0.100865, 0.351585)(-0.00864553, 0.498559)(0.0345821, 0.501441)(0.121037, 0.126801)(0.161383, 0.14121)(0.10951, -0.21902)(0.121037, -0.244957)(0.126801, -0.314121)(0.10951, -0.342939)(0.0720461, -0.360231)(-0.0317003, -0.489914)(-0.0720461, -0.498559)(-0.144092, -0.354467)(-0.0893372, -0.118156)
descriptor[i][.]=(342, 263)(-0.00847458, -0.475862)(0.483051, -0.486207)(-0.0169492, 0.465517)(0.0932203, 0.5)
				 (342, 263)(-0.00344828, -0.475862)(0.196552, -0.486207)(-0.00689655, 0.465517)(0.037931, 0.5)
				 (342, 263)(0.1, -0.5)(-0.0517241, -0.444828)(-0.0793103, -0.255172)(-0.155172, -0.0724138)(-0.172414, 0.124138)(-0.203448, 0.310345)(-0.0862069, 0.258621)(0.00689655, 0.168966)(-0.0103448, 0.362069)(0.0517241, 0.482759)(0.124138, 0.327586)(0.103448, 0.131034)(0.175862, 0)(0.182759, -0.196552)(0.189655, -0.389655)
				 (342, 263)(-0.0103448, 0.127586)(0.103448, 0.0241379)(0.0448276, -0.444828)(-0.0517241, -0.310345)(-0.037931, 0.131034)(-0.0931034, -0.172414)(-0.189655, 0.348276)(-0.117241, 0.32069)(-0.0413793, 0.144828)(-0.0137931, 0.368966)(-0.0103448, 0.462069)(0.0310345, 0.496552)(0.0862069, 0.475862)(0.165517, 0.0206897)(0.203448, -0.482759)(0.1, -0.5)(0.0275862, -0.465517)(-0.0413793, -0.468966)(-0.0931034, -0.172414)
descriptor[i][.]=(344, 261)(-0.0162602, -0.394464)(0.406504, -0.49827)(-0.0406504, 0.474048)(0.0731707, 0.50173)
				 (344, 261)(-0.00692042, -0.394464)(0.17301, -0.49827)(-0.017301, 0.474048)(0.0311419, 0.50173)
				 (344, 261)(0.121107, -0.49827)(-0.0138408, -0.391003)(-0.0865052, -0.221453)(-0.16263, -0.0519031)(-0.183391, 0.131488)(-0.207612, 0.318339)(-0.0968858, 0.269896)(-0.00346021, 0.16263)(-0.00346021, 0.349481)(0.0311419, 0.50173)(0.110727, 0.349481)(0.100346, 0.16609)(0.103806, -0.0138408)(0.155709, -0.190311)(0.200692, -0.370242)
				 (344, 261)(-0.017301, 0.134948)(0.0519031, -0.404844)(-0.204152, 0.356401)(-0.141869, 0.33564)(0.0865052, 0.480969)(0.214533, -0.449827)(0.179931, -0.49481)(0.0761246, -0.467128)(0.0519031, -0.404844)(-0.00692042, -0.394464)
descriptor[i][.]=(349, 266)(-0.0222222, -0.409894)(0.42963, -0.491166)(-0.103704, 0.473498)(0.0666667, 0.501767)
				 (349, 266)(-0.0106007, -0.409894)(0.204947, -0.491166)(-0.04947, 0.473498)(0.0318021, 0.501767)
				 (349, 266)(0.144876, -0.498233)(-0.0141343, -0.385159)(-0.116608, -0.201413)(-0.187279, -0.0106007)(-0.219081, 0.194346)(-0.173145, 0.328622)(-0.0742049, 0.141343)(-0.0282686, 0.272085)(-0.0530035, 0.452297)(0.0600707, 0.434629)(0.0954064, 0.229682)(0.113074, 0.0424028)(0.212014, 0.0459364)(0.137809, -0.159011)(0.201413, -0.353357)
				 (349, 266)(-0.0353357, 0.116608)(0.0848057, 0.0530035)(0.130742, -0.141343)(-0.0918728, 0.159011)(-0.0176678, 0.434629)(0.0600707, 0.424028)(-0.226148, 0.34629)(-0.0918728, 0.166078)(-0.0388693, 0.363958)(-0.0530035, 0.452297)(0.0318021, 0.501767)(0.0812721, 0.469965)(0.0600707, 0.424028)(0.0989399, 0.335689)(0.169611, 0.109541)(0.208481, 0.116608)(0.226148, 0.0848057)(0.130742, -0.141343)(0.212014, -0.487633)(0.144876, -0.498233)
descriptor[i][.]=(352, 268)(-0.186207, -0.326165)(0.393103, -0.498208)(-0.00689655, 0.501792)(0, 0.501792)
				 (352, 268)(-0.0967742, -0.326165)(0.204301, -0.498208)(-0.00358423, 0.501792)(0, 0.501792)
				 (352, 268)(0.193548, -0.498208)(0.0107527, -0.405018)(-0.103943, -0.261649)(-0.197133, -0.0716846)(-0.229391, 0.129032)(-0.258065, 0.336918)(-0.121864, 0.200717)(-0.0322581, 0.179211)(-0.0358423, 0.387097)(0.0430108, 0.480287)(0.0860215, 0.283154)(0.0896057, 0.0824373)(0.189964, 0.0573477)(0.132616, -0.146953)(0.204301, -0.329749)
				 (352, 268)(-0.0537634, 0.0967742)(0.0752688, 0.09319)(0.11828, -0.132616)(-0.100358, -0.247312)(-0.078853, 0.100358)(0.150538, -0.25448)(-0.222222, 0.344086)(-0.189964, 0.326165)(-0.078853, 0.103943)(-0.0537634, 0.483871)(-0.00358423, 0.501792)(0.164875, 0.139785)(0.200717, 0.136201)(0.150538, -0.25448)(0.247312, -0.376344)(0.243728, -0.473118)(0.204301, -0.498208)(0.143369, -0.483871)(0.0286738, -0.419355)(-0.0967742, -0.326165)(-0.11828, -0.293907)(-0.18638, -0.114695)
descriptor[i][.]=(353, 271)(-0.208054, -0.375912)(0.469799, -0.485401)(-0.0134228, 0.5)(0.0536913, 0.5)
				 (353, 271)(-0.113139, -0.375912)(0.255474, -0.485401)(-0.00729927, 0.5)(0.0291971, 0.5)
				 (353, 271)(0.178832, -0.5)(0.0109489, -0.39781)(-0.145985, -0.306569)(-0.186131, -0.138686)(-0.218978, 0.0729927)(-0.259124, 0.284672)(-0.149635, 0.240876)(-0.040146, 0.124088)(-0.0510949, 0.335766)(0.0218978, 0.49635)(0.0875912, 0.324818)(0.0729927, 0.113139)(0.186131, 0.0510949)(0.142336, -0.160584)(0.240876, -0.354015)
				 (353, 271)(-0.0583942, 0.0875912)(0.0729927, 0.0839416)(0.127737, -0.145985)(0.00364964, -0.386861)(-0.0985401, -0.277372)(0.0547445, 0.383212)(0.160584, -0.262774)(-0.19708, 0.321168)(-0.0145985, 0.49635)(0.0693431, 0.481752)(0.0547445, 0.383212)(0.0839416, 0.332117)(0.182482, 0.109489)(0.145985, -0.164234)(0.160584, -0.259124)(0.273723, -0.463504)(0.255474, -0.485401)(0.229927, -0.49635)(0.0182482, -0.419708)(0.00364964, -0.386861)(-0.113139, -0.375912)(-0.153285, -0.328467)(-0.0985401, -0.277372)
descriptor[i][.]=(354, 272)(-0.229299, -0.391144)(0.471338, -0.494465)(-0.11465, 0.487085)(0.0509554, 0.501845)
				 (354, 272)(-0.132841, -0.391144)(0.273063, -0.494465)(-0.0664207, 0.487085)(0.0295203, 0.501845)
				 (354, 272)(0.202952, -0.498155)(0.0221402, -0.398524)(-0.188192, -0.350554)(-0.132841, -0.228782)(-0.217712, -0.0184502)(-0.269373, 0.199262)(-0.206642, 0.321033)(-0.103321, 0.110701)(-0.0442804, 0.261993)(-0.0848708, 0.450185)(0.0479705, 0.439114)(0.0811808, 0.221402)(0.110701, 0.0405904)(0.140221, -0.162362)(0.258303, -0.354244)
				 (354, 272)(-0.0664207, 0.0848708)(0.0664207, 0.0479705)(0.0258303, -0.398524)(-0.0885609, -0.284133)(-0.103321, 0.107011)(-0.0405904, 0.428044)(0.125461, -0.125461)(-0.206642, 0.321033)(-0.169742, 0.269373)(-0.103321, 0.110701)(-0.0848708, 0.446494)(-0.0738007, 0.483395)(0.0295203, 0.501845)(0.0701107, 0.0627306)(0.125461, 0.0442804)(0.125461, -0.125461)(0.284133, -0.487085)(0.0442804, -0.431734)(-0.188192, -0.354244)(-0.191882, -0.313653)(-0.0885609, -0.284133)
descriptor[i][.]=(355, 270)(-0.125786, -0.38806)(0.484277, -0.477612)(-0.138365, 0.5)(0.081761, 0.5)
				 (355, 270)(-0.0746269, -0.38806)(0.287313, -0.477612)(-0.0820896, 0.5)(0.0485075, 0.5)
				 (355, 270)(0.220149, -0.5)(0.0335821, -0.399254)(-0.186567, -0.339552)(-0.13806, -0.205224)(-0.227612, -0.00373134)(-0.276119, 0.212687)(-0.208955, 0.335821)(-0.11194, 0.126866)(-0.0559701, 0.257463)(-0.0783582, 0.458955)(0.0485075, 0.466418)(0.0746269, 0.253731)(0.0671642, 0.0335821)(0.134328, -0.13806)(0.25, -0.328358)
				 (355, 270)(-0.0708955, 0.0932836)(0.0671642, 0.0186567)(0.0298507, -0.395522)(-0.108209, -0.25)(0.175373, -0.25)(-0.291045, 0.343284)(-0.227612, 0.350746)(-0.0895522, 0.485075)(0.0485075, 0.5)(0.115672, 0.00746269)(0.175373, -0.25)(0.294776, -0.391791)(0.287313, -0.477612)(0.227612, -0.5)(0.0597015, -0.432836)(0.0298507, -0.395522)(-0.0746269, -0.38806)(-0.145522, -0.36194)(-0.190299, -0.335821)(-0.197761, -0.279851)
descriptor[i][.]=(356, 272)(-0.208589, -0.316176)(0.460123, -0.488971)(-0.0306748, 0.5)(0.0674847, 0.485294)
				 (356, 272)(-0.125, -0.316176)(0.275735, -0.488971)(-0.0183824, 0.5)(0.0404412, 0.485294)
				 (356, 272)(0.205882, -0.5)(0.0330882, -0.408088)(-0.150735, -0.290441)(-0.213235, -0.106618)(-0.246324, 0.0992647)(-0.294118, 0.305147)(-0.172794, 0.242647)(-0.0588235, 0.106618)(-0.0477941, 0.308824)(-0.0625, 0.466912)(0.0441176, 0.393382)(0.0698529, 0.1875)(0.0625, -0.0183824)(0.154412, -0.183824)(0.272059, -0.360294)
				 (356, 272)(-0.0698529, 0.0845588)(0.0588235, -0.0294118)(-0.0477941, 0.419118)(0.176471, -0.253676)(-0.216912, 0.334559)(-0.0882353, 0.433824)(-0.0330882, 0.492647)(0.0404412, 0.485294)(0.0992647, -0.0441176)(0.176471, -0.253676)(0.301471, -0.459559)(0.275735, -0.488971)(0.165441, -0.492647)
descriptor[i][.]=(355, 267)(-0.149068, -0.27305)(0.478261, -0.471631)(-0.0186335, 0.496454)(0.0248447, 0.5)
				 (355, 267)(-0.0851064, -0.27305)(0.27305, -0.471631)(-0.0106383, 0.496454)(0.0141844, 0.5)
				 (355, 267)(0.173759, -0.5)(0.0283688, -0.375887)(-0.106383, -0.219858)(-0.20922, -0.0460993)(-0.244681, 0.148936)(-0.27305, 0.340426)(-0.141844, 0.216312)(-0.0390071, 0.152482)(-0.0460993, 0.343972)(0.0177305, 0.496454)(0.0780142, 0.329787)(0.0744681, 0.134752)(0.113475, -0.0319149)(0.170213, -0.216312)(0.283688, -0.382979)
				 (355, 267)(-0.0602837, 0.0992908)(0.0638298, -0.0070922)(0.120567, -0.421986)(0.117021, -0.134752)(-0.276596, 0.333333)(-0.216312, 0.343972)(-0.0177305, 0.492908)(0.0460993, 0.485816)(0.0673759, 0.0070922)(0.109929, -0.0283688)(0.117021, -0.134752)(0.280142, -0.365248)(0.27305, -0.471631)(0.180851, -0.5)(0.120567, -0.421986)(0.0531915, -0.407801)
descriptor[i][.]=(356, 267)(-0.1625, -0.266904)(0.475, -0.476868)(-0.0375, 0.498221)(0.01875, 0.501779)
				 (356, 267)(-0.0925267, -0.266904)(0.270463, -0.476868)(-0.0213523, 0.498221)(0.0106762, 0.501779)
				 (356, 267)(0.174377, -0.498221)(0.0284698, -0.3879)(-0.106762, -0.231317)(-0.209964, -0.0533808)(-0.24911, 0.135231)(-0.281139, 0.323843)(-0.153025, 0.241993)(-0.0498221, 0.117438)(-0.0355872, 0.316726)(-0.024911, 0.494662)(0.0640569, 0.362989)(0.0747331, 0.16726)(0.0996441, -0.0106762)(0.156584, -0.199288)(0.266904, -0.373665)
				 (356, 267)(-0.213523, 0.0747331)(-0.0604982, 0.0996441)(0.0960854, -0.106762)(0.0676157, 0.00711744)(-0.281139, 0.341637)(-0.220641, 0.345196)(-0.0284698, 0.494662)(0, 0.501779)(0.106762, -0.0142349)(0.0960854, -0.106762)(0.259786, -0.355872)(0.284698, -0.434164)(0.270463, -0.476868)(0.188612, -0.498221)(-0.209964, -0.0854093)
descriptor[i][.]=(353, 261)(-0.174194, -0.240418)(0.464516, -0.491289)(-0.0258065, 0.494774)(0.0193548, 0.501742)
				 (353, 261)(-0.0940767, -0.240418)(0.250871, -0.491289)(-0.0139373, 0.494774)(0.010453, 0.501742)
				 (353, 261)(0.191638, -0.498258)(0.0278746, -0.400697)(-0.097561, -0.233449)(-0.191638, -0.0522648)(-0.219512, 0.142857)(-0.264808, 0.33101)(-0.15331, 0.278746)(-0.0487805, 0.114983)(-0.0209059, 0.313589)(-0.0174216, 0.491289)(0.0731707, 0.38676)(0.0836237, 0.191638)(0.125436, 0.0139373)(0.15331, -0.174216)(0.243902, -0.355401)
				 (353, 261)(-0.0487805, 0.114983)(0.0940767, -0.0766551)(0.0452962, 0.442509)(0.0801394, 0.0592334)(-0.250871, 0.355401)(-0.184669, 0.372822)(-0.0209059, 0.491289)(0.00348432, 0.501742)(0.0592334, 0.498258)(0.0452962, 0.442509)(0.097561, 0.313589)(0.0940767, -0.0766551)(0.254355, -0.362369)(0.254355, -0.487805)(0.191638, -0.498258)(0.0278746, -0.400697)(-0.181185, -0.097561)
