pitchDescr8.dat
size1 32
size3 33
beh_type.id 19
sizes[]=42 49 43 45 44 46 42 44 43 46 50 52 44 40 43 55 41 52 40 47 47 53 47 43 41 43 40 43 42 41 40 38 
thresholds[]=0.16 0.16 0.16 0.16 0.16 0.16 0.16 0.16 0.16 0.16 0.16 0.16 0.16 0.16 0.16 0.16 0.16 0.16 0.16 0.16 0.16 0.16 0.16 0.16 0.16 0.16 0.16 0.16 0.16 0.16 0.16 0.16 
map[0][.]=0 1 0 0 0 0 0 0 0 0 0 0 0 0 0 0 0 0 0 0 0 0 0 0 0 0 0 0 0 0 0 0 0 
map[1][.]=0 0 1 0 0 0 0 0 0 0 0 0 0 0 0 0 0 0 0 0 0 0 0 0 0 0 0 0 0 0 0 0 0 
map[2][.]=0 0 0 1 0 0 0 0 0 0 0 0 0 0 0 0 0 0 0 0 0 0 0 0 0 0 0 0 0 0 0 0 0 
map[3][.]=0 0 0 0 1 0 0 0 0 0 0 0 0 0 0 0 0 0 0 0 0 0 0 0 0 0 0 0 0 0 0 0 0 
map[4][.]=0 0 0 0 0 1 0 0 0 0 0 0 0 0 0 0 0 0 0 0 0 0 0 0 0 0 0 0 0 0 0 0 0 
map[5][.]=0 0 0 0 0 0 1 0 0 0 0 0 0 0 0 0 0 0 0 0 0 0 0 0 0 0 0 0 0 0 0 0 0 
map[6][.]=0 0 0 0 0 0 0 1 0 0 0 0 0 0 0 0 0 0 0 0 0 0 0 0 0 0 0 0 0 0 0 0 0 
map[7][.]=0 0 0 0 0 0 0 0 1 0 0 0 0 0 0 0 0 0 0 0 0 0 0 0 0 0 0 0 0 0 0 0 0 
map[8][.]=0 0 0 0 0 0 0 0 0 1 0 0 0 0 0 0 0 0 0 0 0 0 0 0 0 0 0 0 0 0 0 0 0 
map[9][.]=0 0 0 0 0 0 0 0 0 0 1 0 0 0 0 0 0 0 0 0 0 0 0 0 0 0 0 0 0 0 0 0 0 
map[10][.]=0 0 0 0 0 0 0 0 0 0 0 1 0 0 0 0 0 0 0 0 0 0 0 0 0 0 0 0 0 0 0 0 0 
map[11][.]=0 0 0 0 0 0 0 0 0 0 0 0 1 0 0 0 0 0 0 0 0 0 0 0 0 0 0 0 0 0 0 0 0 
map[12][.]=0 0 0 0 0 0 0 0 0 0 0 0 0 1 0 0 0 0 0 0 0 0 0 0 0 0 0 0 0 0 0 0 0 
map[13][.]=0 0 0 0 0 0 0 0 0 0 0 0 0 0 1 0 0 0 0 0 0 0 0 0 0 0 0 0 0 0 0 0 0 
map[14][.]=0 0 0 0 0 0 0 0 0 0 0 0 0 0 0 1 0 0 0 0 0 0 0 0 0 0 0 0 0 0 0 0 0 
map[15][.]=0 0 0 0 0 0 0 0 0 0 0 0 0 0 0 0 1 0 0 0 0 0 0 0 0 0 0 0 0 0 0 0 0 
map[16][.]=0 0 0 0 0 0 0 0 0 0 0 0 0 0 0 0 0 1 0 0 0 0 0 0 0 0 0 0 0 0 0 0 0 
map[17][.]=0 0 0 0 0 0 0 0 0 0 0 0 0 0 0 0 0 0 1 0 0 0 0 0 0 0 0 0 0 0 0 0 0 
map[18][.]=0 0 0 0 0 0 0 0 0 0 0 0 0 0 0 0 0 0 0 1 0 0 0 0 0 0 0 0 0 0 0 0 0 
map[19][.]=0 0 0 0 0 0 0 0 0 0 0 0 0 0 0 0 0 0 0 0 1 0 0 0 0 0 0 0 0 0 0 0 0 
map[20][.]=0 0 0 0 0 0 0 0 0 0 0 0 0 0 0 0 0 0 0 0 0 1 0 0 0 0 0 0 0 0 0 0 0 
map[21][.]=0 0 0 0 0 0 0 0 0 0 0 0 0 0 0 0 0 0 0 0 0 0 1 0 0 0 0 0 0 0 0 0 0 
map[22][.]=0 0 0 0 0 0 0 0 0 0 0 0 0 0 0 0 0 0 0 0 0 0 0 1 0 0 0 0 0 0 0 0 0 
map[23][.]=0 0 0 0 0 0 0 0 0 0 0 0 0 0 0 0 0 0 0 0 0 0 0 0 1 0 0 0 0 0 0 0 0 
map[24][.]=0 0 0 0 0 0 0 0 0 0 0 0 0 0 0 0 0 0 0 0 0 0 0 0 0 1 0 0 0 0 0 0 0 
map[25][.]=0 0 0 0 0 0 0 0 0 0 0 0 0 0 0 0 0 0 0 0 0 0 0 0 0 0 1 0 0 0 0 0 0 
map[26][.]=0 0 0 0 0 0 0 0 0 0 0 0 0 0 0 0 0 0 0 0 0 0 0 0 0 0 0 1 0 0 0 0 0 
map[27][.]=0 0 0 0 0 0 0 0 0 0 0 0 0 0 0 0 0 0 0 0 0 0 0 0 0 0 0 0 1 0 0 0 0 
map[28][.]=0 0 0 0 0 0 0 0 0 0 0 0 0 0 0 0 0 0 0 0 0 0 0 0 0 0 0 0 0 1 0 0 0 
map[29][.]=0 0 0 0 0 0 0 0 0 0 0 0 0 0 0 0 0 0 0 0 0 0 0 0 0 0 0 0 0 0 1 0 0 
map[30][.]=0 0 0 0 0 0 0 0 0 0 0 0 0 0 0 0 0 0 0 0 0 0 0 0 0 0 0 0 0 0 0 1 0 
map[31][.]=0 0 0 0 0 0 0 0 0 0 0 0 0 0 0 0 0 0 0 0 0 0 0 0 0 0 0 0 0 0 0 0 1 
map[32][.]=0 0 0 0 0 0 0 0 0 0 0 0 0 0 0 0 0 0 0 0 0 0 0 0 0 0 0 0 0 0 0 0 0 
isLast[.]=false false false false false false false false false false false false false false false false false false false false false false false false false false false false false false false false true 
descriptor[i][.]=(308, 273)(-0.129412, -0.498567)(0.152941, -0.495702)(-0.364706, 0.467049)(0.164706, 0.501433)
				 (308, 273)(-0.0315186, -0.498567)(0.0372493, -0.495702)(-0.0888252, 0.467049)(0.0401146, 0.501433)
				 (308, 273)(-0.0315186, -0.498567)(-0.0429799, -0.355301)(-0.0945559, -0.217765)(-0.114613, -0.0630372)(-0.0974212, 0.0859599)(-0.0773639, 0.237822)(-0.0401146, 0.389685)(-0.0372493, 0.467049)(0.0859599, 0.455587)(0.0659026, 0.309456)(0.00286533, 0.180516)(0.0515759, 0.0315186)(0.106017, -0.114613)(0.106017, -0.269341)(0.0773639, -0.418338)
				 (308, 273)(-0.0401146, 0.378223)(0, 0.160458)(0.0659026, -0.355301)(-0.0315186, -0.320917)(-0.0429799, 0.375358)(-0.0888252, 0.444126)(0.0286533, 0.501433)(0.0687679, 0.487106)(0.0974212, 0.424069)(0, 0.160458)(0.0429799, -0.492837)(-0.0315186, -0.498567)(-0.0515759, -0.472779)(-0.0315186, -0.320917)(-0.0945559, -0.246418)
descriptor[i][.]=(305, 276)(-0.0617284, -0.498575)(0.0123457, -0.498575)(-0.0246914, 0.495726)(0.246914, 0.501425)
				 (305, 276)(-0.014245, -0.498575)(0.002849, -0.498575)(-0.00569801, 0.495726)(0.0569801, 0.501425)
				 (305, 276)(-0.014245, -0.498575)(-0.034188, -0.376068)(-0.0854701, -0.245014)(-0.102564, -0.0940171)(-0.102564, 0.0569801)(-0.0797721, 0.205128)(-0.037037, 0.358974)(-0.048433, 0.447293)(0.0683761, 0.490028)(0.0769231, 0.347578)(0.019943, 0.196581)(0.048433, 0.048433)(0.0940171, -0.102564)(0.11396, -0.25641)(0.0826211, -0.407407)
				 (305, 276)(-0.031339, 0.37037)(-0.00854701, 0.458689)(0.011396, 0.139601)(0.0740741, -0.358974)(-0.019943, -0.333333)(-0.0569801, 0.247863)(-0.0598291, 0.245014)(-0.045584, 0.344729)(-0.034188, 0.367521)(-0.0854701, 0.441595)(-0.014245, 0.458689)(-0.00569801, 0.495726)(0.0569801, 0.501425)(0.0769231, 0.487179)(0.102564, 0.450142)(0.022792, 0.128205)(0.0940171, -0.333333)(0.0797721, -0.378917)(0.0854701, -0.415954)(0.0712251, -0.475783)(-0.039886, -0.495726)(-0.0826211, -0.267806)
descriptor[i][.]=(304, 279)(-0.012987, -0.5)(0.012987, -0.5)(-0.038961, 0.491667)(0.0649351, 0.5)
				 (304, 279)(-0.00277778, -0.5)(0.00277778, -0.5)(-0.00833333, 0.491667)(0.0138889, 0.5)
				 (304, 279)(-0.00277778, -0.5)(-0.0305556, -0.377778)(-0.0777778, -0.247222)(-0.1, -0.0972222)(-0.0944444, 0.0555556)(-0.0638889, 0.202778)(-0.0305556, 0.352778)(-0.0277778, 0.433333)(0.0611111, 0.488889)(0.0777778, 0.35)(0.0416667, 0.2)(0.0444444, 0.05)(0.075, -0.0972222)(0.105556, -0.247222)(0.0833333, -0.4)
				 (304, 279)(-0.0277778, 0.355556)(-0.00833333, 0.436111)(0.0194444, 0.136111)(-0.0194444, -0.330556)(-0.0305556, 0.352778)(-0.0805556, 0.425)(-0.0222222, 0.469444)(0, 0.497222)(0.0583333, 0.491667)(0.102778, 0.430556)(0.0194444, 0.136111)(0.0527778, -0.494444)(0.00277778, -0.5)(-0.0277778, -0.497222)(-0.0416667, -0.311111)(-0.0722222, -0.269444)
descriptor[i][.]=(304, 279)(-0.0779221, -0.5)(0.207792, -0.497238)(-0.025974, 0.497238)(0.0649351, 0.5)
				 (304, 279)(-0.0165746, -0.5)(0.0441989, -0.497238)(-0.00552486, 0.497238)(0.0138122, 0.5)
				 (304, 279)(-0.0165746, -0.5)(-0.0276243, -0.361878)(-0.0828729, -0.220994)(-0.10221, -0.0718232)(-0.0883978, 0.0801105)(-0.0552486, 0.226519)(-0.0276243, 0.372928)(-0.00552486, 0.444751)(0.0718232, 0.477901)(0.0773481, 0.337017)(0.0331492, 0.187845)(0.0469613, 0.038674)(0.0773481, -0.110497)(0.104972, -0.259669)(0.0828729, -0.411602)
				 (304, 279)(-0.0276243, 0.356354)(-0.00828729, 0.439227)(0.019337, 0.143646)(-0.0220994, -0.323204)(0.0690608, -0.0939227)(-0.0303867, 0.353591)(-0.0801105, 0.422652)(-0.0248619, 0.475138)(0, 0.5)(0.0607735, 0.48895)(0.0966851, 0.439227)(0.019337, 0.143646)(0.0690608, -0.0939227)(0.107735, -0.196133)(0.058011, -0.48895)(-0.0165746, -0.5)(-0.0469613, -0.301105)(-0.0773481, -0.256906)
descriptor[i][.]=(302, 279)(-0.038961, -0.497238)(0.220779, -0.5)(-0.012987, 0.5)(0.155844, 0.5)
				 (302, 279)(-0.00828729, -0.497238)(0.0469613, -0.5)(-0.00276243, 0.5)(0.0331492, 0.5)
				 (302, 279)(0.0331492, -0.5)(-0.0359116, -0.403315)(-0.0718232, -0.273481)(-0.0994475, -0.124309)(-0.10221, 0.0276243)(-0.0662983, 0.171271)(-0.0331492, 0.320442)(-0.0414365, 0.425414)(0.0359116, 0.497238)(0.0856354, 0.381215)(0.058011, 0.229282)(0.0414365, 0.0773481)(0.0690608, -0.0690608)(0.107735, -0.218232)(0.0856354, -0.370166)
				 (302, 279)(-0.0220994, 0.367403)(0.00276243, 0.439227)(0.0276243, 0.143646)(-0.0165746, -0.328729)(0.0662983, -0.0883978)(-0.0248619, 0.364641)(-0.0662983, 0.411602)(-0.0138122, 0.48895)(0.0745856, 0.486188)(0.0276243, 0.143646)(0.0856354, -0.0276243)(0.0662983, -0.0883978)(0.0856354, -0.439227)(0.0469613, -0.5)(-0.00828729, -0.497238)(-0.0303867, -0.483425)(-0.0497238, -0.433702)
descriptor[i][.]=(302, 278)(-0.025641, -0.5)(0.25641, -0.494505)(-0.0128205, 0.5)(0.025641, 0.5)
				 (302, 278)(-0.00549451, -0.5)(0.0549451, -0.494505)(-0.00274725, 0.5)(0.00549451, 0.5)
				 (302, 278)(-0.00549451, -0.5)(-0.0164835, -0.35989)(-0.0824176, -0.225275)(-0.104396, -0.0741758)(-0.0906593, 0.0769231)(-0.0576923, 0.228022)(-0.0247253, 0.379121)(0.00549451, 0.445055)(0.0851648, 0.475275)(0.0824176, 0.332418)(0.043956, 0.186813)(0.0549451, 0.0357143)(0.0824176, -0.112637)(0.0961538, -0.260989)(0.0879121, -0.409341)
				 (302, 278)(-0.0164835, -0.324176)(-0.021978, 0.365385)(0, 0.436813)(0.0274725, 0.145604)(0.0659341, -0.0851648)(-0.0686813, -0.277473)(-0.107143, -0.115385)(-0.0247253, 0.362637)(-0.0686813, 0.412088)(-0.00549451, 0.436813)(-0.0137363, 0.489011)(0.0686813, 0.489011)(0.0631868, 0.214286)(0.0274725, 0.145604)(0.0824176, -0.043956)(0.0659341, -0.0851648)(0.0796703, -0.104396)(0.0659341, -0.486264)(-0.00549451, -0.5)
descriptor[i][.]=(305, 277)(-0.0240964, -0.49863)(0, -0.49863)(-0.0481928, 0.50137)(0.108434, 0.50137)
				 (305, 277)(-0.00547945, -0.49863)(0, -0.49863)(-0.0109589, 0.50137)(0.0246575, 0.50137)
				 (305, 277)(-0.00547945, -0.49863)(-0.0273973, -0.369863)(-0.0876712, -0.227397)(-0.109589, -0.0767123)(-0.106849, 0.0739726)(-0.0630137, 0.224658)(-0.030137, 0.375342)(-0.00273973, 0.446575)(0.0684932, 0.482192)(0.0767123, 0.336986)(0.0383562, 0.189041)(0.0493151, 0.0356164)(0.0767123, -0.109589)(0.10411, -0.263014)(0.0821918, -0.394521)
				 (305, 277)(-0.030137, 0.369863)(-0.00547945, 0.441096)(0.0684932, -0.350685)(-0.0246575, -0.334247)(-0.0356164, 0.361644)(-0.0821918, 0.421918)(-0.0246575, 0.482192)(0.0630137, 0.490411)(0.106849, -0.323288)(0.0575342, -0.482192)(0, -0.49863)(-0.0191781, -0.49589)(-0.0438356, -0.4)(-0.0246575, -0.334247)(-0.0767123, -0.273973)
descriptor[i][.]=(308, 276)(-0.0659341, -0.495913)(0.010989, -0.498638)(-0.0769231, 0.501362)(0.21978, 0.490463)
				 (308, 276)(-0.0163488, -0.495913)(0.0027248, -0.498638)(-0.0190736, 0.501362)(0.0544959, 0.490463)
				 (308, 276)(0, -0.498638)(-0.0354223, -0.376022)(-0.0953678, -0.247956)(-0.117166, -0.0953678)(-0.114441, 0.0599455)(-0.0762943, 0.212534)(-0.0408719, 0.365123)(-0.0245232, 0.435967)(0.0599455, 0.487738)(0.0653951, 0.348774)(0.0381471, 0.196185)(0.0463215, 0.0435967)(0.0762943, -0.106267)(0.125341, -0.256131)(0.0790191, -0.384196)
				 (308, 276)(-0.0381471, 0.367847)(-0.0163488, 0.438692)(0.0299728, 0.106267)(0.0708447, -0.340599)(-0.0245232, -0.332425)(-0.0463215, 0.356948)(-0.0899183, 0.425068)(-0.0217984, 0.438692)(-0.0299728, 0.490463)(0.0544959, 0.490463)(0.0844687, 0.46594)(0.0299728, 0.106267)(0.119891, -0.297003)(0.0572207, -0.479564)(0.0027248, -0.498638)(-0.0381471, -0.485014)(-0.0899183, -0.27248)
descriptor[i][.]=(313, 274)(-0.0943396, -0.498652)(0.0566038, -0.495957)(-0.113208, 0.501348)(0.141509, 0.490566)
				 (313, 274)(-0.0269542, -0.498652)(0.0161725, -0.495957)(-0.032345, 0.501348)(0.0404313, 0.490566)
				 (313, 274)(-0.0269542, -0.498652)(-0.0377358, -0.347709)(-0.115903, -0.22372)(-0.134771, -0.0700809)(-0.12938, 0.083558)(-0.083558, 0.239892)(-0.0592992, 0.390836)(-0.0296496, 0.460916)(0.0592992, 0.469003)(0.0592992, 0.320755)(0.0161725, 0.16442)(0.0431267, 0.0107817)(0.0889488, -0.140162)(0.123989, -0.277628)(0.0673854, -0.396226)
				 (313, 274)(-0.0512129, 0.374663)(-0.0296496, 0.439353)(0.0188679, 0.126685)(0.0619946, -0.334232)(-0.0377358, -0.32345)(-0.0700809, 0.334232)(-0.0592992, 0.363881)(-0.102426, 0.425876)(-0.0350404, 0.439353)(-0.0431267, 0.490566)(0.0404313, 0.490566)(0.0188679, 0.126685)(0.142857, -0.256065)(0.0592992, -0.458221)(0.0296496, -0.487871)(-0.0269542, -0.498652)
descriptor[i][.]=(315, 274)(-0.0642202, -0.494624)(0.0642202, -0.5)(-0.12844, 0.5)(0.110092, 0.489247)
				 (315, 274)(-0.0188172, -0.494624)(0.0188172, -0.5)(-0.0376344, 0.5)(0.0322581, 0.489247)
				 (315, 274)(0.016129, -0.5)(-0.0564516, -0.389785)(-0.11828, -0.263441)(-0.137097, -0.112903)(-0.142473, 0.0430108)(-0.102151, 0.196237)(-0.0645161, 0.352151)(-0.0483871, 0.435484)(0.0322581, 0.489247)(0.0510753, 0.344086)(0.0241935, 0.19086)(0.0403226, 0.0349462)(0.0752688, -0.120968)(0.145161, -0.252688)(0.061828, -0.357527)
				 (315, 274)(-0.0591398, 0.362903)(-0.0349462, 0.438172)(0.0188172, 0.115591)(0.0564516, -0.336022)(-0.0403226, -0.327957)(-0.0725806, 0.336022)(-0.061828, 0.360215)(-0.107527, 0.424731)(-0.0403226, 0.438172)(-0.0483871, 0.489247)(0.0322581, 0.489247)(0.061828, 0.448925)(0.0188172, 0.115591)(0.145161, -0.215054)(0.145161, -0.252688)(0.0241935, -0.497312)(-0.0188172, -0.494624)(-0.0510753, -0.47043)(-0.120968, -0.263441)
descriptor[i][.]=(317, 274)(-0.008, -0.5)(0.064, -0.5)(-0.128, 0.5)(0.088, 0.489247)
				 (317, 274)(-0.00268817, -0.5)(0.0215054, -0.5)(-0.0430108, 0.5)(0.0295699, 0.489247)
				 (317, 274)(-0.00268817, -0.5)(-0.0698925, -0.365591)(-0.163978, -0.258065)(-0.147849, -0.0994624)(-0.147849, 0.0591398)(-0.112903, 0.201613)(-0.0698925, 0.360215)(-0.0376344, 0.44086)(0.0376344, 0.47043)(0.061828, 0.319892)(0.0268817, 0.166667)(0.0456989, 0.00806452)(0.107527, -0.139785)(0.123656, -0.239247)(0.0752688, -0.376344)
				 (317, 274)(-0.0510753, -0.38172)(-0.0672043, 0.365591)(-0.0376344, 0.44086)(0.0241935, 0.123656)(0.061828, -0.341398)(0.0833333, -0.120968)(0.107527, -0.244624)(-0.0510753, -0.38172)(-0.158602, -0.319892)(-0.0725806, 0.357527)(-0.112903, 0.424731)(-0.0537634, 0.489247)(0.0295699, 0.489247)(0.061828, 0.330645)(0.0241935, 0.123656)(0.0833333, -0.115591)(0.104839, -0.134409)(0.166667, -0.239247)(0.107527, -0.244624)(0.102151, -0.290323)(0.094086, -0.317204)(0.0268817, -0.497312)(-0.0241935, -0.491935)
descriptor[i][.]=(314, 272)(-0.057554, -0.482667)(0.100719, -0.498667)(-0.0935252, 0.501333)(0.100719, 0.490667)
				 (314, 272)(-0.0213333, -0.482667)(0.0373333, -0.498667)(-0.0346667, 0.501333)(0.0373333, 0.490667)
				 (314, 272)(0.0293333, -0.498667)(-0.0666667, -0.389333)(-0.178667, -0.301333)(-0.149333, -0.141333)(-0.141333, 0.0186667)(-0.109333, 0.178667)(-0.0773333, 0.338667)(-0.0373333, 0.44)(0.0426667, 0.485333)(0.064, 0.330667)(0.04, 0.176)(0.064, 0.016)(0.125333, -0.133333)(0.141333, -0.226667)(0.088, -0.365333)
				 (314, 272)(-0.0453333, -0.402667)(-0.0666667, 0.354667)(-0.0293333, 0.442667)(0.0666667, -0.0293333)(0.08, -0.328)(0.04, 0.176)(0.136, -0.16)(0.128, -0.232)(-0.0453333, -0.402667)(-0.16, -0.36)(-0.0746667, 0.346667)(-0.096, 0.416)(-0.0453333, 0.490667)(0.0373333, 0.490667)(0.0613333, 0.458667)(0.0693333, 0.266667)(0.0426667, 0.178667)(0.136, -0.157333)(0.176, -0.176)(0.186667, -0.218667)(0.128, -0.232)(0.109333, -0.309333)(0.088, -0.44)(0.048, -0.496)(-0.0213333, -0.482667)
descriptor[i][.]=(310, 272)(-0.434783, -0.460106)(0.124224, -0.5)(-0.0559006, 0.5)(0.111801, 0.489362)
				 (310, 272)(-0.18617, -0.460106)(0.0531915, -0.5)(-0.0239362, 0.5)(0.0478723, 0.489362)
				 (310, 272)(0.0292553, -0.5)(-0.111702, -0.460106)(-0.199468, -0.37234)(-0.162234, -0.204787)(-0.138298, -0.0345745)(-0.111702, 0.135638)(-0.087766, 0.303191)(-0.0505319, 0.433511)(0.037234, 0.486702)(0.0771277, 0.337766)(0.0611702, 0.170213)(0.0797872, 0)(0.156915, -0.143617)(0.151596, -0.231383)(0.111702, -0.382979)
				 (310, 272)(0.0797872, -0.0106383)(0.0904255, -0.329787)(-0.0265957, -0.444149)(0.117021, -0.106383)(-0.0292553, 0.49734)(0.0478723, 0.489362)(0.0904255, 0.300532)(0.0797872, -0.0106383)(0.130319, -0.111702)(0.194149, -0.151596)(0.215426, -0.191489)(0.12766, -0.308511)(0.0957447, -0.484043)(0.0132979, -0.494681)(-0.0265957, -0.444149)(-0.0851064, -0.462766)(-0.18617, -0.460106)
descriptor[i][.]=(315, 258)(-0.320513, -0.498759)(0.134615, -0.444169)(-0.115385, 0.501241)(0.0769231, 0.491315)
				 (315, 258)(-0.124069, -0.498759)(0.0521092, -0.444169)(-0.044665, 0.501241)(0.0297767, 0.491315)
				 (315, 258)(-0.124069, -0.498759)(-0.171216, -0.344913)(-0.146402, -0.163772)(-0.143921, 0.0124069)(-0.119107, 0.191067)(-0.0942928, 0.372208)(-0.0173697, 0.406948)(0.0223325, 0.491315)(0.0645161, 0.334988)(0.0545906, 0.153846)(0.0794045, -0.0248139)(0.183623, -0.141439)(0.0744417, -0.265509)(0.0719603, -0.42928)(-0.0421836, -0.33995)
				 (315, 258)(-0.0148883, 0.409429)(0.0694789, -0.0124069)(0.0694789, -0.272953)(-0.0421836, -0.33995)(-0.0992556, 0.439206)(-0.0496278, 0.493797)(0.0297767, 0.491315)(0.0719603, 0.00992556)(0.193548, -0.119107)(0.0620347, -0.439206)(0.0248139, -0.439206)(-0.00248139, -0.424318)(-0.116625, -0.498759)
descriptor[i][.]=(321, 249)(-0.474453, -0.5)(0.109489, -0.402844)(-0.175182, 0.5)(0.00729927, 0.5)
				 (321, 249)(-0.154028, -0.5)(0.035545, -0.402844)(-0.056872, 0.5)(0.00236967, 0.5)
				 (321, 249)(-0.154028, -0.5)(-0.154028, -0.334123)(-0.156398, -0.170616)(-0.154028, -0.0118483)(-0.132701, 0.156398)(-0.135071, 0.324645)(-0.056872, 0.443128)(0.0260664, 0.471564)(0.0545024, 0.300948)(0.042654, 0.130332)(0.0781991, -0.0260664)(0.127962, -0.120853)(0.0687204, -0.258294)(0.0331754, -0.402844)(-0.0663507, -0.374408)
				 (321, 249)(-0.042654, 0.445498)(0.0521327, 0.007109)(0.056872, -0.239336)(-0.049763, -0.327014)(0.109005, -0.120853)(-0.109005, 0.440758)(-0.0616114, 0.492891)(0.00236967, 0.5)(0.161137, -0.0781991)(0.154028, -0.118483)(0.109005, -0.120853)(0.0876777, -0.206161)(0.0781991, -0.263033)(0.0663507, -0.388626)(0.035545, -0.402844)(-0.109005, -0.49763)
descriptor[i][.]=(319, 251)(-0.304348, -0.5)(0.152174, -0.403756)(-0.130435, 0.5)(0.0289855, 0.5)
				 (319, 251)(-0.0985915, -0.5)(0.0492958, -0.403756)(-0.0422535, 0.5)(0.00938967, 0.5)
				 (319, 251)(-0.0985915, -0.5)(-0.0892019, -0.314554)(-0.0962441, -0.122066)(-0.147887, 0.0657277)(-0.157277, 0.258216)(-0.0985915, 0.434272)(-0.0774648, 0.28169)(-0.0352113, 0.328638)(-0.0375587, 0.5)(0.0375587, 0.359155)(0.0399061, 0.169014)(0.0680751, -0.0211268)(0.112676, -0.119718)(0.0938967, -0.28169)(-0.00938967, -0.382629)
				 (319, 251)(-0.0469484, 0.220657)(0.056338, 0.00234742)(0.0610329, -0.237089)(-0.028169, -0.392019)(-0.0868545, 0.338028)(0.0915493, -0.0610329)(0.100939, -0.122066)(-0.133803, 0.408451)(-0.103286, 0.431925)(-0.0680751, 0.434272)(-0.0868545, 0.338028)(-0.056338, 0.483568)(-0.0469484, 0.497653)(0.00938967, 0.5)(0.056338, 0.00234742)(0.0915493, -0.0610329)(0.133803, -0.0633803)(0.152582, -0.0774648)(0.15493, -0.122066)(0.100939, -0.122066)(0.084507, -0.255869)(0.0938967, -0.274648)(0.0938967, -0.34507)(0.0868545, -0.36385)(0.0774648, -0.380282)(0.0586854, -0.399061)(-0.028169, -0.49061)(-0.0985915, -0.5)
descriptor[i][.]=(316, 253)(-0.0344828, -0.498812)(0, -0.496437)(-0.103448, 0.501188)(0.0482759, 0.501188)
				 (316, 253)(-0.0118765, -0.498812)(0, -0.496437)(-0.0356295, 0.501188)(0.0166271, 0.501188)
				 (316, 253)(-0.0118765, -0.498812)(-0.0522565, -0.377672)(-0.0783848, -0.220903)(-0.123515, -0.064133)(-0.140143, 0.0950119)(-0.159145, 0.256532)(-0.142518, 0.406176)(-0.0380048, 0.472684)(0.0356295, 0.432304)(0.0546318, 0.27791)(0.0546318, 0.118765)(0.0736342, -0.0427553)(0.144893, -0.133017)(0.0665083, -0.247031)(0.0831354, -0.384798)
				 (316, 253)(-0.0308789, 0.432304)(0.0736342, -0.0498812)(0.0665083, -0.244656)(0.104513, -0.133017)(-0.125891, 0.429929)(-0.04038, 0.498812)(0.0166271, 0.501188)(0.0332542, 0.47981)(0.147268, -0.0760095)(0.173397, -0.104513)(0.104513, -0.133017)(0.0973872, -0.206651)(-0.00475059, -0.498812)(-0.0498812, -0.494062)
descriptor[i][.]=(310, 271)(-0.134228, -0.358442)(0.201342, -0.498701)(-0.0536913, 0.501299)(0.0805369, 0.501299)
				 (310, 271)(-0.0519481, -0.358442)(0.0779221, -0.498701)(-0.0207792, 0.501299)(0.0311688, 0.501299)
				 (310, 271)(0.0727273, -0.498701)(-0.0519481, -0.358442)(-0.0909091, -0.163636)(-0.142857, 0.025974)(-0.166234, 0.220779)(-0.158442, 0.4)(-0.0935065, 0.361039)(-0.0545455, 0.166234)(-0.0233766, 0.337662)(0.00779221, 0.501299)(0.0649351, 0.332468)(0.0623377, 0.142857)(0.103896, -0.0519481)(0.174026, -0.192208)(0.103896, -0.327273)
				 (310, 271)(-0.0363636, 0.161039)(0.0779221, -0.00519481)(0.122078, -0.197403)(-0.142857, 0.166234)(-0.103896, 0.309091)(0.0545455, 0.174026)(0.124675, -0.127273)(0.0987013, -0.319481)(-0.132468, 0.425974)(-0.0675325, 0.428571)(-0.103896, 0.309091)(-0.0285714, 0.490909)(0.0311688, 0.501299)(0.0779221, 0.262338)(0.0545455, 0.174026)(0.0779221, -0.00519481)(0.124675, -0.124675)(0.168831, -0.137662)(0.127273, -0.27013)(0.0987013, -0.319481)(0.103896, -0.477922)(0.0831169, -0.496104)(0.0493506, -0.496104)(0.012987, -0.47013)(-0.142857, 0.166234)
descriptor[i][.]=(318, 271)(-0.0414201, -0.455959)(0.0591716, -0.5)(-0.100592, 0.5)(0.0295858, 0.5)
				 (318, 271)(-0.0181347, -0.455959)(0.0259067, -0.5)(-0.0440415, 0.5)(0.0129534, 0.5)
				 (318, 271)(0.015544, -0.5)(-0.0647668, -0.365285)(-0.101036, -0.196891)(-0.15544, -0.0336788)(-0.158031, 0.139896)(-0.207254, 0.30829)(-0.121762, 0.427461)(-0.0440415, 0.458549)(0.0259067, 0.435233)(0.0440415, 0.261658)(0.0492228, 0.0906736)(0.108808, -0.0569948)(0.204663, -0.11399)(0.134715, -0.233161)(0.103627, -0.378238)
				 (318, 271)(-0.0492228, 0.38342)(0.0569948, -0.00777202)(0.0699482, -0.313472)(0.108808, -0.129534)(-0.163212, 0.42487)(-0.0880829, 0.427461)(-0.0492228, 0.497409)(0.0129534, 0.5)(0.101036, -0.0336788)(0.209845, -0.111399)(0.0880829, -0.334197)(0.0673575, -0.492228)(0.0259067, -0.5)
descriptor[i][.]=(320, 271)(-0.0294118, -0.474093)(0.111765, -0.5)(-0.111765, 0.5)(0.0294118, 0.5)
				 (320, 271)(-0.0129534, -0.474093)(0.0492228, -0.5)(-0.0492228, 0.5)(0.0129534, 0.5)
				 (320, 271)(0.0310881, -0.5)(-0.0647668, -0.354922)(-0.108808, -0.176166)(-0.168394, 0.00259067)(-0.165803, 0.170984)(-0.215026, 0.34456)(-0.0829016, 0.419689)(-0.0388601, 0.5)(0.0207254, 0.378238)(0.0284974, 0.199482)(0.0492228, 0.0233161)(0.134715, -0.0621762)(0.202073, -0.0673575)(0.103627, -0.196891)(0.0880829, -0.349741)
				 (320, 271)(-0.0569948, 0.38601)(0.0518135, 0.00259067)(0.0492228, -0.303109)(0.121762, -0.0854922)(-0.160622, 0.42487)(-0.0880829, 0.427461)(-0.0544041, 0.497409)(0.0129534, 0.5)(0.0880829, -0.00777202)(0.150259, -0.0310881)(0.176166, 0.00259067)(0.217617, -0.00518135)(0.220207, -0.0284974)(0.0518135, -0.300518)(0.0777202, -0.329016)(0.0958549, -0.391192)(0.0932642, -0.432642)(0.0673575, -0.492228)(0.0310881, -0.5)(-0.0129534, -0.474093)
descriptor[i][.]=(316, 271)(-0.0125, -0.476684)(0.1375, -0.5)(-0.075, 0.5)(0.0625, 0.5)
				 (316, 271)(-0.00518135, -0.476684)(0.0569948, -0.5)(-0.0310881, 0.5)(0.0259067, 0.5)
				 (316, 271)(0.0414508, -0.5)(-0.0362694, -0.360104)(-0.103627, -0.199482)(-0.142487, -0.0388601)(-0.134715, 0.132124)(-0.181347, 0.300518)(-0.129534, 0.427461)(-0.0414508, 0.484456)(0.0259067, 0.406736)(0.0440415, 0.235751)(0.0595855, 0.0647668)(0.160622, -0.00777202)(0.163212, -0.0829016)(0.108808, -0.194301)(0.0958549, -0.352332)
				 (316, 271)(-0.0466321, 0.404145)(0.0621762, 0.00259067)(0.0595855, -0.300518)(0.139896, -0.0259067)(0.129534, -0.124352)(0.0984456, -0.199482)(-0.0906736, 0.427461)(-0.0414508, 0.489637)(0.0259067, 0.5)(0.11399, -0.00777202)(0.173575, 0.0181347)(0.202073, 0.0233161)(0.163212, -0.0854922)(0.137306, -0.11658)(0.15544, -0.158031)(0.142487, -0.202073)(0.0984456, -0.199482)(0.0621762, -0.297927)(0.0880829, -0.476684)(0.0621762, -0.497409)
descriptor[i][.]=(312, 270)(-0.00657895, -0.470284)(0.177632, -0.498708)(-0.0723684, 0.501292)(0.0921053, 0.501292)
				 (312, 270)(-0.00258398, -0.470284)(0.0697674, -0.498708)(-0.0284238, 0.501292)(0.0361757, 0.501292)
				 (312, 270)(0.0594315, -0.498708)(-0.0258398, -0.369509)(-0.0904393, -0.209302)(-0.129199, -0.0439276)(-0.121447, 0.126615)(-0.165375, 0.294574)(-0.129199, 0.428941)(-0.0310078, 0.45478)(0.0439276, 0.449612)(0.0542636, 0.27907)(0.0645995, 0.108527)(0.124031, -0.0180879)(0.157623, -0.0956072)(0.118863, -0.209302)(0.0956072, -0.351421)
				 (312, 270)(-0.121447, 0.165375)(-0.0361757, 0.395349)(0.0697674, -0.00516796)(0.129199, -0.131783)(0.0671835, -0.312661)(0.100775, -0.211886)(-0.121447, 0.165375)(-0.196382, 0.351421)(-0.193798, 0.374677)(-0.147287, 0.426357)(-0.0723514, 0.428941)(-0.0335917, 0.498708)(0.0361757, 0.501292)(0.0723514, 0.00516796)(0.180879, -0.00258398)(0.18863, -0.0439276)(0.131783, -0.129199)(0.165375, -0.180879)(0.162791, -0.204134)(0.100775, -0.211886)(0.0697674, -0.310078)(0.0956072, -0.346253)(0.103359, -0.465116)(0.0749354, -0.496124)(0.0335917, -0.496124)(0, -0.472868)
descriptor[i][.]=(307, 270)(-0.124088, -0.346253)(0.167883, -0.498708)(-0.0437956, 0.501292)(0.138686, 0.501292)
				 (307, 270)(-0.0439276, -0.346253)(0.0594315, -0.498708)(-0.0155039, 0.501292)(0.0490956, 0.501292)
				 (307, 270)(0.0335917, -0.498708)(-0.0310078, -0.354005)(-0.0775194, -0.193798)(-0.113695, -0.0387597)(-0.100775, 0.126615)(-0.144703, 0.289406)(-0.121447, 0.426357)(-0.0155039, 0.457364)(0.0490956, 0.452196)(0.0645995, 0.286822)(0.0749354, 0.124031)(0.124031, -0.0129199)(0.134367, -0.142119)(0.111111, -0.232558)(0.121447, -0.385013)
				 (307, 270)(-0.100775, 0.180879)(-0.0232558, 0.403101)(0.0852713, 0.00258398)(0.129199, -0.134367)(0.0775194, -0.302326)(0.118863, -0.206718)(-0.129199, 0.229974)(-0.126615, 0.423773)(-0.0645995, 0.428941)(-0.0206718, 0.498708)(0.0490956, 0.501292)(0.152455, -0.0155039)(0.157623, -0.147287)(0.175711, -0.198966)(0.118863, -0.206718)(0.0801034, -0.299742)(0.113695, -0.4677)(0.0904393, -0.488372)(0.0335917, -0.498708)(0.00516796, -0.4677)
descriptor[i][.]=(307, 270)(-0.0291971, -0.452196)(0.211679, -0.498708)(-0.0437956, 0.501292)(0.116788, 0.501292)
				 (307, 270)(-0.0103359, -0.452196)(0.0749354, -0.498708)(-0.0155039, 0.501292)(0.0413437, 0.501292)
				 (307, 270)(0.0620155, -0.498708)(-0.0180879, -0.379845)(-0.0801034, -0.22739)(-0.105943, -0.0697674)(-0.108527, 0.0904393)(-0.131783, 0.245478)(-0.160207, 0.395349)(-0.0155039, 0.434109)(0.0594315, 0.472868)(0.0645995, 0.312661)(0.0749354, 0.152455)(0.100775, -0.00516796)(0.139535, -0.139535)(0.108527, -0.222222)(0.116279, -0.364341)
				 (307, 270)(-0.0956072, 0.178295)(-0.0232558, 0.416021)(0.0723514, -0.30491)(0.113695, -0.198966)(-0.0956072, 0.178295)(-0.175711, 0.356589)(-0.160207, 0.395349)(-0.121447, 0.426357)(-0.0206718, 0.498708)(0.0413437, 0.501292)(0.178295, -0.183463)(0.165375, -0.204134)(0.113695, -0.198966)(0.0749354, -0.498708)(0.0490956, -0.49354)(-0.0103359, -0.452196)
descriptor[i][.]=(306, 269)(-0.0147059, -0.462725)(0.139706, -0.498715)(-0.0367647, 0.501285)(0.147059, 0.501285)
				 (306, 269)(-0.00514139, -0.462725)(0.0488432, -0.498715)(-0.0128535, 0.501285)(0.0514139, 0.501285)
				 (306, 269)(0.0437018, -0.498715)(-0.0257069, -0.367609)(-0.0822622, -0.215938)(-0.107969, -0.0539846)(-0.105398, 0.107969)(-0.136247, 0.262211)(-0.136247, 0.403599)(-0.0128535, 0.449871)(0.059126, 0.460154)(0.066838, 0.298201)(0.0796915, 0.138817)(0.100257, -0.0231362)(0.1491, -0.141388)(0.11054, -0.231362)(0.113111, -0.37018)
				 (306, 269)(-0.0205656, 0.411311)(0.0719794, -0.300771)(0.11054, -0.197943)(-0.118252, 0.419023)(-0.0514139, 0.429306)(-0.0179949, 0.498715)(0.0514139, 0.501285)(0.174807, -0.192802)(0.0899743, -0.285347)(0.11054, -0.455013)(0.0976864, -0.475578)(0.0822622, -0.488432)(0.0488432, -0.498715)(0.0308483, -0.496144)
descriptor[i][.]=(306, 270)(-0.0296296, -0.471649)(0.207407, -0.5)(-0.037037, 0.5)(0.125926, 0.5)
				 (306, 270)(-0.0103093, -0.471649)(0.0721649, -0.5)(-0.0128866, 0.5)(0.0438144, 0.5)
				 (306, 270)(0.0386598, -0.5)(-0.0309278, -0.371134)(-0.0902062, -0.221649)(-0.10567, -0.0695876)(-0.100515, 0.0902062)(-0.128866, 0.244845)(-0.157216, 0.389175)(-0.0128866, 0.445876)(0.0592784, 0.46134)(0.0695876, 0.301546)(0.0850515, 0.141753)(0.0979381, -0.0180412)(0.154639, -0.141753)(0.10567, -0.244845)(0.110825, -0.381443)
				 (306, 270)(-0.0206186, 0.427835)(0.0670103, -0.314433)(0.115979, -0.203608)(-0.118557, 0.420103)(-0.0180412, 0.497423)(0.0438144, 0.5)(0.164948, -0.203608)(0.115979, -0.203608)(0.113402, -0.231959)(0.0695876, -0.311856)(0.10567, -0.353093)(0.108247, -0.448454)(0.0902062, -0.492268)(0.0180412, -0.492268)(-0.0103093, -0.471649)(-0.056701, -0.342784)
descriptor[i][.]=(306, 268)(-0.037594, -0.468031)(0.157895, -0.498721)(-0.037594, 0.501279)(0.150376, 0.501279)
				 (306, 268)(-0.0127877, -0.468031)(0.0537084, -0.498721)(-0.0127877, 0.501279)(0.0511509, 0.501279)
				 (306, 268)(0.0434783, -0.498721)(-0.0306905, -0.373402)(-0.0946292, -0.235294)(-0.104859, -0.0818414)(-0.104859, 0.0741688)(-0.120205, 0.227621)(-0.161125, 0.381074)(-0.0127877, 0.439898)(0.0588235, 0.475703)(0.0690537, 0.319693)(0.0767263, 0.16624)(0.102302, 0.0102302)(0.127877, -0.138107)(0.112532, -0.222506)(0.0997442, -0.365729)
				 (306, 268)(-0.0179028, 0.429668)(0.0767263, -0.30179)(0.11509, -0.199488)(-0.16624, 0.373402)(-0.120205, 0.419437)(-0.0179028, 0.498721)(0.0511509, 0.501279)(0.171355, -0.184143)(0.11509, -0.199488)(0.0997442, -0.28133)(0.0997442, -0.365729)(0.0639386, -0.493606)(-0.0127877, -0.468031)
descriptor[i][.]=(305, 268)(-0.00769231, -0.478261)(0.130769, -0.498721)(-0.0307692, 0.501279)(0.161538, 0.501279)
				 (305, 268)(-0.00255754, -0.478261)(0.0434783, -0.498721)(-0.0102302, 0.501279)(0.0537084, 0.501279)
				 (305, 268)(0.0358056, -0.498721)(-0.0358056, -0.368286)(-0.117647, -0.232737)(-0.0997442, -0.0792839)(-0.104859, 0.0767263)(-0.12532, 0.227621)(-0.148338, 0.375959)(-0.0153453, 0.434783)(0.0613811, 0.480818)(0.0767263, 0.324808)(0.0818414, 0.168798)(0.107417, 0.0127877)(0.12532, -0.130435)(0.11509, -0.222506)(0.0920716, -0.363171)
				 (305, 268)(-0.0997442, 0.163683)(-0.0179028, 0.429668)(0.0741688, -0.317136)(-0.0971867, -0.0997442)(0.11509, -0.199488)(-0.0997442, -0.102302)(-0.0997442, 0.163683)(-0.16624, 0.335038)(-0.11509, 0.424552)(-0.0153453, 0.498721)(0.0537084, 0.501279)(0.163683, -0.194373)(0.109974, -0.276215)(0.0485934, -0.496164)(-0.0127877, -0.468031)(-0.11509, -0.242967)
descriptor[i][.]=(307, 270)(-0.0396825, -0.487113)(0.119048, -0.5)(-0.047619, 0.5)(0.119048, 0.5)
				 (307, 270)(-0.0128866, -0.487113)(0.0386598, -0.5)(-0.0154639, 0.5)(0.0386598, 0.5)
				 (307, 270)(0.0206186, -0.5)(-0.0438144, -0.371134)(-0.128866, -0.242268)(-0.103093, -0.100515)(-0.113402, 0.0489691)(-0.123711, 0.203608)(-0.157216, 0.358247)(-0.0309278, 0.425258)(0.0489691, 0.487113)(0.0721649, 0.337629)(0.0798969, 0.18299)(0.10567, 0.0283505)(0.121134, -0.115979)(0.110825, -0.231959)(0.0902062, -0.376289)
				 (307, 270)(-0.0206186, 0.427835)(0.0721649, -0.324742)(-0.0438144, -0.371134)(-0.113402, 0.425258)(-0.0206186, 0.497423)(0.0386598, 0.5)(0.0541237, 0.487113)(0.162371, -0.185567)(0.108247, -0.28866)(0.0927835, -0.417526)(0.0824742, -0.458763)(0.0438144, -0.497423)(-0.0128866, -0.487113)(-0.0438144, -0.378866)(-0.0927835, -0.332474)
descriptor[i][.]=(305, 270)(-0.0672269, -0.487113)(0.12605, -0.5)(-0.0336134, 0.5)(0.176471, 0.5)
				 (305, 270)(-0.0206186, -0.487113)(0.0386598, -0.5)(-0.0103093, 0.5)(0.0541237, 0.5)
				 (305, 270)(0.0257732, -0.5)(-0.0463918, -0.389175)(-0.126289, -0.260309)(-0.128866, -0.113402)(-0.115979, 0.0360825)(-0.118557, 0.188144)(-0.134021, 0.340206)(-0.0360825, 0.425258)(0.0360825, 0.497423)(0.064433, 0.368557)(0.0850515, 0.213918)(0.103093, 0.0618557)(0.126289, -0.0850515)(0.128866, -0.229381)(0.0824742, -0.365979)
				 (305, 270)(-0.0154639, 0.420103)(0.121134, -0.121134)(0.0695876, -0.332474)(-0.0438144, -0.368557)(-0.139175, 0.324742)(-0.0979381, 0.425258)(-0.0154639, 0.497423)(0.0541237, 0.5)(0.121134, -0.121134)(0.103093, -0.311856)(0.0876289, -0.409794)(0.0592784, -0.484536)(0.0386598, -0.5)(-0.0206186, -0.487113)
descriptor[i][.]=(302, 270)(-0.0442478, -0.485788)(0.0884956, -0.498708)(-0.00884956, 0.501292)(0.176991, 0.501292)
				 (302, 270)(-0.0129199, -0.485788)(0.0258398, -0.498708)(-0.00258398, 0.501292)(0.0516796, 0.501292)
				 (302, 270)(0.0232558, -0.498708)(-0.0439276, -0.379845)(-0.124031, -0.258398)(-0.121447, -0.108527)(-0.105943, 0.0310078)(-0.111111, 0.183463)(-0.113695, 0.330749)(-0.0310078, 0.428941)(0.0516796, 0.501292)(0.0775194, 0.351421)(0.0930233, 0.20155)(0.113695, 0.0516796)(0.126615, -0.0981912)(0.136951, -0.245478)(0.0852713, -0.372093)
				 (302, 270)(-0.0956072, -0.0904393)(-0.0103359, 0.428941)(0.0749354, -0.335917)(-0.0439276, -0.359173)(-0.129199, -0.116279)(-0.126615, 0.310078)(-0.0878553, 0.423773)(-0.00775194, 0.498708)(0.0516796, 0.501292)(0.111111, -0.312661)(0.0258398, -0.498708)(-0.0129199, -0.485788)(-0.0930233, -0.325581)
descriptor[i][.]=(304, 270)(-0.057377, -0.498708)(0.057377, -0.498708)(-0.0245902, 0.501292)(0.180328, 0.501292)
				 (304, 270)(-0.0180879, -0.498708)(0.0180879, -0.498708)(-0.00775194, 0.501292)(0.0568475, 0.501292)
				 (304, 270)(-0.0180879, -0.498708)(-0.0490956, -0.356589)(-0.131783, -0.237726)(-0.134367, -0.0930233)(-0.108527, 0.0542636)(-0.113695, 0.206718)(-0.0878553, 0.356589)(-0.00516796, 0.449612)(0.0671835, 0.472868)(0.0801034, 0.322997)(0.0852713, 0.173127)(0.113695, 0.0206718)(0.142119, -0.124031)(0.134367, -0.273902)(0.0749354, -0.395349)
				 (304, 270)(-0.0103359, 0.431525)(0.0671835, -0.338501)(-0.0490956, -0.346253)(-0.0904393, 0.390181)(-0.0801034, 0.418605)(-0.0129199, 0.498708)(0.0568475, 0.501292)(0.0284238, -0.49354)(-0.0180879, -0.498708)(-0.0542636, -0.444444)(-0.0956072, -0.325581)
