leg_kickDescr0.dat
size1 19
size3 20
beh_type.id 13
sizes[]=41 40 40 40 37 40 40 37 46 42 39 40 49 38 38 34 39 40 39 
thresholds[]=0.16 0.16 0.16 0.16 0.16 0.16 0.16 0.16 0.16 0.16 0.16 0.16 0.16 0.16 0.16 0.16 0.16 0.16 0.16 
map[0][.]=0 1 0 0 0 0 0 0 0 0 0 0 0 0 0 0 0 0 0 0 
map[1][.]=0 0 1 0 0 0 0 0 0 0 0 0 0 0 0 0 0 0 0 0 
map[2][.]=0 0 0 1 0 0 0 0 0 0 0 0 0 0 0 0 0 0 0 0 
map[3][.]=0 0 0 0 1 0 0 0 0 0 0 0 0 0 0 0 0 0 0 0 
map[4][.]=0 0 0 0 0 1 0 0 0 0 0 0 0 0 0 0 0 0 0 0 
map[5][.]=0 0 0 0 0 0 1 0 0 0 0 0 0 0 0 0 0 0 0 0 
map[6][.]=0 0 0 0 0 0 0 1 0 0 0 0 0 0 0 0 0 0 0 0 
map[7][.]=0 0 0 0 0 0 0 0 1 0 0 0 0 0 0 0 0 0 0 0 
map[8][.]=0 0 0 0 0 0 0 0 0 1 0 0 0 0 0 0 0 0 0 0 
map[9][.]=0 0 0 0 0 0 0 0 0 0 1 0 0 0 0 0 0 0 0 0 
map[10][.]=0 0 0 0 0 0 0 0 0 0 0 1 0 0 0 0 0 0 0 0 
map[11][.]=0 0 0 0 0 0 0 0 0 0 0 0 1 0 0 0 0 0 0 0 
map[12][.]=0 0 0 0 0 0 0 0 0 0 0 0 0 1 0 0 0 0 0 0 
map[13][.]=0 0 0 0 0 0 0 0 0 0 0 0 0 0 1 0 0 0 0 0 
map[14][.]=0 0 0 0 0 0 0 0 0 0 0 0 0 0 0 1 0 0 0 0 
map[15][.]=0 0 0 0 0 0 0 0 0 0 0 0 0 0 0 0 1 0 0 0 
map[16][.]=0 0 0 0 0 0 0 0 0 0 0 0 0 0 0 0 0 1 0 0 
map[17][.]=0 0 0 0 0 0 0 0 0 0 0 0 0 0 0 0 0 0 1 0 
map[18][.]=0 0 0 0 0 0 0 0 0 0 0 0 0 0 0 0 0 0 0 1 
map[19][.]=0 0 0 0 0 0 0 0 0 0 0 0 0 0 0 0 0 0 0 0 
isLast[.]=false false false false false false false false false false false false false false false false false false false true 
descriptor[i][.]=(341, 293)(-0.0104167, -0.5)(0.0729167, -0.5)(-0.375, 0.5)(0.208333, 0.5)
				 (341, 293)(-0.00322581, -0.5)(0.0225806, -0.5)(-0.116129, 0.5)(0.0645161, 0.5)
				 (341, 293)(-0.00322581, -0.5)(-0.0419355, -0.364516)(-0.148387, -0.248387)(-0.145161, -0.0935484)(-0.13871, 0.0612903)(-0.106452, 0.216129)(-0.109677, 0.374194)(-0.0903226, 0.5)(0.0483871, 0.493548)(0.0741935, 0.364516)(0.0774194, 0.206452)(0.129032, 0.0516129)(0.129032, -0.109677)(0.145161, -0.26129)(0.0354839, -0.374194)
				 (341, 293)(0.125806, -0.183871)(0.0354839, -0.364516)(-0.0419355, -0.36129)(-0.122581, 0.496774)(0.0645161, 0.5)(0.145161, -0.270968)(0.129032, -0.296774)(0.0548387, -0.409677)(0.0419355, -0.487097)(-0.00322581, -0.5)(-0.0258065, -0.487097)(-0.0645161, -0.445161)(-0.0419355, -0.36129)(-0.109677, -0.325806)
descriptor[i][.]=(341, 293)(-0.0618557, -0.493548)(0.0412371, -0.5)(-0.371134, 0.496774)(0.0824742, 0.5)
				 (341, 293)(-0.0193548, -0.493548)(0.0129032, -0.5)(-0.116129, 0.496774)(0.0258065, 0.5)
				 (341, 293)(0, -0.5)(-0.0387097, -0.364516)(-0.148387, -0.251613)(-0.148387, -0.1)(-0.148387, 0.0580645)(-0.103226, 0.206452)(-0.109677, 0.36129)(-0.1, 0.496774)(0.0516129, 0.496774)(0.0774194, 0.358065)(0.0806452, 0.2)(0.132258, 0.0451613)(0.132258, -0.109677)(0.145161, -0.254839)(0.0354839, -0.370968)
				 (341, 293)(0.125806, -0.183871)(0.0354839, -0.364516)(-0.0387097, -0.364516)(-0.122581, 0.493548)(0.0612903, 0.496774)(0.129032, -0.174194)(0.154839, -0.209677)(0.145161, -0.270968)(0.0516129, -0.403226)(0.0258065, -0.496774)(-0.0258065, -0.490323)(-0.0548387, -0.435484)(-0.0387097, -0.364516)
descriptor[i][.]=(343, 293)(-0.125, -0.498382)(0.0208333, -0.498382)(-0.416667, 0.498382)(0.1875, 0.501618)
				 (343, 293)(-0.038835, -0.498382)(0.00647249, -0.498382)(-0.12945, 0.498382)(0.0582524, 0.501618)
				 (343, 293)(-0.038835, -0.498382)(-0.0647249, -0.349515)(-0.15534, -0.223301)(-0.152104, -0.0647249)(-0.119741, 0.0906149)(-0.110032, 0.249191)(-0.110032, 0.407767)(-0.0679612, 0.498382)(0.0582524, 0.482201)(0.0679612, 0.323625)(0.0809061, 0.165049)(0.132686, 0.012945)(0.126214, -0.145631)(0.12945, -0.297735)(0.0550162, -0.420712)
				 (343, 293)(0.122977, -0.18123)(0.038835, -0.372168)(-0.038835, -0.372168)(-0.135922, 0.495146)(0.0582524, 0.501618)(0.126214, -0.168285)(0.152104, -0.210356)(0.119741, -0.313916)(0.0614887, -0.459547)(0.0582524, -0.485437)(-0.038835, -0.498382)(-0.0550162, -0.440129)(-0.122977, -0.323625)
descriptor[i][.]=(346, 292)(-0.09375, -0.488746)(0.0416667, -0.498392)(-0.40625, 0.501608)(0.0416667, 0.501608)
				 (346, 292)(-0.0289389, -0.488746)(0.0128617, -0.498392)(-0.125402, 0.501608)(0.0128617, 0.501608)
				 (346, 292)(0, -0.498392)(-0.0385852, -0.37299)(-0.151125, -0.266881)(-0.14791, -0.109325)(-0.154341, 0.0482315)(-0.115756, 0.205788)(-0.125402, 0.363344)(-0.11254, 0.498392)(0.0192926, 0.498392)(0.0643087, 0.369775)(0.0771704, 0.212219)(0.122186, 0.0578778)(0.125402, -0.0996785)(0.14791, -0.254019)(0.0353698, -0.376206)
				 (346, 292)(0.122186, -0.157556)(0.0353698, -0.366559)(-0.0418006, -0.363344)(-0.138264, 0.495177)(0.0482315, 0.498392)(0.122186, -0.157556)(0.154341, -0.21865)(0.135048, -0.289389)(0.0482315, -0.398714)(0.0514469, -0.485531)(0.0128617, -0.498392)(-0.0289389, -0.488746)(-0.0610932, -0.430868)
descriptor[i][.]=(348, 293)(-0.0851064, -0.498382)(0.106383, -0.498382)(-0.43617, 0.498382)(0.0425532, 0.501618)
				 (348, 293)(-0.02589, -0.498382)(0.0323625, -0.498382)(-0.132686, 0.498382)(0.012945, 0.501618)
				 (348, 293)(-0.02589, -0.498382)(-0.0517799, -0.359223)(-0.142395, -0.242718)(-0.145631, -0.0841424)(-0.139159, 0.0711974)(-0.122977, 0.226537)(-0.12945, 0.385113)(-0.0970874, 0.501618)(0.0453074, 0.482201)(0.0647249, 0.330097)(0.0809061, 0.171521)(0.132686, 0.0161812)(0.132686, -0.142395)(0.135922, -0.297735)(0.0517799, -0.411003)
				 (348, 293)(0.038835, -0.365696)(-0.0355987, -0.372168)(-0.132686, 0.498382)(0.0355987, 0.498382)(0.139159, -0.297735)(0.116505, -0.323625)(0.0582524, -0.414239)(0.0679612, -0.453074)(-0.02589, -0.498382)(-0.0614887, -0.456311)
descriptor[i][.]=(351, 292)(-0.0729167, -0.49359)(0.0416667, -0.5)(-0.458333, 0.5)(0.09375, 0.5)
				 (351, 292)(-0.0224359, -0.49359)(0.0128205, -0.5)(-0.141026, 0.5)(0.0288462, 0.5)
				 (351, 292)(0.00641026, -0.5)(-0.0384615, -0.378205)(-0.141026, -0.259615)(-0.144231, -0.105769)(-0.153846, 0.0512821)(-0.121795, 0.201923)(-0.128205, 0.358974)(-0.134615, 0.5)(0.0160256, 0.49359)(0.0512821, 0.362179)(0.0705128, 0.208333)(0.125, 0.0576923)(0.128205, -0.0961538)(0.147436, -0.246795)(0.0384615, -0.362179)
				 (351, 292)(0.125, -0.157051)(0.0352564, -0.36859)(-0.0384615, -0.36859)(0.0288462, 0.5)(0.125, -0.157051)(0.153846, -0.214744)(0.13141, -0.304487)(0.112179, -0.320513)(0.0608974, -0.451923)(0.025641, -0.49359)(-0.0320513, -0.490385)(-0.115385, -0.323718)(-0.137821, -0.275641)
descriptor[i][.]=(353, 293)(-0.030303, -0.5)(0.0606061, -0.5)(-0.424242, 0.5)(0.0707071, 0.5)
				 (353, 293)(-0.00967742, -0.5)(0.0193548, -0.5)(-0.135484, 0.5)(0.0225806, 0.5)
				 (353, 293)(-0.00967742, -0.5)(-0.0419355, -0.358065)(-0.145161, -0.248387)(-0.145161, -0.0903226)(-0.135484, 0.0612903)(-0.122581, 0.219355)(-0.132258, 0.377419)(-0.103226, 0.5)(0.0290323, 0.493548)(0.0516129, 0.335484)(0.0709677, 0.177419)(0.122581, 0.0290323)(0.135484, -0.125806)(0.145161, -0.280645)(0.0419355, -0.387097)
				 (353, 293)(0.125806, -0.177419)(0.0354839, -0.370968)(-0.0419355, -0.358065)(-0.141935, 0.496774)(0.0225806, 0.5)(0.135484, -0.116129)(0.125806, -0.177419)(0.158065, -0.222581)(0.0483871, -0.4)(0.0548387, -0.477419)(-0.00967742, -0.5)(-0.0516129, -0.454839)(-0.141935, -0.264516)
descriptor[i][.]=(354, 296)(-0.0816327, -0.4875)(0.0510204, -0.5)(-0.428571, 0.5)(0.0510204, 0.475)
				 (354, 296)(-0.025, -0.4875)(0.015625, -0.5)(-0.13125, 0.5)(0.015625, 0.475)
				 (354, 296)(0.003125, -0.5)(-0.03125, -0.375)(-0.1375, -0.2625)(-0.14375, -0.109375)(-0.15, 0.0375)(-0.115625, 0.184375)(-0.134375, 0.3375)(-0.14375, 0.490625)(-0.003125, 0.471875)(0.040625, 0.34375)(0.05625, 0.190625)(0.1125, 0.04375)(0.13125, -0.109375)(0.15, -0.259375)(0.04375, -0.371875)
				 (354, 296)(0.04375, -0.36875)(-0.03125, -0.371875)(-0.14375, 0.49375)(0.015625, 0.475)(0.1375, -0.303125)(0.05625, -0.46875)(0.015625, -0.5)(-0.025, -0.4875)(-0.053125, -0.44375)(-0.103125, -0.33125)
descriptor[i][.]=(354, 292)(-0.08, -0.490323)(0.03, -0.5)(-0.07, 0.5)(0.06, 0.496774)
				 (354, 292)(-0.0258065, -0.490323)(0.00967742, -0.5)(-0.0225806, 0.5)(0.0193548, 0.496774)
				 (354, 292)(0.00322581, -0.5)(-0.0290323, -0.370968)(-0.13871, -0.26129)(-0.148387, -0.106452)(-0.158065, 0.0451613)(-0.129032, 0.190323)(-0.135484, 0.345161)(-0.109677, 0.477419)(0.0290323, 0.487097)(0.0451613, 0.332258)(0.0612903, 0.177419)(0.122581, 0.0322581)(0.132258, -0.119355)(0.154839, -0.267742)(0.0483871, -0.380645)
				 (354, 292)(-0.116129, 0.145161)(0.132258, -0.177419)(0.0483871, -0.367742)(-0.0290323, -0.367742)(-0.119355, 0.141935)(-0.151613, 0.448387)(0.0193548, 0.496774)(0.135484, -0.083871)(0.132258, -0.177419)(0.158065, -0.206452)(0.154839, -0.274194)(0.13871, -0.306452)(0.0677419, -0.422581)(0.0612903, -0.474194)(0.0387097, -0.490323)(0.00967742, -0.5)(-0.0258065, -0.490323)(-0.103226, -0.329032)(-0.141935, -0.258065)
descriptor[i][.]=(354, 293)(-0.049505, -0.490323)(0.0891089, -0.5)(-0.128713, 0.5)(0.0693069, 0.5)
				 (354, 293)(-0.016129, -0.490323)(0.0290323, -0.5)(-0.0419355, 0.5)(0.0225806, 0.5)
				 (354, 293)(0.00645161, -0.5)(-0.0258065, -0.374194)(-0.141935, -0.258065)(-0.145161, -0.106452)(-0.154839, 0.0483871)(-0.135484, 0.187097)(-0.148387, 0.341935)(-0.0645161, 0.445161)(0.0290323, 0.470968)(0.0451613, 0.322581)(0.0580645, 0.167742)(0.125806, 0.0290323)(0.132258, -0.125806)(0.154839, -0.270968)(0.0483871, -0.383871)
				 (354, 293)(-0.119355, 0.0935484)(0.129032, -0.164516)(0.0516129, -0.364516)(-0.0258065, -0.374194)(-0.122581, 0.0903226)(-0.158065, 0.383871)(-0.0483871, 0.496774)(0.0225806, 0.5)(0.129032, -0.164516)(0.158065, -0.206452)(0.0677419, -0.425806)(0.0645161, -0.464516)(0.0516129, -0.493548)(-0.016129, -0.490323)(-0.141935, -0.26129)
descriptor[i][.]=(354, 289)(-0.02, -0.5)(0.02, -0.493711)(-0.13, 0.5)(0.01, 0.5)
				 (354, 289)(-0.00628931, -0.5)(0.00628931, -0.493711)(-0.0408805, 0.5)(0.00314465, 0.5)
				 (354, 289)(-0.00628931, -0.5)(-0.0251572, -0.36478)(-0.122642, -0.251572)(-0.13522, -0.100629)(-0.154088, 0.0471698)(-0.13522, 0.179245)(-0.141509, 0.330189)(-0.0660377, 0.440252)(0.0314465, 0.477987)(0.0440252, 0.323899)(0.0566038, 0.169811)(0.125786, 0.0314465)(0.132075, -0.119497)(0.147799, -0.267296)(0.0534591, -0.377358)
				 (354, 289)(-0.113208, 0.0786164)(-0.0691824, 0.380503)(0.0471698, -0.345912)(-0.0251572, -0.352201)(-0.144654, 0.305031)(-0.119497, 0.371069)(-0.0691824, 0.380503)(-0.0471698, 0.496855)(0.0188679, 0.496855)(0.0628931, -0.446541)(-0.00628931, -0.5)(-0.106918, -0.295597)
descriptor[i][.]=(355, 294)(-0.0204082, -0.5)(0.0816327, -0.5)(-0.0816327, 0.5)(0.0510204, 0.496753)
				 (355, 294)(-0.00649351, -0.5)(0.025974, -0.5)(-0.025974, 0.5)(0.0162338, 0.496753)
				 (355, 294)(-0.00649351, -0.5)(-0.0357143, -0.366883)(-0.13961, -0.243506)(-0.146104, -0.0909091)(-0.146104, 0.0551948)(-0.12987, 0.198052)(-0.103896, 0.334416)(-0.0519481, 0.454545)(0.0227273, 0.454545)(0.0422078, 0.301948)(0.0584416, 0.149351)(0.12987, 0.012987)(0.133117, -0.13961)(0.146104, -0.292208)(0.0519481, -0.405844)
				 (355, 294)(-0.123377, 0.0714286)(-0.0649351, 0.350649)(0.0454545, -0.373377)(-0.0324675, -0.37013)(-0.123377, 0.327922)(-0.0519481, 0.493506)(-0.025974, 0.5)(0.0162338, 0.496753)(0.146104, -0.298701)(0.0616883, -0.487013)(-0.00649351, -0.5)(-0.0454545, -0.477273)(-0.12013, -0.308442)
descriptor[i][.]=(356, 293)(-0.10101, -0.482201)(0.040404, -0.498382)(-0.151515, 0.501618)(0.040404, 0.498382)
				 (356, 293)(-0.0323625, -0.482201)(0.012945, -0.498382)(-0.0485437, 0.501618)(0.012945, 0.498382)
				 (356, 293)(0, -0.498382)(-0.0323625, -0.372168)(-0.135922, -0.2589)(-0.145631, -0.106796)(-0.158576, 0.0453074)(-0.139159, 0.184466)(-0.135922, 0.33657)(-0.0679612, 0.453074)(0.0194175, 0.466019)(0.0420712, 0.313916)(0.0517799, 0.161812)(0.116505, 0.02589)(0.126214, -0.122977)(0.148867, -0.268608)(0.0420712, -0.378641)
				 (356, 293)(-0.116505, 0.0776699)(-0.0776699, 0.385113)(0.0485437, 0.168285)(0.12945, -0.171521)(0.0420712, -0.368932)(-0.0323625, -0.368932)(-0.12945, 0.126214)(-0.145631, 0.307443)(-0.126214, 0.372168)(-0.0776699, 0.433657)(-0.0550162, 0.498382)(0.012945, 0.498382)(0.0550162, 0.23301)(0.0485437, 0.168285)(0.110032, 0.0809061)(0.12945, -0.171521)(0.15534, -0.20712)(0.145631, -0.297735)(0.0582524, -0.472492)(0.012945, -0.498382)(-0.0323625, -0.482201)(-0.10356, -0.323625)
descriptor[i][.]=(356, 293)(-0.040404, -0.5)(0.0808081, -0.5)(-0.151515, 0.5)(0.0606061, 0.5)
				 (356, 293)(-0.0129032, -0.5)(0.0258065, -0.5)(-0.0483871, 0.5)(0.0193548, 0.5)
				 (356, 293)(-0.0129032, -0.5)(-0.0354839, -0.364516)(-0.13871, -0.251613)(-0.145161, -0.0935484)(-0.151613, 0.0580645)(-0.125806, 0.2)(-0.145161, 0.354839)(-0.083871, 0.464516)(0.0225806, 0.477419)(0.0387097, 0.322581)(0.0548387, 0.167742)(0.119355, 0.0225806)(0.129032, -0.135484)(0.148387, -0.287097)(0.0483871, -0.396774)
				 (356, 293)(-0.112903, 0.119355)(0.0419355, -0.374194)(-0.0322581, -0.367742)(-0.116129, 0.116129)(-0.129032, 0.46129)(0.0193548, 0.5)(0.148387, -0.290323)(0.0612903, -0.467742)(0.0322581, -0.496774)(-0.0322581, -0.490323)(-0.116129, -0.312903)
descriptor[i][.]=(356, 298)(-0.010101, -0.5)(0.131313, -0.5)(-0.434343, 0.493711)(0.040404, 0.468553)
				 (356, 298)(-0.00314465, -0.5)(0.0408805, -0.5)(-0.13522, 0.493711)(0.0125786, 0.468553)
				 (356, 298)(-0.00314465, -0.5)(-0.0314465, -0.377358)(-0.132075, -0.267296)(-0.141509, -0.113208)(-0.147799, 0.0377358)(-0.128931, 0.188679)(-0.13522, 0.342767)(-0.13522, 0.493711)(0.0125786, 0.468553)(0.0377358, 0.31761)(0.0534591, 0.163522)(0.116352, 0.0220126)(0.125786, -0.132075)(0.147799, -0.283019)(0.0408805, -0.393082)
				 (356, 298)(0.0408805, -0.377358)(-0.0283019, -0.380503)(-0.144654, 0.487421)(-0.106918, 0.5)(0.0125786, 0.468553)(0.138365, -0.311321)(0.0628931, -0.449686)(0.0534591, -0.487421)(-0.0314465, -0.490566)(-0.0534591, -0.421384)(-0.110063, -0.327044)
descriptor[i][.]=(355, 296)(-0.0206186, -0.495298)(0.0412371, -0.498433)(-0.474227, 0.501567)(0.0412371, 0.476489)
				 (355, 296)(-0.00626959, -0.495298)(0.0125392, -0.498433)(-0.144201, 0.501567)(0.0125392, 0.476489)
				 (355, 296)(0.0031348, -0.498433)(-0.0282132, -0.369906)(-0.134796, -0.253918)(-0.141066, -0.100313)(-0.144201, 0.0501567)(-0.134796, 0.200627)(-0.131661, 0.354232)(-0.147335, 0.498433)(0, 0.473354)(0.0438871, 0.338558)(0.0564263, 0.188088)(0.115987, 0.0407524)(0.128527, -0.112853)(0.147335, -0.266458)(0.0438871, -0.37931)
				 (355, 296)(0.0438871, -0.373041)(-0.0344828, -0.357367)(0.0125392, 0.476489)(0.0595611, -0.473354)(0.0250784, -0.495298)(-0.0250784, -0.482759)(-0.0501567, -0.426332)
descriptor[i][.]=(355, 295)(-0.0520833, -0.498403)(0.03125, -0.498403)(-0.479167, 0.501597)(0.0416667, 0.482428)
				 (355, 295)(-0.0159744, -0.498403)(0.00958466, -0.498403)(-0.146965, 0.501597)(0.0127796, 0.482428)
				 (355, 295)(-0.0159744, -0.498403)(-0.0447284, -0.364217)(-0.146965, -0.242812)(-0.15016, -0.0894569)(-0.140575, 0.0638978)(-0.134185, 0.220447)(-0.134185, 0.373802)(-0.124601, 0.501597)(0.0255591, 0.476038)(0.0447284, 0.325879)(0.0607029, 0.169329)(0.118211, 0.0255591)(0.127796, -0.13099)(0.146965, -0.277955)(0.0511182, -0.399361)
				 (355, 295)(0.0607029, 0.159744)(0.0447284, -0.370607)(-0.0319489, -0.373802)(0.0127796, 0.482428)(0.0607029, 0.159744)(0.115016, 0.0766773)(0.140575, -0.29393)(0.0670927, -0.421725)(0.0638978, -0.469649)(-0.0223642, -0.495208)(-0.0511182, -0.43131)(-0.0319489, -0.373802)
descriptor[i][.]=(351, 294)(-0.00961538, -0.490506)(0.105769, -0.5)(-0.403846, 0.5)(0.0961538, 0.484177)
				 (351, 294)(-0.00316456, -0.490506)(0.0348101, -0.5)(-0.132911, 0.5)(0.0316456, 0.484177)
				 (351, 294)(0.0189873, -0.5)(-0.0221519, -0.373418)(-0.129747, -0.262658)(-0.139241, -0.110759)(-0.161392, 0.0474684)(-0.126582, 0.189873)(-0.126582, 0.344937)(-0.136076, 0.496835)(0.0189873, 0.481013)(0.0537975, 0.351266)(0.0632911, 0.196203)(0.123418, 0.0537975)(0.136076, -0.10443)(0.161392, -0.25)(0.0537975, -0.370253)
				 (351, 294)(0.136076, -0.18038)(0.0537975, -0.367089)(-0.0253165, -0.360759)(0.0316456, 0.484177)(0.161392, -0.202532)(0.151899, -0.281646)(0.0759494, -0.455696)(0.0348101, -0.5)(-0.0189873, -0.481013)(-0.0348101, -0.452532)(-0.0411392, -0.417722)(-0.0253165, -0.360759)(-0.085443, -0.335443)
descriptor[i][.]=(349, 294)(-0.0294118, -0.484177)(0.0686275, -0.5)(-0.392157, 0.5)(0.107843, 0.487342)
				 (349, 294)(-0.00949367, -0.484177)(0.0221519, -0.5)(-0.126582, 0.5)(0.0348101, 0.487342)
				 (349, 294)(0.0189873, -0.5)(-0.0189873, -0.367089)(-0.126582, -0.262658)(-0.139241, -0.107595)(-0.158228, 0.0474684)(-0.120253, 0.193038)(-0.120253, 0.348101)(-0.126582, 0.5)(0.0189873, 0.481013)(0.0601266, 0.351266)(0.0696203, 0.196203)(0.129747, 0.0474684)(0.139241, -0.10443)(0.151899, -0.25)(0.0506329, -0.367089)
				 (349, 294)(0.132911, -0.170886)(0.0506329, -0.367089)(-0.0189873, -0.363924)(0.0348101, 0.487342)(0.132911, -0.170886)(0.151899, -0.275316)(0.142405, -0.300633)(0.0791139, -0.458861)(0.0221519, -0.5)(-0.00949367, -0.484177)(-0.0411392, -0.443038)(-0.101266, -0.325949)
