leg_kickDescr7.dat
size1 49
size3 50
beh_type.id 13
sizes[]=45 45 46 44 47 49 46 50 49 46 48 49 46 47 49 44 47 49 47 49 45 45 47 46 47 51 48 50 49 49 48 51 49 48 53 49 49 53 49 51 45 48 46 47 47 45 45 43 45 
thresholds[]=0.16 0.16 0.16 0.16 0.16 0.16 0.16 0.16 0.16 0.16 0.16 0.16 0.16 0.16 0.16 0.16 0.16 0.16 0.16 0.16 0.16 0.16 0.16 0.16 0.16 0.16 0.16 0.16 0.16 0.16 0.16 0.16 0.16 0.16 0.16 0.16 0.16 0.16 0.16 0.16 0.16 0.16 0.16 0.16 0.16 0.16 0.16 0.16 0.16 
map[0][.]=0 1 0 0 0 0 0 0 0 0 0 0 0 0 0 0 0 0 0 0 0 0 0 0 0 0 0 0 0 0 0 0 0 0 0 0 0 0 0 0 0 0 0 0 0 0 0 0 0 0 
map[1][.]=0 0 1 0 0 0 0 0 0 0 0 0 0 0 0 0 0 0 0 0 0 0 0 0 0 0 0 0 0 0 0 0 0 0 0 0 0 0 0 0 0 0 0 0 0 0 0 0 0 0 
map[2][.]=0 0 0 1 0 0 0 0 0 0 0 0 0 0 0 0 0 0 0 0 0 0 0 0 0 0 0 0 0 0 0 0 0 0 0 0 0 0 0 0 0 0 0 0 0 0 0 0 0 0 
map[3][.]=0 0 0 0 1 0 0 0 0 0 0 0 0 0 0 0 0 0 0 0 0 0 0 0 0 0 0 0 0 0 0 0 0 0 0 0 0 0 0 0 0 0 0 0 0 0 0 0 0 0 
map[4][.]=0 0 0 0 0 1 0 0 0 0 0 0 0 0 0 0 0 0 0 0 0 0 0 0 0 0 0 0 0 0 0 0 0 0 0 0 0 0 0 0 0 0 0 0 0 0 0 0 0 0 
map[5][.]=0 0 0 0 0 0 1 0 0 0 0 0 0 0 0 0 0 0 0 0 0 0 0 0 0 0 0 0 0 0 0 0 0 0 0 0 0 0 0 0 0 0 0 0 0 0 0 0 0 0 
map[6][.]=0 0 0 0 0 0 0 1 0 0 0 0 0 0 0 0 0 0 0 0 0 0 0 0 0 0 0 0 0 0 0 0 0 0 0 0 0 0 0 0 0 0 0 0 0 0 0 0 0 0 
map[7][.]=0 0 0 0 0 0 0 0 1 0 0 0 0 0 0 0 0 0 0 0 0 0 0 0 0 0 0 0 0 0 0 0 0 0 0 0 0 0 0 0 0 0 0 0 0 0 0 0 0 0 
map[8][.]=0 0 0 0 0 0 0 0 0 1 0 0 0 0 0 0 0 0 0 0 0 0 0 0 0 0 0 0 0 0 0 0 0 0 0 0 0 0 0 0 0 0 0 0 0 0 0 0 0 0 
map[9][.]=0 0 0 0 0 0 0 0 0 0 1 0 0 0 0 0 0 0 0 0 0 0 0 0 0 0 0 0 0 0 0 0 0 0 0 0 0 0 0 0 0 0 0 0 0 0 0 0 0 0 
map[10][.]=0 0 0 0 0 0 0 0 0 0 0 1 0 0 0 0 0 0 0 0 0 0 0 0 0 0 0 0 0 0 0 0 0 0 0 0 0 0 0 0 0 0 0 0 0 0 0 0 0 0 
map[11][.]=0 0 0 0 0 0 0 0 0 0 0 0 1 0 0 0 0 0 0 0 0 0 0 0 0 0 0 0 0 0 0 0 0 0 0 0 0 0 0 0 0 0 0 0 0 0 0 0 0 0 
map[12][.]=0 0 0 0 0 0 0 0 0 0 0 0 0 1 0 0 0 0 0 0 0 0 0 0 0 0 0 0 0 0 0 0 0 0 0 0 0 0 0 0 0 0 0 0 0 0 0 0 0 0 
map[13][.]=0 0 0 0 0 0 0 0 0 0 0 0 0 0 1 0 0 0 0 0 0 0 0 0 0 0 0 0 0 0 0 0 0 0 0 0 0 0 0 0 0 0 0 0 0 0 0 0 0 0 
map[14][.]=0 0 0 0 0 0 0 0 0 0 0 0 0 0 0 1 0 0 0 0 0 0 0 0 0 0 0 0 0 0 0 0 0 0 0 0 0 0 0 0 0 0 0 0 0 0 0 0 0 0 
map[15][.]=0 0 0 0 0 0 0 0 0 0 0 0 0 0 0 0 1 0 0 0 0 0 0 0 0 0 0 0 0 0 0 0 0 0 0 0 0 0 0 0 0 0 0 0 0 0 0 0 0 0 
map[16][.]=0 0 0 0 0 0 0 0 0 0 0 0 0 0 0 0 0 1 0 0 0 0 0 0 0 0 0 0 0 0 0 0 0 0 0 0 0 0 0 0 0 0 0 0 0 0 0 0 0 0 
map[17][.]=0 0 0 0 0 0 0 0 0 0 0 0 0 0 0 0 0 0 1 0 0 0 0 0 0 0 0 0 0 0 0 0 0 0 0 0 0 0 0 0 0 0 0 0 0 0 0 0 0 0 
map[18][.]=0 0 0 0 0 0 0 0 0 0 0 0 0 0 0 0 0 0 0 1 0 0 0 0 0 0 0 0 0 0 0 0 0 0 0 0 0 0 0 0 0 0 0 0 0 0 0 0 0 0 
map[19][.]=0 0 0 0 0 0 0 0 0 0 0 0 0 0 0 0 0 0 0 0 1 0 0 0 0 0 0 0 0 0 0 0 0 0 0 0 0 0 0 0 0 0 0 0 0 0 0 0 0 0 
map[20][.]=0 0 0 0 0 0 0 0 0 0 0 0 0 0 0 0 0 0 0 0 0 1 0 0 0 0 0 0 0 0 0 0 0 0 0 0 0 0 0 0 0 0 0 0 0 0 0 0 0 0 
map[21][.]=0 0 0 0 0 0 0 0 0 0 0 0 0 0 0 0 0 0 0 0 0 0 1 0 0 0 0 0 0 0 0 0 0 0 0 0 0 0 0 0 0 0 0 0 0 0 0 0 0 0 
map[22][.]=0 0 0 0 0 0 0 0 0 0 0 0 0 0 0 0 0 0 0 0 0 0 0 1 0 0 0 0 0 0 0 0 0 0 0 0 0 0 0 0 0 0 0 0 0 0 0 0 0 0 
map[23][.]=0 0 0 0 0 0 0 0 0 0 0 0 0 0 0 0 0 0 0 0 0 0 0 0 1 0 0 0 0 0 0 0 0 0 0 0 0 0 0 0 0 0 0 0 0 0 0 0 0 0 
map[24][.]=0 0 0 0 0 0 0 0 0 0 0 0 0 0 0 0 0 0 0 0 0 0 0 0 0 1 0 0 0 0 0 0 0 0 0 0 0 0 0 0 0 0 0 0 0 0 0 0 0 0 
map[25][.]=0 0 0 0 0 0 0 0 0 0 0 0 0 0 0 0 0 0 0 0 0 0 0 0 0 0 1 0 0 0 0 0 0 0 0 0 0 0 0 0 0 0 0 0 0 0 0 0 0 0 
map[26][.]=0 0 0 0 0 0 0 0 0 0 0 0 0 0 0 0 0 0 0 0 0 0 0 0 0 0 0 1 0 0 0 0 0 0 0 0 0 0 0 0 0 0 0 0 0 0 0 0 0 0 
map[27][.]=0 0 0 0 0 0 0 0 0 0 0 0 0 0 0 0 0 0 0 0 0 0 0 0 0 0 0 0 1 0 0 0 0 0 0 0 0 0 0 0 0 0 0 0 0 0 0 0 0 0 
map[28][.]=0 0 0 0 0 0 0 0 0 0 0 0 0 0 0 0 0 0 0 0 0 0 0 0 0 0 0 0 0 1 0 0 0 0 0 0 0 0 0 0 0 0 0 0 0 0 0 0 0 0 
map[29][.]=0 0 0 0 0 0 0 0 0 0 0 0 0 0 0 0 0 0 0 0 0 0 0 0 0 0 0 0 0 0 1 0 0 0 0 0 0 0 0 0 0 0 0 0 0 0 0 0 0 0 
map[30][.]=0 0 0 0 0 0 0 0 0 0 0 0 0 0 0 0 0 0 0 0 0 0 0 0 0 0 0 0 0 0 0 1 0 0 0 0 0 0 0 0 0 0 0 0 0 0 0 0 0 0 
map[31][.]=0 0 0 0 0 0 0 0 0 0 0 0 0 0 0 0 0 0 0 0 0 0 0 0 0 0 0 0 0 0 0 0 1 0 0 0 0 0 0 0 0 0 0 0 0 0 0 0 0 0 
map[32][.]=0 0 0 0 0 0 0 0 0 0 0 0 0 0 0 0 0 0 0 0 0 0 0 0 0 0 0 0 0 0 0 0 0 1 0 0 0 0 0 0 0 0 0 0 0 0 0 0 0 0 
map[33][.]=0 0 0 0 0 0 0 0 0 0 0 0 0 0 0 0 0 0 0 0 0 0 0 0 0 0 0 0 0 0 0 0 0 0 1 0 0 0 0 0 0 0 0 0 0 0 0 0 0 0 
map[34][.]=0 0 0 0 0 0 0 0 0 0 0 0 0 0 0 0 0 0 0 0 0 0 0 0 0 0 0 0 0 0 0 0 0 0 0 1 0 0 0 0 0 0 0 0 0 0 0 0 0 0 
map[35][.]=0 0 0 0 0 0 0 0 0 0 0 0 0 0 0 0 0 0 0 0 0 0 0 0 0 0 0 0 0 0 0 0 0 0 0 0 1 0 0 0 0 0 0 0 0 0 0 0 0 0 
map[36][.]=0 0 0 0 0 0 0 0 0 0 0 0 0 0 0 0 0 0 0 0 0 0 0 0 0 0 0 0 0 0 0 0 0 0 0 0 0 1 0 0 0 0 0 0 0 0 0 0 0 0 
map[37][.]=0 0 0 0 0 0 0 0 0 0 0 0 0 0 0 0 0 0 0 0 0 0 0 0 0 0 0 0 0 0 0 0 0 0 0 0 0 0 1 0 0 0 0 0 0 0 0 0 0 0 
map[38][.]=0 0 0 0 0 0 0 0 0 0 0 0 0 0 0 0 0 0 0 0 0 0 0 0 0 0 0 0 0 0 0 0 0 0 0 0 0 0 0 1 0 0 0 0 0 0 0 0 0 0 
map[39][.]=0 0 0 0 0 0 0 0 0 0 0 0 0 0 0 0 0 0 0 0 0 0 0 0 0 0 0 0 0 0 0 0 0 0 0 0 0 0 0 0 1 0 0 0 0 0 0 0 0 0 
map[40][.]=0 0 0 0 0 0 0 0 0 0 0 0 0 0 0 0 0 0 0 0 0 0 0 0 0 0 0 0 0 0 0 0 0 0 0 0 0 0 0 0 0 1 0 0 0 0 0 0 0 0 
map[41][.]=0 0 0 0 0 0 0 0 0 0 0 0 0 0 0 0 0 0 0 0 0 0 0 0 0 0 0 0 0 0 0 0 0 0 0 0 0 0 0 0 0 0 1 0 0 0 0 0 0 0 
map[42][.]=0 0 0 0 0 0 0 0 0 0 0 0 0 0 0 0 0 0 0 0 0 0 0 0 0 0 0 0 0 0 0 0 0 0 0 0 0 0 0 0 0 0 0 1 0 0 0 0 0 0 
map[43][.]=0 0 0 0 0 0 0 0 0 0 0 0 0 0 0 0 0 0 0 0 0 0 0 0 0 0 0 0 0 0 0 0 0 0 0 0 0 0 0 0 0 0 0 0 1 0 0 0 0 0 
map[44][.]=0 0 0 0 0 0 0 0 0 0 0 0 0 0 0 0 0 0 0 0 0 0 0 0 0 0 0 0 0 0 0 0 0 0 0 0 0 0 0 0 0 0 0 0 0 1 0 0 0 0 
map[45][.]=0 0 0 0 0 0 0 0 0 0 0 0 0 0 0 0 0 0 0 0 0 0 0 0 0 0 0 0 0 0 0 0 0 0 0 0 0 0 0 0 0 0 0 0 0 0 1 0 0 0 
map[46][.]=0 0 0 0 0 0 0 0 0 0 0 0 0 0 0 0 0 0 0 0 0 0 0 0 0 0 0 0 0 0 0 0 0 0 0 0 0 0 0 0 0 0 0 0 0 0 0 1 0 0 
map[47][.]=0 0 0 0 0 0 0 0 0 0 0 0 0 0 0 0 0 0 0 0 0 0 0 0 0 0 0 0 0 0 0 0 0 0 0 0 0 0 0 0 0 0 0 0 0 0 0 0 1 0 
map[48][.]=0 0 0 0 0 0 0 0 0 0 0 0 0 0 0 0 0 0 0 0 0 0 0 0 0 0 0 0 0 0 0 0 0 0 0 0 0 0 0 0 0 0 0 0 0 0 0 0 0 1 
map[49][.]=0 0 0 0 0 0 0 0 0 0 0 0 0 0 0 0 0 0 0 0 0 0 0 0 0 0 0 0 0 0 0 0 0 0 0 0 0 0 0 0 0 0 0 0 0 0 0 0 0 0 
isLast[.]=false false false false false false false false false false false false false false false false false false false false false false false false false false false false false false false false false false false false false false false false false false false false false false false false false true 
descriptor[i][.]=(333, 248)(-0.0782609, -0.5)(0.00869565, -0.496094)(-0.365217, 0.46875)(0.0521739, 0.5)
				 (333, 248)(-0.0351563, -0.5)(0.00390625, -0.496094)(-0.164063, 0.46875)(0.0234375, 0.5)
				 (333, 248)(-0.0351563, -0.5)(-0.117188, -0.335938)(-0.1875, -0.160156)(-0.222656, 0.03125)(-0.144531, 0.128906)(-0.15625, 0.324219)(-0.121094, 0.457031)(-0.0585938, 0.460938)(0.015625, 0.429688)(0.0429688, 0.242188)(0.0742188, 0.046875)(0.136719, -0.0507813)(0.222656, 0)(0.144531, -0.1875)(0.0429688, -0.351563)
				 (333, 248)(-0.144531, 0.0390625)(-0.0820313, 0.375)(0.0820313, -0.0742188)(0.0351563, -0.363281)(-0.0898438, -0.382813)(0.121094, -0.078125)(-0.210938, 0.046875)(-0.179688, 0.453125)(-0.125, 0.460938)(-0.0664063, 0.488281)(0.0234375, 0.5)(0.121094, -0.078125)(0.1875, 0.0507813)(0.226563, 0.0117188)(0.105469, -0.308594)(0.0195313, -0.488281)(-0.0585938, -0.492188)(-0.0898438, -0.382813)
descriptor[i][.]=(333, 248)(-0.0854701, -0.5)(0.017094, -0.5)(-0.00854701, 0.5)(0.034188, 0.5)
				 (333, 248)(-0.0390625, -0.5)(0.0078125, -0.5)(-0.00390625, 0.5)(0.015625, 0.5)
				 (333, 248)(-0.0390625, -0.5)(-0.125, -0.332031)(-0.191406, -0.144531)(-0.203125, 0.0429688)(-0.144531, 0.175781)(-0.164063, 0.371094)(-0.105469, 0.429688)(-0.0507813, 0.492188)(0.03125, 0.375)(0.0507813, 0.179688)(0.0742188, -0.015625)(0.160156, -0.0273438)(0.214844, -0.0273438)(0.132813, -0.21875)(0.0390625, -0.363281)
				 (333, 248)(-0.144531, 0.046875)(-0.078125, 0.378906)(0.078125, -0.09375)(0.03125, -0.339844)(-0.101563, -0.351563)(0.113281, -0.101563)(-0.179688, 0.460938)(-0.117188, 0.46875)(-0.0664063, 0.492188)(0.015625, 0.5)(0.0820313, -0.078125)(0.113281, -0.101563)(0.195313, 0.0507813)(0.105469, -0.308594)(0.0234375, -0.492188)(-0.0625, -0.488281)(-0.101563, -0.363281)(-0.144531, -0.316406)
descriptor[i][.]=(335, 247)(-0.103448, -0.498039)(0.00862069, -0.498039)(-0.155172, 0.501961)(0.00862069, 0.501961)
				 (335, 247)(-0.0470588, -0.498039)(0.00392157, -0.498039)(-0.0705882, 0.501961)(0.00392157, 0.501961)
				 (335, 247)(-0.0470588, -0.498039)(-0.129412, -0.329412)(-0.196078, -0.160784)(-0.223529, 0.0313725)(-0.164706, 0.168627)(-0.164706, 0.356863)(-0.101961, 0.466667)(-0.0156863, 0.501961)(0.0235294, 0.333333)(0.0509804, 0.145098)(0.0705882, -0.0431373)(0.180392, 0.00392157)(0.211765, -0.0352941)(0.12549, -0.227451)(0.0392157, -0.372549)
				 (335, 247)(-0.156863, 0.054902)(-0.0823529, 0.431373)(0.0705882, -0.0862745)(0.0352941, -0.341176)(-0.101961, -0.352941)(0.141176, -0.0588235)(-0.219608, 0.0392157)(-0.180392, 0.458824)(-0.0784314, 0.498039)(0.00392157, 0.501961)(0.0745098, -0.0745098)(0.141176, -0.0588235)(0.192157, 0.0666667)(0.101961, -0.309804)(0.0352941, -0.341176)(0.0509804, -0.411765)(0.0235294, -0.478431)(-0.101961, -0.360784)(-0.14902, -0.317647)
descriptor[i][.]=(334, 250)(-0.0588235, -0.5)(0.00840336, -0.496212)(-0.336134, 0.5)(0, 0.473485)
				 (334, 250)(-0.0265152, -0.5)(0.00378788, -0.496212)(-0.151515, 0.5)(0, 0.473485)
				 (334, 250)(-0.0265152, -0.5)(-0.0984848, -0.337121)(-0.17803, -0.17803)(-0.223485, 0.00757576)(-0.155303, 0.143939)(-0.162879, 0.325758)(-0.162879, 0.496212)(-0.0151515, 0.477273)(0.0227273, 0.306818)(0.0530303, 0.121212)(0.0719697, -0.0606061)(0.166667, -0.0265152)(0.219697, -0.0227273)(0.147727, -0.200758)(0.0492424, -0.352273)
				 (334, 250)(-0.151515, 0.0681818)(-0.0833333, 0.443182)(0.0719697, -0.117424)(0.0492424, -0.340909)(-0.0833333, -0.359848)(0.151515, -0.0568182)(-0.181818, 0.488636)(-0.128788, 0.5)(-0.0643939, 0.465909)(-0.0151515, 0.477273)(0.151515, -0.0568182)(0.189394, 0.0530303)(0.102273, -0.318182)(0.0568182, -0.363636)(0.0151515, -0.488636)(-0.0833333, -0.371212)(-0.140152, -0.318182)
descriptor[i][.]=(334, 249)(-0.0416667, -0.5)(0.0166667, -0.5)(-0.45, 0.472868)(0.0166667, 0.492248)
				 (334, 249)(-0.0193798, -0.5)(0.00775194, -0.5)(-0.209302, 0.472868)(0.00775194, 0.492248)
				 (334, 249)(-0.0193798, -0.5)(-0.100775, -0.337209)(-0.182171, -0.170543)(-0.232558, 0.0193798)(-0.147287, 0.151163)(-0.178295, 0.337209)(-0.170543, 0.476744)(0.00387597, 0.492248)(0.0232558, 0.310078)(0.0581395, 0.116279)(0.0697674, -0.0736434)(0.178295, -0.0193798)(0.224806, -0.0271318)(0.147287, -0.213178)(0.0387597, -0.348837)
				 (334, 249)(-0.147287, 0.120155)(0.0697674, -0.116279)(0.0426357, -0.337209)(-0.0736434, -0.379845)(-0.170543, 0.375969)(0.147287, -0.0658915)(-0.151163, 0.116279)(-0.178295, 0.337209)(-0.170543, 0.375969)(-0.224806, 0.453488)(-0.131783, 0.5)(0.00775194, 0.492248)(0.147287, -0.0658915)(0.193798, 0.0581395)(0.127907, -0.27907)(0.104651, -0.321705)(0.0542636, -0.46124)(0.0155039, -0.496124)(-0.0503876, -0.488372)(-0.0852713, -0.422481)
descriptor[i][.]=(333, 248)(-0.0655738, -0.5)(0.0163934, -0.5)(-0.057377, 0.5)(0.0245902, 0.492188)
				 (333, 248)(-0.03125, -0.5)(0.0078125, -0.5)(-0.0273438, 0.5)(0.0117188, 0.492188)
				 (333, 248)(-0.03125, -0.5)(-0.0976563, -0.335938)(-0.183594, -0.171875)(-0.238281, 0.00390625)(-0.144531, 0.136719)(-0.199219, 0.320313)(-0.113281, 0.457031)(0.0195313, 0.476563)(0.0351563, 0.285156)(0.0664063, 0.0976563)(0.0703125, -0.09375)(0.171875, -0.0234375)(0.222656, -0.046875)(0.140625, -0.230469)(0.0429688, -0.371094)
				 (333, 248)(-0.144531, 0.0976563)(0.0703125, -0.128906)(0.0429688, -0.335938)(-0.0664063, -0.378906)(-0.167969, 0.289063)(0.105469, -0.136719)(-0.234375, 0.0390625)(-0.171875, 0.25)(-0.210938, 0.339844)(-0.136719, 0.457031)(-0.0273438, 0.5)(0.0117188, 0.492188)(0.078125, 0.0273438)(0.105469, -0.136719)(0.195313, 0.0390625)(0.132813, -0.277344)(0.109375, -0.316406)(0.0625, -0.394531)(0.0546875, -0.46875)(-0.03125, -0.5)(-0.0742188, -0.460938)(-0.132813, -0.316406)
descriptor[i][.]=(332, 248)(-0.0325203, -0.5)(0.0325203, -0.5)(-0.0650407, 0.5)(0.0243902, 0.492188)
				 (332, 248)(-0.015625, -0.5)(0.015625, -0.5)(-0.03125, 0.5)(0.0117188, 0.492188)
				 (332, 248)(-0.015625, -0.5)(-0.0898438, -0.339844)(-0.171875, -0.175781)(-0.238281, 0)(-0.144531, 0.105469)(-0.203125, 0.28125)(-0.0742188, 0.382813)(0.0195313, 0.476563)(0.0351563, 0.289063)(0.0703125, 0.105469)(0.078125, -0.078125)(0.15625, -0.0625)(0.242188, -0.0117188)(0.160156, -0.195313)(0.0625, -0.359375)
				 (332, 248)(-0.140625, 0.0859375)(-0.0742188, 0.382813)(0.0703125, -0.136719)(-0.0703125, -0.375)(0.109375, -0.140625)(-0.230469, 0.0351563)(-0.207031, 0.261719)(-0.183594, 0.347656)(-0.148438, 0.390625)(-0.046875, 0.488281)(0.0117188, 0.492188)(0.0820313, 0.0273438)(0.109375, -0.140625)(0.191406, 0.0390625)(0.242188, 0.0078125)(0.0585938, -0.46875)(0.0234375, -0.496094)(-0.015625, -0.5)(-0.132813, -0.308594)
descriptor[i][.]=(332, 248)(-0.0163934, -0.5)(0.0163934, -0.5)(-0.0327869, 0.5)(0, 0.496094)
				 (332, 248)(-0.0078125, -0.5)(0.0078125, -0.5)(-0.015625, 0.5)(0, 0.496094)
				 (332, 248)(-0.0078125, -0.5)(-0.0898438, -0.34375)(-0.179688, -0.167969)(-0.234375, 0.0234375)(-0.15625, 0.0351563)(-0.203125, 0.234375)(-0.0976563, 0.308594)(-0.0585938, 0.457031)(0.0273438, 0.394531)(0.0390625, 0.199219)(0.078125, -0.00390625)(0.125, -0.109375)(0.234375, 0.015625)(0.167969, -0.179688)(0.0546875, -0.332031)
				 (332, 248)(-0.144531, 0.0078125)(-0.0585938, 0.300781)(0.0742188, -0.132813)(0.046875, -0.34375)(-0.0664063, -0.375)(-0.140625, 0.0820313)(0.113281, -0.136719)(-0.210938, 0.0585938)(-0.140625, 0.0820313)(-0.203125, 0.230469)(-0.164063, 0.339844)(-0.0546875, 0.484375)(-0.015625, 0.5)(0.0820313, 0.0273438)(0.078125, -0.117188)(0.113281, -0.136719)(0.195313, 0.0351563)(0.234375, 0.015625)(0.113281, -0.316406)(0.0429688, -0.476563)(-0.0390625, -0.492188)(-0.0664063, -0.472656)(-0.078125, -0.421875)
descriptor[i][.]=(332, 248)(-0.0327869, -0.5)(0.0327869, -0.5)(-0.122951, 0.5)(0.0409836, 0.496094)
				 (332, 248)(-0.015625, -0.5)(0.015625, -0.5)(-0.0585938, 0.5)(0.0195313, 0.496094)
				 (332, 248)(-0.015625, -0.5)(-0.0976563, -0.335938)(-0.183594, -0.15625)(-0.234375, 0.0351563)(-0.140625, 0.0664063)(-0.1875, 0.253906)(-0.0546875, 0.296875)(-0.0664063, 0.496094)(0.0234375, 0.390625)(0.046875, 0.191406)(0.078125, -0.0078125)(0.128906, -0.113281)(0.238281, 0.0078125)(0.167969, -0.1875)(0.046875, -0.339844)
				 (332, 248)(-0.144531, 0.0117188)(-0.0585938, 0.28125)(0.078125, -0.132813)(0.0429688, -0.34375)(-0.0742188, -0.363281)(-0.140625, 0.078125)(0.117188, -0.140625)(-0.207031, 0.0625)(-0.140625, 0.078125)(-0.195313, 0.160156)(-0.167969, 0.308594)(-0.121094, 0.320313)(-0.0664063, 0.496094)(0.0195313, 0.496094)(0.117188, -0.140625)(0.207031, 0.0351563)(0.117188, -0.308594)(0.0351563, -0.480469)(-0.0546875, -0.488281)(-0.0820313, -0.417969)(-0.132813, -0.316406)(-0.230469, -0.0234375)
descriptor[i][.]=(332, 248)(-0.0325203, -0.5)(0.0243902, -0.5)(-0.121951, 0.5)(0.0487805, 0.5)
				 (332, 248)(-0.015625, -0.5)(0.0117188, -0.5)(-0.0585938, 0.5)(0.0234375, 0.5)
				 (332, 248)(-0.015625, -0.5)(-0.0976563, -0.332031)(-0.183594, -0.152344)(-0.230469, 0.0390625)(-0.140625, 0.0742188)(-0.175781, 0.257813)(-0.0585938, 0.304688)(-0.0625, 0.496094)(0.0273438, 0.390625)(0.0429688, 0.191406)(0.078125, -0.0078125)(0.125, -0.117188)(0.242188, 0.0117188)(0.167969, -0.175781)(0.0546875, -0.328125)
				 (332, 248)(-0.136719, 0.0234375)(-0.0585938, 0.277344)(0.078125, -0.136719)(0.0429688, -0.34375)(-0.0859375, -0.347656)(0.117188, -0.140625)(-0.207031, 0.0625)(-0.203125, 0.207031)(-0.164063, 0.304688)(-0.0664063, 0.496094)(0.0234375, 0.5)(0.117188, -0.140625)(0.21875, 0.0351563)(0.230469, -0.0703125)(0.121094, -0.304688)(0.0195313, -0.496094)(-0.0546875, -0.488281)(-0.0859375, -0.363281)(-0.128906, -0.316406)
descriptor[i][.]=(333, 248)(-0.0813008, -0.498039)(0.0162602, -0.498039)(-0.0650407, 0.501961)(0.0325203, 0.501961)
				 (333, 248)(-0.0392157, -0.498039)(0.00784314, -0.498039)(-0.0313725, 0.501961)(0.0156863, 0.501961)
				 (333, 248)(-0.0392157, -0.498039)(-0.113725, -0.321569)(-0.188235, -0.133333)(-0.215686, 0.054902)(-0.145098, 0.0941176)(-0.180392, 0.27451)(-0.054902, 0.317647)(-0.0392157, 0.498039)(0.027451, 0.360784)(0.0588235, 0.160784)(0.0823529, -0.0392157)(0.137255, -0.101961)(0.243137, -0.00392157)(0.164706, -0.192157)(0.0470588, -0.34902)
				 (333, 248)(-0.137255, 0.0470588)(-0.0588235, 0.286275)(0.0745098, -0.145098)(0.0509804, -0.337255)(-0.0980392, -0.341176)(-0.164706, -0.00784314)(0.109804, -0.152941)(-0.215686, 0.054902)(-0.141176, 0.0431373)(-0.168627, 0.313725)(-0.137255, 0.333333)(-0.0627451, 0.494118)(0.0156863, 0.501961)(0.109804, -0.152941)(0.211765, 0.0313725)(0.117647, -0.305882)(0.0509804, -0.337255)(0.0431373, -0.447059)(0.0156863, -0.494118)(-0.0392157, -0.498039)(-0.0980392, -0.352941)
descriptor[i][.]=(334, 248)(-0.0650407, -0.5)(0, -0.492188)(-0.130081, 0.5)(0.0162602, 0.492188)
				 (334, 248)(-0.03125, -0.5)(0, -0.492188)(-0.0625, 0.5)(0.0078125, 0.492188)
				 (334, 248)(-0.03125, -0.5)(-0.101563, -0.335938)(-0.1875, -0.15625)(-0.238281, 0.0351563)(-0.160156, 0.117188)(-0.175781, 0.300781)(-0.0625, 0.328125)(-0.0429688, 0.5)(0.0273438, 0.351563)(0.0546875, 0.152344)(0.0820313, -0.046875)(0.136719, -0.09375)(0.242188, 0.0117188)(0.164063, -0.179688)(0.046875, -0.332031)
				 (334, 248)(-0.136719, 0.0507813)(-0.0625, 0.296875)(0.0742188, -0.152344)(0.0390625, -0.335938)(-0.0820313, -0.371094)(0.105469, -0.152344)(-0.210938, 0.230469)(-0.164063, 0.34375)(-0.125, 0.347656)(-0.078125, 0.429688)(-0.0703125, 0.496094)(-0.0078125, 0.5)(0.105469, -0.152344)(0.207031, 0.0351563)(0.128906, -0.273438)(0.105469, -0.316406)(0.0429688, -0.378906)(0.0195313, -0.46875)(-0.0273438, -0.5)(-0.0664063, -0.484375)(-0.09375, -0.410156)(-0.222656, -0.046875)
descriptor[i][.]=(335, 248)(-0.0819672, -0.5)(0.00819672, -0.496094)(-0.0737705, 0.5)(0.00819672, 0.496094)
				 (335, 248)(-0.0390625, -0.5)(0.00390625, -0.496094)(-0.0351563, 0.5)(0.00390625, 0.496094)
				 (335, 248)(-0.0390625, -0.5)(-0.113281, -0.324219)(-0.191406, -0.144531)(-0.238281, 0.0351563)(-0.160156, 0.117188)(-0.179688, 0.304688)(-0.0742188, 0.382813)(0.0078125, 0.488281)(0.03125, 0.292969)(0.0625, 0.101563)(0.0664063, -0.09375)(0.15625, -0.0664063)(0.238281, -0.015625)(0.152344, -0.207031)(0.0351563, -0.351563)
				 (335, 248)(-0.140625, 0.0546875)(-0.0703125, 0.332031)(0.0703125, -0.15625)(0.0390625, -0.335938)(-0.0976563, -0.34375)(0.105469, -0.152344)(-0.203125, 0.242188)(-0.167969, 0.34375)(-0.0742188, 0.492188)(-0.00390625, 0.5)(0.078125, -0.0625)(0.105469, -0.152344)(0.210938, 0.0429688)(0.125, -0.277344)(0.101563, -0.316406)(0.046875, -0.375)(0.00390625, -0.496094)(-0.078125, -0.472656)(-0.0976563, -0.355469)
descriptor[i][.]=(335, 248)(-0.0743802, -0.5)(0, -0.5)(-0.0743802, 0.5)(0.0247934, 0.496094)
				 (335, 248)(-0.0351563, -0.5)(0, -0.5)(-0.0351563, 0.5)(0.0117188, 0.496094)
				 (335, 248)(-0.0351563, -0.5)(-0.109375, -0.332031)(-0.1875, -0.152344)(-0.234375, 0.03125)(-0.152344, 0.113281)(-0.175781, 0.304688)(-0.0742188, 0.40625)(0.00390625, 0.472656)(0.0273438, 0.277344)(0.0664063, 0.0859375)(0.0703125, -0.109375)(0.164063, -0.0507813)(0.234375, -0.03125)(0.148438, -0.214844)(0.0351563, -0.351563)
				 (335, 248)(-0.140625, 0.046875)(-0.0703125, 0.359375)(0.0664063, -0.148438)(0.0390625, -0.332031)(-0.0898438, -0.367188)(0.105469, -0.152344)(-0.226563, 0.0429688)(-0.199219, 0.222656)(-0.164063, 0.347656)(-0.0742188, 0.398438)(-0.0664063, 0.488281)(0.0117188, 0.496094)(0.105469, -0.152344)(0.199219, 0.0390625)(0.125, -0.277344)(0.101563, -0.320313)(0.046875, -0.414063)(0.0078125, -0.496094)(-0.0546875, -0.496094)(-0.0898438, -0.367188)
descriptor[i][.]=(333, 248)(-0.0650407, -0.5)(0.0243902, -0.5)(-0.0731707, 0.5)(0.0243902, 0.492188)
				 (333, 248)(-0.03125, -0.5)(0.0117188, -0.5)(-0.0351563, 0.5)(0.0117188, 0.492188)
				 (333, 248)(-0.03125, -0.5)(-0.0976563, -0.335938)(-0.171875, -0.160156)(-0.234375, 0.0234375)(-0.128906, 0.0625)(-0.183594, 0.25)(-0.0703125, 0.390625)(0.0078125, 0.46875)(0.0390625, 0.277344)(0.0742188, 0.0898438)(0.078125, -0.101563)(0.167969, -0.046875)(0.234375, -0.0273438)(0.160156, -0.214844)(0.0390625, -0.359375)
				 (333, 248)(-0.128906, 0.0585938)(-0.078125, 0.371094)(0.0820313, -0.152344)(0.0429688, -0.351563)(-0.09375, -0.34375)(-0.164063, -0.0078125)(0.117188, -0.148438)(-0.132813, 0.0546875)(-0.183594, 0.238281)(-0.152344, 0.339844)(-0.125, 0.363281)(-0.078125, 0.371094)(-0.0625, 0.476563)(-0.00390625, 0.5)(0.117188, -0.148438)(0.203125, 0.0351563)(0.226563, -0.0703125)(0.109375, -0.320313)(0.0507813, -0.414063)(0.0195313, -0.496094)(-0.0546875, -0.492188)(-0.09375, -0.363281)
descriptor[i][.]=(334, 247)(-0.0569106, -0.498039)(0.0162602, -0.498039)(-0.0569106, 0.501961)(0.00813008, 0.498039)
				 (334, 247)(-0.027451, -0.498039)(0.00784314, -0.498039)(-0.027451, 0.501961)(0.00392157, 0.498039)
				 (334, 247)(-0.027451, -0.498039)(-0.105882, -0.333333)(-0.180392, -0.152941)(-0.239216, 0.027451)(-0.133333, 0.0627451)(-0.180392, 0.254902)(-0.0784314, 0.392157)(0.0156863, 0.478431)(0.0352941, 0.286275)(0.0705882, 0.0901961)(0.0745098, -0.105882)(0.172549, -0.0352941)(0.231373, -0.0313725)(0.156863, -0.211765)(0.0352941, -0.352941)
				 (334, 247)(-0.141176, 0.027451)(-0.0823529, 0.372549)(0.0784314, -0.14902)(0.0352941, -0.337255)(-0.0901961, -0.34902)(0.109804, -0.14902)(-0.219608, 0.0509804)(-0.180392, 0.25098)(-0.141176, 0.360784)(-0.0823529, 0.372549)(-0.0666667, 0.494118)(-0.00784314, 0.501961)(0.109804, -0.14902)(0.196078, 0.0431373)(0.101961, -0.321569)(0.0156863, -0.494118)(-0.0627451, -0.486275)
descriptor[i][.]=(333, 248)(-0.032, -0.5)(0.024, -0.5)(-0.056, 0.5)(0.016, 0.492188)
				 (333, 248)(-0.015625, -0.5)(0.0117188, -0.5)(-0.0273438, 0.5)(0.0078125, 0.492188)
				 (333, 248)(-0.015625, -0.5)(-0.0976563, -0.339844)(-0.179688, -0.160156)(-0.238281, 0.0351563)(-0.136719, 0.0195313)(-0.15625, 0.214844)(-0.078125, 0.367188)(0, 0.492188)(0.0390625, 0.304688)(0.0703125, 0.109375)(0.0820313, -0.0859375)(0.167969, -0.0507813)(0.238281, -0.0117188)(0.164063, -0.203125)(0.0390625, -0.34375)
				 (333, 248)(-0.132813, -0.0195313)(-0.0664063, 0.371094)(0.0820313, -0.148438)(0.0390625, -0.34375)(-0.0703125, -0.375)(0.113281, -0.148438)(-0.210938, 0.0507813)(-0.132813, -0.0195313)(-0.164063, 0.257813)(-0.128906, 0.363281)(-0.0625, 0.492188)(-0.0273438, 0.5)(0.015625, 0.488281)(0.113281, -0.148438)(0.203125, 0.0429688)(0.109375, -0.320313)(0.0195313, -0.496094)(-0.0546875, -0.488281)(-0.0742188, -0.445313)(-0.140625, -0.296875)
descriptor[i][.]=(333, 250)(-0.048, -0.5)(0.024, -0.5)(-0.184, 0.5)(0.024, 0.5)
				 (333, 250)(-0.0230769, -0.5)(0.0115385, -0.5)(-0.0884615, 0.5)(0.0115385, 0.5)
				 (333, 250)(-0.0230769, -0.5)(-0.103846, -0.334615)(-0.184615, -0.15)(-0.219231, 0.0307692)(-0.134615, 0.0269231)(-0.153846, 0.223077)(-0.05, 0.365385)(-0.05, 0.496154)(0.0269231, 0.365385)(0.0538462, 0.161538)(0.0846154, -0.0384615)(0.142308, -0.0923077)(0.238462, -0.00384615)(0.165385, -0.192308)(0.0461538, -0.342308)
				 (333, 250)(-0.130769, -0.0346154)(0.0769231, -0.142308)(0.0423077, -0.346154)(-0.0653846, -0.376923)(-0.05, 0.365385)(0.111538, -0.15)(-0.234615, 0.0269231)(-0.203846, 0.0384615)(-0.130769, -0.0346154)(-0.161538, 0.25)(-0.123077, 0.35)(-0.1, 0.469231)(-0.0961538, 0.496154)(0.0115385, 0.5)(0.111538, -0.15)(0.207692, 0.0384615)(0.223077, -0.0769231)(0.107692, -0.323077)(0.0461538, -0.473077)(0.0192308, -0.496154)(-0.0346154, -0.496154)(-0.130769, -0.315385)
descriptor[i][.]=(332, 250)(-0.0403226, -0.5)(0.0322581, -0.5)(-0.153226, 0.5)(0.0483871, 0.484615)
				 (332, 250)(-0.0192308, -0.5)(0.0153846, -0.5)(-0.0730769, 0.5)(0.0230769, 0.484615)
				 (332, 250)(-0.0192308, -0.5)(-0.103846, -0.326923)(-0.184615, -0.15)(-0.215385, 0.0307692)(-0.126923, 0.0269231)(-0.142308, 0.223077)(-0.0576923, 0.373077)(-0.0230769, 0.488462)(0.0346154, 0.342308)(0.0615385, 0.146154)(0.0884615, -0.05)(0.146154, -0.0846154)(0.238462, 0)(0.169231, -0.188462)(0.0538462, -0.342308)
				 (332, 250)(-0.130769, -0.0307692)(0.0807692, -0.142308)(0.05, -0.35)(-0.0769231, -0.35)(-0.0576923, 0.373077)(0.115385, -0.15)(-0.2, 0.0423077)(-0.130769, -0.0307692)(-0.153846, 0.25)(-0.119231, 0.357692)(-0.0807692, 0.484615)(0.0230769, 0.484615)(0.0846154, -0.126923)(0.115385, -0.15)(0.2, 0.0346154)(0.226923, -0.0730769)(0.111538, -0.323077)(0.0346154, -0.488462)(-0.0423077, -0.488462)(-0.0769231, -0.357692)
descriptor[i][.]=(332, 249)(-0.0487805, -0.490421)(0.0243902, -0.498084)(-0.154472, 0.501916)(0.0325203, 0.475096)
				 (332, 249)(-0.0229885, -0.490421)(0.0114943, -0.498084)(-0.0727969, 0.501916)(0.0153257, 0.475096)
				 (332, 249)(0.00766284, -0.498084)(-0.0766284, -0.340996)(-0.172414, -0.172414)(-0.229885, 0.0191571)(-0.130268, -0.00383142)(-0.126437, 0.187739)(-0.091954, 0.363985)(-0.0613027, 0.501916)(0.0344828, 0.367816)(0.0536398, 0.172414)(0.0842912, -0.0191571)(0.1341, -0.0996169)(0.237548, 0.0191571)(0.172414, -0.172414)(0.0727969, -0.329502)
				 (332, 249)(-0.126437, -0.0306513)(0.0842912, -0.141762)(0.0574713, -0.340996)(-0.0689655, -0.35249)(-0.114943, 0.0842912)(-0.0421456, 0.43295)(0.114943, -0.141762)(-0.203065, 0.0421456)(-0.126437, -0.0306513)(-0.1341, 0.0229885)(-0.141762, 0.233716)(-0.045977, 0.429119)(-0.0804598, 0.482759)(-0.0229885, 0.501916)(0.114943, -0.141762)(0.195402, 0.0344828)(0.226054, -0.0536398)(0.111111, -0.318008)(0.045977, -0.475096)(-0.0421456, -0.482759)(-0.0689655, -0.429119)(-0.122605, -0.314176)
descriptor[i][.]=(332, 250)(-0.0406504, -0.5)(0.0325203, -0.5)(-0.0894309, 0.5)(0.0325203, 0.480769)
				 (332, 250)(-0.0192308, -0.5)(0.0153846, -0.5)(-0.0423077, 0.5)(0.0153846, 0.480769)
				 (332, 250)(-0.0192308, -0.5)(-0.103846, -0.326923)(-0.184615, -0.15)(-0.215385, 0.0307692)(-0.130769, 0.0192308)(-0.130769, 0.215385)(-0.0730769, 0.376923)(0.00384615, 0.484615)(0.0423077, 0.307692)(0.0692308, 0.119231)(0.0884615, -0.0769231)(0.161538, -0.0538462)(0.238462, -0.0153846)(0.161538, -0.207692)(0.0461538, -0.361538)
				 (332, 250)(-0.126923, -0.0423077)(-0.05, 0.407692)(0.0807692, -0.138462)(0.05, -0.346154)(-0.0730769, -0.373077)(0.115385, -0.146154)(-0.223077, 0.0307692)(-0.146154, 0.25)(-0.111538, 0.361538)(-0.0653846, 0.476923)(-0.0423077, 0.5)(0.0153846, 0.480769)(0.115385, -0.146154)(0.2, 0.0461538)(0.107692, -0.323077)(0.0653846, -0.403846)(-0.0192308, -0.5)(-0.0730769, -0.380769)
descriptor[i][.]=(331, 247)(-0.008, -0.498054)(0.024, -0.498054)(-0.048, 0.501946)(0.048, 0.501946)
				 (331, 247)(-0.00389105, -0.498054)(0.0116732, -0.498054)(-0.0233463, 0.501946)(0.0233463, 0.501946)
				 (331, 247)(-0.00389105, -0.498054)(-0.0856031, -0.33463)(-0.171206, -0.163424)(-0.237354, 0.0233463)(-0.132296, 0.00389105)(-0.132296, 0.194553)(-0.0933852, 0.385214)(0.0116732, 0.501946)(0.0428016, 0.322957)(0.07393, 0.128405)(0.0894942, -0.0622568)(0.163424, -0.0466926)(0.245136, 0)(0.167315, -0.194553)(0.0544747, -0.350195)
				 (331, 247)(-0.124514, -0.0311284)(-0.0505837, 0.404669)(0.0856031, -0.124514)(0.0544747, -0.350195)(-0.0700389, -0.342412)(0.124514, -0.128405)(-0.225681, 0.0389105)(-0.140078, 0.264591)(-0.136187, 0.299611)(-0.11284, 0.365759)(0.0233463, 0.501946)(0.0933852, -0.0350195)(0.124514, -0.128405)(0.202335, 0.0544747)(0.124514, -0.303502)(0.07393, -0.392996)(0.0116732, -0.498054)(-0.0700389, -0.342412)
descriptor[i][.]=(332, 248)(-0.0403226, -0.5)(0.0403226, -0.5)(-0.112903, 0.5)(0.0322581, 0.5)
				 (332, 248)(-0.0195313, -0.5)(0.0195313, -0.5)(-0.0546875, 0.5)(0.015625, 0.5)
				 (332, 248)(-0.0195313, -0.5)(-0.09375, -0.332031)(-0.183594, -0.15625)(-0.214844, 0.0234375)(-0.132813, 0.0351563)(-0.125, 0.226563)(-0.0703125, 0.398438)(0.0234375, 0.488281)(0.0429688, 0.296875)(0.078125, 0.101563)(0.078125, -0.09375)(0.171875, -0.0273438)(0.230469, -0.0273438)(0.160156, -0.210938)(0.0507813, -0.355469)
				 (332, 248)(-0.128906, -0.0351563)(-0.0585938, 0.410156)(0.078125, -0.132813)(0.046875, -0.34375)(-0.0625, -0.375)(0.117188, -0.140625)(-0.144531, 0.261719)(-0.125, 0.355469)(-0.105469, 0.382813)(-0.0625, 0.496094)(0.015625, 0.5)(0.117188, -0.140625)(0.203125, 0.0546875)(0.242188, 0.0117188)(0.109375, -0.324219)(0.0664063, -0.386719)(0.0625, -0.464844)(0.0351563, -0.492188)(-0.0195313, -0.5)(-0.234375, -0.0585938)
descriptor[i][.]=(331, 247)(-0.0325203, -0.494163)(0.0487805, -0.498054)(-0.0243902, 0.501946)(0.0406504, 0.501946)
				 (331, 247)(-0.0155642, -0.494163)(0.0233463, -0.498054)(-0.0116732, 0.501946)(0.0194553, 0.501946)
				 (331, 247)(0, -0.498054)(-0.077821, -0.338521)(-0.171206, -0.167315)(-0.237354, 0.0194553)(-0.128405, -0.0077821)(-0.128405, 0.182879)(-0.11284, 0.377432)(0.0116732, 0.498054)(0.0466926, 0.319066)(0.07393, 0.124514)(0.0894942, -0.0700389)(0.159533, -0.0505837)(0.241245, -0.00389105)(0.163424, -0.198444)(0.0505837, -0.354086)
				 (331, 247)(-0.124514, -0.0389105)(0.0817121, -0.132296)(0.0505837, -0.350195)(-0.0622568, -0.354086)(0.116732, -0.140078)(-0.22179, 0.0350195)(-0.143969, 0.264591)(-0.120623, 0.365759)(-0.0505837, 0.486381)(0.0194553, 0.501946)(0.0856031, -0.120623)(0.202335, 0.0544747)(0.124514, -0.303502)(0.07393, -0.389105)(0.0661479, -0.463035)(0.0311284, -0.494163)(0, -0.498054)(-0.0583658, -0.447471)(-0.140078, -0.276265)
descriptor[i][.]=(330, 248)(-0.0241935, -0.5)(0.0483871, -0.5)(-0.016129, 0.5)(0.0967742, 0.5)
				 (330, 248)(-0.0117188, -0.5)(0.0234375, -0.5)(-0.0078125, 0.5)(0.046875, 0.5)
				 (330, 248)(-0.0117188, -0.5)(-0.0859375, -0.332031)(-0.183594, -0.15625)(-0.234375, 0.0234375)(-0.132813, 0)(-0.132813, 0.191406)(-0.113281, 0.382813)(-0.015625, 0.496094)(0.0390625, 0.386719)(0.0546875, 0.195313)(0.0898438, 0)(0.15625, -0.0664063)(0.238281, -0.0117188)(0.167969, -0.195313)(0.0664063, -0.351563)
				 (330, 248)(-0.125, -0.0351563)(-0.0585938, 0.398438)(0.0859375, -0.105469)(0.0664063, -0.339844)(-0.0546875, -0.382813)(0.136719, -0.0976563)(-0.230469, 0.0351563)(-0.113281, 0.386719)(-0.0585938, 0.398438)(-0.0546875, 0.492188)(0.046875, 0.5)(0.136719, -0.0976563)(0.203125, 0.0390625)(0.144531, -0.277344)(0.121094, -0.320313)(0.0546875, -0.480469)(0.03125, -0.496094)(-0.0117188, -0.5)(-0.0585938, -0.398438)(-0.121094, -0.3125)
descriptor[i][.]=(329, 248)(-0.008, -0.5)(0.056, -0.5)(-0.024, 0.496094)(0.072, 0.5)
				 (329, 248)(-0.00390625, -0.5)(0.0273438, -0.5)(-0.0117188, 0.496094)(0.0351563, 0.5)
				 (329, 248)(-0.00390625, -0.5)(-0.0859375, -0.335938)(-0.179688, -0.160156)(-0.234375, 0.0195313)(-0.125, -0.015625)(-0.125, 0.175781)(-0.117188, 0.363281)(-0.0195313, 0.492188)(0.0429688, 0.363281)(0.0703125, 0.171875)(0.0976563, -0.0195313)(0.167969, -0.0507813)(0.242188, -0.0234375)(0.171875, -0.203125)(0.0625, -0.351563)
				 (329, 248)(-0.121094, -0.0351563)(-0.0585938, 0.402344)(0.0898438, -0.105469)(0.0625, -0.34375)(-0.0585938, -0.355469)(-0.109375, 0.101563)(0.140625, -0.0976563)(-0.226563, 0.0390625)(-0.128906, -0.0078125)(-0.109375, 0.101563)(-0.148438, 0.261719)(-0.113281, 0.386719)(-0.0585938, 0.402344)(-0.046875, 0.488281)(0.0234375, 0.5)(0.140625, -0.0976563)(0.210938, 0.046875)(0.246094, -0.0078125)(0.148438, -0.277344)(0.125, -0.316406)(0.0546875, -0.480469)(-0.00390625, -0.5)(-0.0625, -0.421875)(-0.109375, -0.320313)
descriptor[i][.]=(329, 247)(-0.024, -0.494118)(0.056, -0.498039)(-0.08, 0.498039)(0.016, 0.501961)
				 (329, 247)(-0.0117647, -0.494118)(0.027451, -0.498039)(-0.0392157, 0.498039)(0.00784314, 0.501961)
				 (329, 247)(0, -0.498039)(-0.0823529, -0.337255)(-0.180392, -0.160784)(-0.235294, 0.0235294)(-0.117647, -0.027451)(-0.12549, 0.164706)(-0.121569, 0.360784)(-0.0313725, 0.498039)(0.0470588, 0.360784)(0.0745098, 0.168627)(0.0980392, -0.027451)(0.168627, -0.0470588)(0.247059, 0.00392157)(0.176471, -0.184314)(0.0745098, -0.341176)
				 (329, 247)(-0.121569, -0.0470588)(-0.0588235, 0.4)(0.0901961, -0.109804)(0.0745098, -0.337255)(-0.0588235, -0.372549)(0.12549, -0.117647)(-0.223529, 0.0431373)(-0.145098, 0.266667)(-0.109804, 0.392157)(-0.0588235, 0.4)(-0.0470588, 0.494118)(0, 0.501961)(0.101961, -0.0588235)(0.12549, -0.117647)(0.207843, 0.0588235)(0.247059, 0.0156863)(0.14902, -0.27451)(0.12549, -0.317647)(0.0352941, -0.494118)(0, -0.498039)(-0.0588235, -0.372549)
descriptor[i][.]=(329, 248)(-0.04, -0.496094)(0.064, -0.5)(-0.032, 0.5)(0.072, 0.5)
				 (329, 248)(-0.0195313, -0.496094)(0.03125, -0.5)(-0.015625, 0.5)(0.0351563, 0.5)
				 (329, 248)(0.0117188, -0.5)(-0.0703125, -0.359375)(-0.164063, -0.191406)(-0.242188, 0)(-0.121094, -0.0390625)(-0.128906, 0.15625)(-0.128906, 0.339844)(-0.046875, 0.488281)(0.0429688, 0.390625)(0.0585938, 0.195313)(0.09375, 0)(0.148438, -0.0820313)(0.242188, 0.0195313)(0.183594, -0.167969)(0.0898438, -0.332031)
				 (329, 248)(-0.121094, -0.046875)(-0.0585938, 0.398438)(0.0898438, -0.113281)(0.0742188, -0.347656)(-0.0546875, -0.375)(-0.109375, 0.0898438)(0.132813, -0.113281)(-0.222656, 0.0351563)(-0.128906, -0.0078125)(-0.109375, 0.0898438)(-0.152344, 0.261719)(-0.113281, 0.390625)(-0.0585938, 0.398438)(-0.046875, 0.488281)(0.0351563, 0.5)(0.132813, -0.113281)(0.207031, 0.0507813)(0.132813, -0.308594)(0.078125, -0.394531)(0.0664063, -0.460938)(0.0390625, -0.496094)(-0.0195313, -0.496094)(-0.0664063, -0.402344)
descriptor[i][.]=(329, 248)(-0.008, -0.5)(0.024, -0.5)(-0.088, 0.5)(0.072, 0.5)
				 (329, 248)(-0.00390625, -0.5)(0.0117188, -0.5)(-0.0429688, 0.5)(0.0351563, 0.5)
				 (329, 248)(-0.00390625, -0.5)(-0.0820313, -0.339844)(-0.179688, -0.164063)(-0.230469, 0.03125)(-0.121094, -0.0234375)(-0.128906, 0.160156)(-0.125, 0.351563)(-0.046875, 0.496094)(0.0390625, 0.386719)(0.0625, 0.191406)(0.09375, -0.00390625)(0.152344, -0.078125)(0.246094, 0.0078125)(0.175781, -0.183594)(0.0703125, -0.34375)
				 (329, 248)(-0.121094, -0.0546875)(-0.0585938, 0.394531)(0.0898438, -0.117188)(0.0664063, -0.351563)(-0.0742188, -0.347656)(-0.109375, 0.0859375)(0.125, -0.125)(-0.222656, 0.0351563)(-0.132813, -0.0078125)(-0.109375, 0.0859375)(-0.113281, 0.386719)(-0.0585938, 0.394531)(-0.0507813, 0.496094)(0.0351563, 0.5)(0.125, -0.125)(0.207031, 0.0429688)(0.246094, -0.0195313)(0.148438, -0.277344)(0.125, -0.316406)(0.0664063, -0.351563)(0.0117188, -0.5)(-0.0742188, -0.363281)
descriptor[i][.]=(330, 248)(-0.0238095, -0.5)(0.0396825, -0.5)(-0.015873, 0.5)(0.047619, 0.5)
				 (330, 248)(-0.0117188, -0.5)(0.0195313, -0.5)(-0.0078125, 0.5)(0.0234375, 0.5)
				 (330, 248)(-0.0117188, -0.5)(-0.0898438, -0.332031)(-0.183594, -0.148438)(-0.234375, 0.0390625)(-0.121094, -0.0507813)(-0.136719, 0.148438)(-0.140625, 0.34375)(-0.0351563, 0.488281)(0.0429688, 0.371094)(0.0625, 0.175781)(0.0898438, -0.0234375)(0.15625, -0.0664063)(0.246094, -0.00390625)(0.167969, -0.199219)(0.0546875, -0.351563)
				 (330, 248)(-0.121094, -0.0625)(-0.0585938, 0.390625)(0.0859375, -0.117188)(0.0546875, -0.34375)(-0.0585938, -0.375)(-0.15625, -0.0703125)(0.132813, -0.113281)(-0.226563, 0.0429688)(-0.15625, -0.0664063)(-0.121094, -0.0625)(-0.117188, 0.378906)(-0.0585938, 0.429688)(-0.0390625, 0.488281)(0.0234375, 0.5)(0.0976563, -0.0625)(0.132813, -0.113281)(0.199219, 0.0390625)(0.121094, -0.316406)(0.0742188, -0.390625)(0.0664063, -0.464844)(0.0273438, -0.496094)(-0.0234375, -0.496094)
descriptor[i][.]=(330, 248)(-0.0396825, -0.496094)(0.0396825, -0.5)(-0.0873016, 0.496094)(0.0873016, 0.5)
				 (330, 248)(-0.0195313, -0.496094)(0.0195313, -0.5)(-0.0429688, 0.496094)(0.0429688, 0.5)
				 (330, 248)(0.00390625, -0.5)(-0.0742188, -0.347656)(-0.179688, -0.167969)(-0.238281, 0.03125)(-0.125, -0.0390625)(-0.125, 0.15625)(-0.125, 0.351563)(-0.0351563, 0.492188)(0.0390625, 0.382813)(0.0585938, 0.179688)(0.09375, -0.0195313)(0.148438, -0.0820313)(0.242188, 0.015625)(0.175781, -0.179688)(0.0585938, -0.328125)
				 (330, 248)(-0.121094, -0.0625)(-0.0585938, 0.402344)(0.0859375, -0.128906)(0.0507813, -0.339844)(-0.15625, -0.0703125)(0.121094, -0.136719)(-0.222656, 0.0429688)(-0.167969, -0.0390625)(-0.15625, -0.0664063)(-0.121094, -0.0625)(-0.113281, 0.378906)(-0.0742188, 0.445313)(-0.0507813, 0.492188)(0.0429688, 0.5)(0.121094, -0.136719)(0.195313, 0.0390625)(0.246094, 0.0117188)(0.128906, -0.304688)(0.0625, -0.464844)(0.0195313, -0.5)(-0.0195313, -0.496094)
descriptor[i][.]=(330, 248)(-0.008, -0.5)(0.04, -0.5)(-0.072, 0.5)(0.048, 0.492188)
				 (330, 248)(-0.00390625, -0.5)(0.0195313, -0.5)(-0.0351563, 0.5)(0.0234375, 0.492188)
				 (330, 248)(-0.00390625, -0.5)(-0.0898438, -0.335938)(-0.183594, -0.160156)(-0.242188, 0.03125)(-0.125, -0.046875)(-0.132813, 0.148438)(-0.132813, 0.332031)(-0.0507813, 0.492188)(0.0390625, 0.375)(0.0625, 0.175781)(0.0898438, -0.0195313)(0.164063, -0.0585938)(0.242188, -0.0117188)(0.167969, -0.203125)(0.0507813, -0.34375)
				 (330, 248)(-0.121094, -0.0625)(-0.0742188, 0.402344)(0.0859375, -0.113281)(0.0507813, -0.339844)(-0.0625, -0.375)(-0.15625, -0.0703125)(0.136719, -0.105469)(-0.226563, 0.0429688)(-0.15625, -0.0664063)(-0.121094, -0.0625)(-0.121094, 0.390625)(-0.0742188, 0.402344)(-0.0507813, 0.492188)(0.0234375, 0.492188)(0.0976563, -0.0625)(0.136719, -0.105469)(0.195313, 0.0390625)(0.246094, 0.0117188)(0.128906, -0.304688)(0.0703125, -0.449219)(0.0273438, -0.496094)(-0.00390625, -0.5)(-0.0703125, -0.414063)(-0.0625, -0.375)
descriptor[i][.]=(330, 248)(-0.00793651, -0.5)(0.015873, -0.5)(-0.103175, 0.5)(0.0396825, 0.5)
				 (330, 248)(-0.00390625, -0.5)(0.0078125, -0.5)(-0.0507813, 0.5)(0.0195313, 0.5)
				 (330, 248)(-0.00390625, -0.5)(-0.078125, -0.339844)(-0.183594, -0.164063)(-0.242188, 0.0234375)(-0.121094, -0.0507813)(-0.132813, 0.144531)(-0.132813, 0.332031)(-0.0585938, 0.484375)(0.0351563, 0.390625)(0.0546875, 0.199219)(0.0898438, 0)(0.144531, -0.0859375)(0.246094, 0.0117188)(0.171875, -0.183594)(0.0625, -0.328125)
				 (330, 248)(-0.121094, -0.0625)(-0.0585938, 0.394531)(0.0859375, -0.117188)(0.0546875, -0.339844)(-0.15625, -0.0703125)(-0.113281, 0.0976563)(0.132813, -0.113281)(-0.226563, 0.0429688)(-0.15625, -0.0664063)(-0.132813, -0.0078125)(-0.113281, 0.0976563)(-0.109375, 0.386719)(-0.0585938, 0.496094)(0.0195313, 0.5)(0.132813, -0.113281)(0.195313, 0.0390625)(0.246094, 0.0117188)(0.121094, -0.316406)(0.0703125, -0.445313)(0.03125, -0.492188)(-0.0273438, -0.492188)(-0.0585938, -0.46875)
descriptor[i][.]=(330, 248)(-0.0238095, -0.498039)(0.047619, -0.498039)(-0.0555556, 0.501961)(0.031746, 0.498039)
				 (330, 248)(-0.0117647, -0.498039)(0.0235294, -0.498039)(-0.027451, 0.501961)(0.0156863, 0.498039)
				 (330, 248)(-0.0117647, -0.498039)(-0.0823529, -0.329412)(-0.180392, -0.156863)(-0.243137, 0.0352941)(-0.121569, -0.0392157)(-0.129412, 0.156863)(-0.137255, 0.34902)(-0.0352941, 0.498039)(0.054902, 0.360784)(0.0666667, 0.168627)(0.0941176, -0.0313725)(0.152941, -0.0705882)(0.247059, 0)(0.172549, -0.188235)(0.054902, -0.337255)
				 (330, 248)(-0.121569, -0.0588235)(-0.0784314, 0.396078)(0.0862745, -0.12549)(0.0509804, -0.345098)(-0.156863, -0.0666667)(0.121569, -0.133333)(-0.231373, 0.0431373)(-0.156863, -0.0627451)(-0.137255, 0.356863)(-0.105882, 0.384314)(-0.0784314, 0.396078)(-0.054902, 0.494118)(-0.027451, 0.501961)(0.0156863, 0.498039)(0.121569, -0.133333)(0.203922, 0.0470588)(0.247059, 0.0117647)(0.145098, -0.278431)(0.121569, -0.317647)(0.0666667, -0.4)(0.0313725, -0.494118)
descriptor[i][.]=(330, 248)(-0.015873, -0.498039)(0.0555556, -0.498039)(-0.031746, 0.501961)(0.031746, 0.501961)
				 (330, 248)(-0.00784314, -0.498039)(0.027451, -0.498039)(-0.0156863, 0.501961)(0.0156863, 0.501961)
				 (330, 248)(-0.00784314, -0.498039)(-0.0901961, -0.329412)(-0.180392, -0.14902)(-0.235294, 0.0392157)(-0.121569, -0.0352941)(-0.129412, 0.160784)(-0.133333, 0.345098)(-0.0392157, 0.494118)(0.0392157, 0.364706)(0.0705882, 0.164706)(0.0941176, -0.0352941)(0.152941, -0.0745098)(0.247059, 0)(0.168627, -0.196078)(0.0588235, -0.34902)
				 (330, 248)(-0.121569, -0.054902)(-0.0588235, 0.4)(0.0862745, -0.129412)(0.0588235, -0.341176)(-0.054902, -0.376471)(-0.156863, -0.0627451)(-0.109804, 0.0901961)(0.12549, -0.133333)(-0.243137, 0.0313725)(-0.156863, -0.0588235)(-0.109804, 0.0901961)(-0.160784, 0.266667)(-0.133333, 0.345098)(-0.105882, 0.392157)(-0.0509804, 0.494118)(0.0156863, 0.501961)(0.12549, -0.133333)(0.2, 0.0392157)(0.247059, 0.0117647)(0.145098, -0.278431)(0.121569, -0.317647)(0.0588235, -0.341176)(0.0745098, -0.407843)(0.0705882, -0.45098)(0.0352941, -0.494118)(-0.0588235, -0.388235)
descriptor[i][.]=(330, 248)(-0.015873, -0.496094)(0.047619, -0.5)(-0.0396825, 0.5)(0, 0.496094)
				 (330, 248)(-0.0078125, -0.496094)(0.0234375, -0.5)(-0.0195313, 0.5)(0, 0.496094)
				 (330, 248)(0.0117188, -0.5)(-0.0742188, -0.359375)(-0.164063, -0.191406)(-0.242188, -0.015625)(-0.144531, -0.0507813)(-0.121094, 0.128906)(-0.132813, 0.308594)(-0.0507813, 0.46875)(0.0390625, 0.386719)(0.0585938, 0.195313)(0.09375, 0)(0.144531, -0.0859375)(0.246094, 0.0195313)(0.175781, -0.171875)(0.0742188, -0.332031)
				 (330, 248)(-0.121094, -0.0273438)(-0.0585938, 0.394531)(0.0859375, -0.113281)(0.0664063, -0.34375)(-0.160156, -0.046875)(-0.109375, 0.0898438)(0.136719, -0.105469)(-0.222656, 0.046875)(-0.132813, -0.0078125)(-0.109375, 0.0898438)(-0.152344, 0.261719)(-0.101563, 0.386719)(-0.0585938, 0.394531)(-0.0546875, 0.488281)(-0.0195313, 0.5)(0.136719, -0.105469)(0.199219, 0.0390625)(0.144531, -0.277344)(0.121094, -0.316406)(0.0742188, -0.386719)(0.03125, -0.496094)(-0.0234375, -0.492188)
descriptor[i][.]=(330, 251)(-0.015873, -0.496183)(0.0396825, -0.5)(-0.0873016, 0.5)(0.0634921, 0.477099)
				 (330, 251)(-0.00763359, -0.496183)(0.019084, -0.5)(-0.0419847, 0.5)(0.0305344, 0.477099)
				 (330, 251)(0.00763359, -0.5)(-0.0801527, -0.339695)(-0.171756, -0.164122)(-0.236641, 0.019084)(-0.118321, -0.0496183)(-0.122137, 0.145038)(-0.114504, 0.335878)(-0.0496183, 0.496183)(0.0343511, 0.381679)(0.0496183, 0.187023)(0.0916031, -0.0114504)(0.141221, -0.0877863)(0.240458, -0.00381679)(0.167939, -0.194656)(0.0572519, -0.335878)
				 (330, 251)(-0.118321, -0.0648855)(-0.0534351, 0.381679)(0.0839695, -0.122137)(0.0534351, -0.339695)(-0.0534351, -0.377863)(-0.152672, -0.0725191)(0.133588, -0.114504)(-0.21374, 0.0343511)(-0.152672, -0.0687023)(-0.141221, 0.244275)(-0.10687, 0.358779)(-0.0496183, 0.496183)(0.0305344, 0.477099)(0.133588, -0.114504)(0.194656, 0.0267176)(0.240458, 0)(0.141221, -0.282443)(0.118321, -0.320611)(0.0725191, -0.389313)(0.019084, -0.5)(-0.0572519, -0.389313)(-0.125954, -0.301527)
descriptor[i][.]=(330, 248)(-0.032, -0.498039)(0.056, -0.498039)(-0.032, 0.501961)(0.04, 0.490196)
				 (330, 248)(-0.0156863, -0.498039)(0.027451, -0.498039)(-0.0156863, 0.501961)(0.0196078, 0.490196)
				 (330, 248)(-0.0156863, -0.498039)(-0.0862745, -0.329412)(-0.180392, -0.152941)(-0.235294, 0.0392157)(-0.12549, -0.0352941)(-0.12549, 0.164706)(-0.117647, 0.356863)(-0.0313725, 0.498039)(0.0392157, 0.345098)(0.0745098, 0.14902)(0.0941176, -0.0509804)(0.156863, -0.0666667)(0.247059, -0.00784314)(0.168627, -0.203922)(0.054902, -0.356863)
				 (330, 248)(-0.121569, -0.0588235)(-0.0588235, 0.403922)(0.0862745, -0.133333)(0.0509804, -0.360784)(-0.054902, -0.376471)(-0.156863, -0.0666667)(-0.109804, 0.0901961)(0.12549, -0.137255)(-0.227451, 0.0431373)(-0.156863, -0.0627451)(-0.133333, -0.00784314)(-0.109804, 0.0901961)(-0.113725, 0.388235)(-0.0588235, 0.403922)(-0.054902, 0.494118)(-0.0156863, 0.501961)(0.0196078, 0.490196)(0.0901961, -0.117647)(0.12549, -0.137255)(0.2, 0.0352941)(0.145098, -0.278431)(0.129412, -0.305882)(0.0705882, -0.388235)(0.0352941, -0.494118)(-0.0156863, -0.498039)(-0.054902, -0.462745)
descriptor[i][.]=(330, 248)(-0.047619, -0.490196)(0.047619, -0.498039)(-0.0793651, 0.494118)(0.0555556, 0.501961)
				 (330, 248)(-0.0235294, -0.490196)(0.0235294, -0.498039)(-0.0392157, 0.494118)(0.027451, 0.501961)
				 (330, 248)(0, -0.498039)(-0.0862745, -0.337255)(-0.172549, -0.168627)(-0.243137, 0.0196078)(-0.12549, -0.0313725)(-0.129412, 0.164706)(-0.133333, 0.356863)(-0.027451, 0.494118)(0.0431373, 0.368627)(0.0666667, 0.176471)(0.0941176, -0.0196078)(0.14902, -0.0745098)(0.243137, 0.0196078)(0.180392, -0.172549)(0.0784314, -0.337255)
				 (330, 248)(-0.121569, -0.027451)(-0.0627451, 0.407843)(0.0901961, -0.121569)(0.0666667, -0.34902)(-0.0509804, -0.376471)(-0.160784, -0.0588235)(0.12549, -0.129412)(-0.227451, 0.0431373)(-0.145098, 0.262745)(-0.121569, 0.388235)(-0.0627451, 0.407843)(-0.0470588, 0.490196)(0.0117647, 0.501961)(0.12549, -0.129412)(0.211765, 0.054902)(0.247059, 0.0117647)(0.121569, -0.317647)(0.0666667, -0.34902)(0.0666667, -0.466667)(0.0392157, -0.490196)(-0.0313725, -0.486275)(-0.054902, -0.454902)
descriptor[i][.]=(330, 248)(-0.0238095, -0.498039)(0.047619, -0.498039)(-0.0396825, 0.501961)(0.00793651, 0.501961)
				 (330, 248)(-0.0117647, -0.498039)(0.0235294, -0.498039)(-0.0196078, 0.501961)(0.00392157, 0.501961)
				 (330, 248)(-0.0117647, -0.498039)(-0.0941176, -0.32549)(-0.180392, -0.14902)(-0.239216, 0.0392157)(-0.12549, -0.0392157)(-0.129412, 0.156863)(-0.12549, 0.34902)(-0.027451, 0.498039)(0.0392157, 0.356863)(0.0705882, 0.156863)(0.0980392, -0.0392157)(0.156863, -0.0705882)(0.247059, 0.00784314)(0.168627, -0.192157)(0.0705882, -0.352941)
				 (330, 248)(-0.121569, -0.0588235)(-0.0588235, 0.407843)(0.0901961, -0.129412)(0.0705882, -0.341176)(-0.0666667, -0.345098)(-0.160784, -0.0627451)(0.12549, -0.137255)(-0.243137, 0.0352941)(-0.160784, -0.0588235)(-0.121569, -0.0588235)(-0.14902, 0.266667)(-0.0588235, 0.407843)(-0.0470588, 0.490196)(0.0313725, 0.490196)(0.12549, -0.137255)(0.203922, 0.0509804)(0.121569, -0.317647)(0.0705882, -0.341176)(0.0666667, -0.466667)(0.0313725, -0.494118)(-0.0117647, -0.498039)(-0.054902, -0.443137)(-0.0666667, -0.34902)(-0.129412, -0.298039)
descriptor[i][.]=(330, 247)(-0.0238095, -0.494118)(0.0396825, -0.498039)(-0.031746, 0.501961)(0.015873, 0.501961)
				 (330, 247)(-0.0117647, -0.494118)(0.0196078, -0.498039)(-0.0156863, 0.501961)(0.00784314, 0.501961)
				 (330, 247)(0.00784314, -0.498039)(-0.0823529, -0.329412)(-0.180392, -0.156863)(-0.239216, 0.0352941)(-0.109804, -0.0823529)(-0.117647, 0.113725)(-0.141176, 0.313725)(-0.0509804, 0.478431)(0.0392157, 0.388235)(0.0627451, 0.188235)(0.0941176, -0.0117647)(0.141176, -0.0862745)(0.247059, 0.0235294)(0.176471, -0.168627)(0.0745098, -0.329412)
				 (330, 247)(-0.101961, -0.0705882)(0.0901961, -0.12549)(0.054902, -0.360784)(-0.0666667, -0.345098)(-0.160784, -0.0627451)(0.12549, -0.133333)(-0.227451, 0.0470588)(-0.164706, -0.0431373)(-0.0509804, 0.494118)(0.12549, -0.133333)(0.2, 0.0431373)(0.239216, -0.0313725)(0.121569, -0.313725)(0.0745098, -0.392157)(0.0666667, -0.466667)(0.0196078, -0.498039)(-0.027451, -0.486275)(-0.239216, -0.0392157)
descriptor[i][.]=(330, 248)(-0.0396825, -0.496094)(0.031746, -0.5)(-0.0873016, 0.492188)(0.047619, 0.5)
				 (330, 248)(-0.0195313, -0.496094)(0.015625, -0.5)(-0.0429688, 0.492188)(0.0234375, 0.5)
				 (330, 248)(0.00390625, -0.5)(-0.078125, -0.332031)(-0.175781, -0.160156)(-0.230469, 0.0351563)(-0.105469, -0.0625)(-0.113281, 0.136719)(-0.152344, 0.332031)(-0.0507813, 0.46875)(0.03125, 0.40625)(0.0585938, 0.207031)(0.09375, 0)(0.136719, -0.105469)(0.242188, 0.0273438)(0.179688, -0.167969)(0.0742188, -0.328125)
				 (330, 248)(-0.101563, -0.0742188)(0.0898438, -0.128906)(0.0664063, -0.339844)(-0.0625, -0.351563)(-0.144531, -0.0820313)(0.125, -0.136719)(-0.226563, 0.0390625)(-0.15625, 0.335938)(-0.0507813, 0.488281)(0.0234375, 0.5)(0.125, -0.136719)(0.207031, 0.0429688)(0.246094, 0.0117188)(0.148438, -0.277344)(0.121094, -0.320313)(0.078125, -0.386719)(0.0742188, -0.457031)(0.03125, -0.492188)(-0.0195313, -0.496094)(-0.0625, -0.441406)(-0.113281, -0.316406)
descriptor[i][.]=(330, 248)(-0.024, -0.498039)(0.048, -0.498039)(-0.088, 0.501961)(0.048, 0.501961)
				 (330, 248)(-0.0117647, -0.498039)(0.0235294, -0.498039)(-0.0431373, 0.501961)(0.0235294, 0.501961)
				 (330, 248)(-0.0117647, -0.498039)(-0.0980392, -0.32549)(-0.184314, -0.141176)(-0.215686, 0.027451)(-0.109804, -0.0509804)(-0.109804, 0.141176)(-0.129412, 0.341176)(-0.0666667, 0.494118)(0.0392157, 0.396078)(0.0588235, 0.2)(0.0980392, -0.00392157)(0.156863, -0.0666667)(0.247059, 0)(0.168627, -0.196078)(0.054902, -0.341176)
				 (330, 248)(-0.101961, -0.0784314)(0.0941176, -0.109804)(0.0588235, -0.329412)(-0.0705882, -0.34902)(-0.152941, -0.0745098)(0.129412, -0.117647)(-0.235294, 0.027451)(-0.152941, -0.0745098)(-0.145098, 0.431373)(-0.0901961, 0.490196)(0.0235294, 0.501961)(0.129412, -0.117647)(0.211765, 0.0509804)(0.129412, -0.309804)(0.0745098, -0.396078)(0.0666667, -0.443137)(0.0313725, -0.494118)(-0.0352941, -0.486275)(-0.0705882, -0.360784)
descriptor[i][.]=(330, 250)(-0.024, -0.498069)(0.056, -0.498069)(-0.176, 0.501931)(0.064, 0.486486)
				 (330, 250)(-0.011583, -0.498069)(0.027027, -0.498069)(-0.0849421, 0.501931)(0.030888, 0.486486)
				 (330, 250)(-0.011583, -0.498069)(-0.0926641, -0.332046)(-0.181467, -0.150579)(-0.216216, 0.027027)(-0.111969, -0.0579151)(-0.108108, 0.138996)(-0.131274, 0.335907)(-0.0694981, 0.498069)(0.030888, 0.397683)(0.0579151, 0.204633)(0.0965251, 0.00772201)(0.142857, -0.0888031)(0.243243, -0.00772201)(0.169884, -0.200772)(0.0579151, -0.34749)
				 (330, 250)(-0.104247, -0.0810811)(0.0926641, -0.11583)(0.0579151, -0.343629)(-0.0617761, -0.359073)(-0.15444, -0.0772201)(0.131274, -0.119691)(-0.23166, 0.023166)(-0.15444, -0.0733591)(-0.142857, 0.432432)(-0.0849421, 0.501931)(0.030888, 0.486486)(0.131274, -0.119691)(0.220077, 0.03861)(0.146718, -0.281853)(0.119691, -0.324324)(0.042471, -0.490347)(-0.011583, -0.498069)(-0.0501931, -0.467181)(-0.0617761, -0.366795)(-0.11583, -0.320463)
descriptor[i][.]=(330, 250)(-0.032, -0.496154)(0.056, -0.5)(-0.24, 0.496154)(0.032, 0.484615)
				 (330, 250)(-0.0153846, -0.496154)(0.0269231, -0.5)(-0.115385, 0.496154)(0.0153846, 0.484615)
				 (330, 250)(0.00384615, -0.5)(-0.0846154, -0.334615)(-0.173077, -0.157692)(-0.215385, 0.0230769)(-0.1, -0.0769231)(-0.115385, 0.126923)(-0.123077, 0.326923)(-0.0961538, 0.5)(0.0269231, 0.407692)(0.0576923, 0.207692)(0.0961538, 0.00384615)(0.126923, -0.126923)(0.230769, 0.0384615)(0.180769, -0.153846)(0.0846154, -0.330769)
				 (330, 250)(-0.1, -0.0846154)(0.0884615, -0.138462)(0.0769231, -0.342308)(-0.0538462, -0.369231)(-0.15, -0.0807692)(0.123077, -0.146154)(-0.219231, 0.0230769)(-0.15, -0.0730769)(-0.134615, 0.484615)(-0.0961538, 0.5)(0.0153846, 0.484615)(0.0923077, -0.126923)(0.123077, -0.146154)(0.211538, 0.0423077)(0.242308, 0.00384615)(0.0538462, -0.480769)(-0.0307692, -0.488462)(-0.0576923, -0.426923)(-0.0538462, -0.369231)(-0.119231, -0.315385)
descriptor[i][.]=(330, 254)(-0.00806452, -0.5)(0.0564516, -0.5)(-0.298387, 0.5)(0.0645161, 0.455224)
				 (330, 254)(-0.00373134, -0.5)(0.0261194, -0.5)(-0.13806, 0.5)(0.0298507, 0.455224)
				 (330, 254)(-0.00373134, -0.5)(-0.0895522, -0.335821)(-0.175373, -0.152985)(-0.186567, 0.0149254)(-0.108209, -0.0559701)(-0.108209, 0.145522)(-0.115672, 0.343284)(-0.100746, 0.5)(0.0261194, 0.406716)(0.0559701, 0.205224)(0.0932836, 0.00373134)(0.123134, -0.145522)(0.220149, 0.0261194)(0.175373, -0.164179)(0.0820896, -0.335821)
				 (330, 254)(-0.0970149, -0.0932836)(0.0858209, -0.149254)(0.0746269, -0.347015)(-0.0559701, -0.380597)(-0.145522, -0.0895522)(0.119403, -0.156716)(-0.197761, 0.0149254)(-0.145522, -0.0858209)(-0.145522, 0.496269)(0.0298507, 0.455224)(0.0895522, -0.13806)(0.119403, -0.156716)(0.197761, 0.0261194)(0.141791, -0.287313)(0.115672, -0.328358)(0.0335821, -0.496269)(-0.0261194, -0.488806)(-0.119403, -0.320896)
descriptor[i][.]=(331, 251)(-0.00819672, -0.498113)(0.0491803, -0.498113)(-0.139344, 0.501887)(0.0491803, 0.471698)
				 (331, 251)(-0.00377358, -0.498113)(0.0226415, -0.498113)(-0.0641509, 0.501887)(0.0226415, 0.471698)
				 (331, 251)(-0.00377358, -0.498113)(-0.0943396, -0.332075)(-0.177358, -0.150943)(-0.2, 0.0264151)(-0.10566, -0.0641509)(-0.113208, 0.132075)(-0.120755, 0.328302)(-0.0943396, 0.490566)(0.0226415, 0.418868)(0.0528302, 0.226415)(0.090566, 0.0301887)(0.128302, -0.0981132)(0.230189, 0.00754717)(0.169811, -0.184906)(0.0566038, -0.335849)
				 (331, 251)(-0.101887, -0.0867925)(0.090566, -0.109434)(0.0528302, -0.339623)(-0.0641509, -0.366038)(-0.150943, -0.0792453)(0.124528, -0.116981)(-0.211321, 0.0226415)(-0.150943, -0.0754717)(-0.135849, 0.483019)(0.0226415, 0.471698)(0.124528, -0.116981)(0.196226, 0.0377358)(0.135849, -0.286792)(0.116981, -0.316981)(0.0301887, -0.49434)(-0.0150943, -0.49434)(-0.0603774, -0.441509)(-0.116981, -0.316981)
descriptor[i][.]=(330, 249)(-0.0487805, -0.48659)(0.0650407, -0.498084)(-0.300813, 0.501916)(0.0650407, 0.482759)
				 (330, 249)(-0.0229885, -0.48659)(0.0306513, -0.498084)(-0.141762, 0.501916)(0.0306513, 0.482759)
				 (330, 249)(0, -0.498084)(-0.0881226, -0.32567)(-0.176245, -0.149425)(-0.199234, 0.0306513)(-0.0996169, -0.0574713)(-0.114943, 0.141762)(-0.118774, 0.340996)(-0.111111, 0.498084)(0.0306513, 0.436782)(0.0613027, 0.237548)(0.0957854, 0.0383142)(0.137931, -0.0996169)(0.233716, 0.0191571)(0.176245, -0.176245)(0.0613027, -0.337165)
				 (330, 249)(-0.0957854, -0.0766284)(0.0957854, -0.10728)(0.0536398, -0.35249)(-0.0536398, -0.37931)(-0.149425, -0.0727969)(0.130268, -0.114943)(-0.149425, -0.0689655)(-0.149425, 0.48659)(0.0306513, 0.482759)(0.130268, -0.114943)(0.203065, 0.045977)(0.237548, 0.00383142)(0.130268, -0.306513)(0.0689655, -0.463602)(0.0383142, -0.494253)(-0.0574713, -0.394636)
descriptor[i][.]=(331, 249)(-0.00819672, -0.498084)(0.0491803, -0.498084)(-0.336066, 0.501916)(0.00819672, 0.48659)
				 (331, 249)(-0.00383142, -0.498084)(0.0229885, -0.498084)(-0.157088, 0.501916)(0.00383142, 0.48659)
				 (331, 249)(-0.00383142, -0.498084)(-0.0957854, -0.32567)(-0.180077, -0.137931)(-0.195402, 0.0344828)(-0.103448, -0.0651341)(-0.126437, 0.137931)(-0.122605, 0.337165)(-0.149425, 0.501916)(0.0306513, 0.45977)(0.0536398, 0.260536)(0.091954, 0.0613027)(0.122605, -0.118774)(0.222222, 0.0383142)(0.176245, -0.164751)(0.0727969, -0.337165)
				 (331, 249)(-0.0996169, -0.0842912)(0.091954, -0.10728)(0.0574713, -0.35249)(-0.0574713, -0.371648)(-0.149425, -0.0766284)(0.130268, -0.111111)(-0.214559, 0.0344828)(-0.149425, -0.0689655)(-0.172414, 0.48659)(0.00383142, 0.48659)(0.130268, -0.111111)(0.199234, 0.045977)(0.126437, -0.306513)(0.0689655, -0.398467)(0.0613027, -0.467433)(0.0306513, -0.494253)(-0.0344828, -0.48659)(-0.118774, -0.314176)
