walkDescr8.dat
size1 56
size3 57
beh_type.id 10
sizes[]=55 47 44 45 38 42 40 44 45 39 41 33 34 35 44 49 48 41 42 40 40 40 36 46 43 34 45 49 43 42 42 43 44 42 44 51 42 35 44 51 56 41 48 46 45 50 47 46 36 32 32 38 37 34 35 37 
thresholds[]=0.16 0.16 0.16 0.16 0.16 0.16 0.16 0.16 0.16 0.16 0.16 0.16 0.16 0.16 0.16 0.16 0.16 0.16 0.16 0.16 0.16 0.16 0.16 0.16 0.16 0.16 0.16 0.16 0.16 0.16 0.16 0.16 0.16 0.16 0.16 0.16 0.16 0.16 0.16 0.16 0.16 0.16 0.16 0.16 0.16 0.16 0.16 0.16 0.16 0.16 0.16 0.16 0.16 0.16 0.16 0.16 
map[0][.]=0 1 0 0 0 0 0 0 0 0 0 0 0 0 0 0 0 0 0 0 0 0 0 0 0 0 0 0 0 0 0 0 0 0 0 0 0 0 0 0 0 0 0 0 0 0 0 0 0 0 0 0 0 0 0 0 0 
map[1][.]=0 0 1 0 0 0 0 0 0 0 0 0 0 0 0 0 0 0 0 0 0 0 0 0 0 0 0 0 0 0 0 0 0 0 0 0 0 0 0 0 0 0 0 0 0 0 0 0 0 0 0 0 0 0 0 0 0 
map[2][.]=0 0 0 1 0 0 0 0 0 0 0 0 0 0 0 0 0 0 0 0 0 0 0 0 0 0 0 0 0 0 0 0 0 0 0 0 0 0 0 0 0 0 0 0 0 0 0 0 0 0 0 0 0 0 0 0 0 
map[3][.]=0 0 0 0 1 0 0 0 0 0 0 0 0 0 0 0 0 0 0 0 0 0 0 0 0 0 0 0 0 0 0 0 0 0 0 0 0 0 0 0 0 0 0 0 0 0 0 0 0 0 0 0 0 0 0 0 0 
map[4][.]=0 0 0 0 0 1 0 0 0 0 0 0 0 0 0 0 0 0 0 0 0 0 0 0 0 0 0 0 0 0 0 0 0 0 0 0 0 0 0 0 0 0 0 0 0 0 0 0 0 0 0 0 0 0 0 0 0 
map[5][.]=0 0 0 0 0 0 1 0 0 0 0 0 0 0 0 0 0 0 0 0 0 0 0 0 0 0 0 0 0 0 0 0 0 0 0 0 0 0 0 0 0 0 0 0 0 0 0 0 0 0 0 0 0 0 0 0 0 
map[6][.]=0 0 0 0 0 0 0 1 0 0 0 0 0 0 0 0 0 0 0 0 0 0 0 0 0 0 0 0 0 0 0 0 0 0 0 0 0 0 0 0 0 0 0 0 0 0 0 0 0 0 0 0 0 0 0 0 0 
map[7][.]=0 0 0 0 0 0 0 0 1 0 0 0 0 0 0 0 0 0 0 0 0 0 0 0 0 0 0 0 0 0 0 0 0 0 0 0 0 0 0 0 0 0 0 0 0 0 0 0 0 0 0 0 0 0 0 0 0 
map[8][.]=0 0 0 0 0 0 0 0 0 1 0 0 0 0 0 0 0 0 0 0 0 0 0 0 0 0 0 0 0 0 0 0 0 0 0 0 0 0 0 0 0 0 0 0 0 0 0 0 0 0 0 0 0 0 0 0 0 
map[9][.]=0 0 0 0 0 0 0 0 0 0 1 0 0 0 0 0 0 0 0 0 0 0 0 0 0 0 0 0 0 0 0 0 0 0 0 0 0 0 0 0 0 0 0 0 0 0 0 0 0 0 0 0 0 0 0 0 0 
map[10][.]=0 0 0 0 0 0 0 0 0 0 0 1 0 0 0 0 0 0 0 0 0 0 0 0 0 0 0 0 0 0 0 0 0 0 0 0 0 0 0 0 0 0 0 0 0 0 0 0 0 0 0 0 0 0 0 0 0 
map[11][.]=0 0 0 0 0 0 0 0 0 0 0 0 1 0 0 0 0 0 0 0 0 0 0 0 0 0 0 0 0 0 0 0 0 0 0 0 0 0 0 0 0 0 0 0 0 0 0 0 0 0 0 0 0 0 0 0 0 
map[12][.]=0 0 0 0 0 0 0 0 0 0 0 0 0 1 0 0 0 0 0 0 0 0 0 0 0 0 0 0 0 0 0 0 0 0 0 0 0 0 0 0 0 0 0 0 0 0 0 0 0 0 0 0 0 0 0 0 0 
map[13][.]=0 0 0 0 0 0 0 0 0 0 0 0 0 0 1 0 0 0 0 0 0 0 0 0 0 0 0 0 0 0 0 0 0 0 0 0 0 0 0 0 0 0 0 0 0 0 0 0 0 0 0 0 0 0 0 0 0 
map[14][.]=0 0 0 0 0 0 0 0 0 0 0 0 0 0 0 1 0 0 0 0 0 0 0 0 0 0 0 0 0 0 0 0 0 0 0 0 0 0 0 0 0 0 0 0 0 0 0 0 0 0 0 0 0 0 0 0 0 
map[15][.]=0 0 0 0 0 0 0 0 0 0 0 0 0 0 0 0 1 0 0 0 0 0 0 0 0 0 0 0 0 0 0 0 0 0 0 0 0 0 0 0 0 0 0 0 0 0 0 0 0 0 0 0 0 0 0 0 0 
map[16][.]=0 0 0 0 0 0 0 0 0 0 0 0 0 0 0 0 0 1 0 0 0 0 0 0 0 0 0 0 0 0 0 0 0 0 0 0 0 0 0 0 0 0 0 0 0 0 0 0 0 0 0 0 0 0 0 0 0 
map[17][.]=0 0 0 0 0 0 0 0 0 0 0 0 0 0 0 0 0 0 1 0 0 0 0 0 0 0 0 0 0 0 0 0 0 0 0 0 0 0 0 0 0 0 0 0 0 0 0 0 0 0 0 0 0 0 0 0 0 
map[18][.]=0 0 0 0 0 0 0 0 0 0 0 0 0 0 0 0 0 0 0 1 0 0 0 0 0 0 0 0 0 0 0 0 0 0 0 0 0 0 0 0 0 0 0 0 0 0 0 0 0 0 0 0 0 0 0 0 0 
map[19][.]=0 0 0 0 0 0 0 0 0 0 0 0 0 0 0 0 0 0 0 0 1 0 0 0 0 0 0 0 0 0 0 0 0 0 0 0 0 0 0 0 0 0 0 0 0 0 0 0 0 0 0 0 0 0 0 0 0 
map[20][.]=0 0 0 0 0 0 0 0 0 0 0 0 0 0 0 0 0 0 0 0 0 1 0 0 0 0 0 0 0 0 0 0 0 0 0 0 0 0 0 0 0 0 0 0 0 0 0 0 0 0 0 0 0 0 0 0 0 
map[21][.]=0 0 0 0 0 0 0 0 0 0 0 0 0 0 0 0 0 0 0 0 0 0 1 0 0 0 0 0 0 0 0 0 0 0 0 0 0 0 0 0 0 0 0 0 0 0 0 0 0 0 0 0 0 0 0 0 0 
map[22][.]=0 0 0 0 0 0 0 0 0 0 0 0 0 0 0 0 0 0 0 0 0 0 0 1 0 0 0 0 0 0 0 0 0 0 0 0 0 0 0 0 0 0 0 0 0 0 0 0 0 0 0 0 0 0 0 0 0 
map[23][.]=0 0 0 0 0 0 0 0 0 0 0 0 0 0 0 0 0 0 0 0 0 0 0 0 1 0 0 0 0 0 0 0 0 0 0 0 0 0 0 0 0 0 0 0 0 0 0 0 0 0 0 0 0 0 0 0 0 
map[24][.]=0 0 0 0 0 0 0 0 0 0 0 0 0 0 0 0 0 0 0 0 0 0 0 0 0 1 0 0 0 0 0 0 0 0 0 0 0 0 0 0 0 0 0 0 0 0 0 0 0 0 0 0 0 0 0 0 0 
map[25][.]=0 0 0 0 0 0 0 0 0 0 0 0 0 0 0 0 0 0 0 0 0 0 0 0 0 0 1 0 0 0 0 0 0 0 0 0 0 0 0 0 0 0 0 0 0 0 0 0 0 0 0 0 0 0 0 0 0 
map[26][.]=0 0 0 0 0 0 0 0 0 0 0 0 0 0 0 0 0 0 0 0 0 0 0 0 0 0 0 1 0 0 0 0 0 0 0 0 0 0 0 0 0 0 0 0 0 0 0 0 0 0 0 0 0 0 0 0 0 
map[27][.]=0 0 0 0 0 0 0 0 0 0 0 0 0 0 0 0 0 0 0 0 0 0 0 0 0 0 0 0 1 0 0 0 0 0 0 0 0 0 0 0 0 0 0 0 0 0 0 0 0 0 0 0 0 0 0 0 0 
map[28][.]=0 0 0 0 0 0 0 0 0 0 0 0 0 0 0 0 0 0 0 0 0 0 0 0 0 0 0 0 0 1 0 0 0 0 0 0 0 0 0 0 0 0 0 0 0 0 0 0 0 0 0 0 0 0 0 0 0 
map[29][.]=0 0 0 0 0 0 0 0 0 0 0 0 0 0 0 0 0 0 0 0 0 0 0 0 0 0 0 0 0 0 1 0 0 0 0 0 0 0 0 0 0 0 0 0 0 0 0 0 0 0 0 0 0 0 0 0 0 
map[30][.]=0 0 0 0 0 0 0 0 0 0 0 0 0 0 0 0 0 0 0 0 0 0 0 0 0 0 0 0 0 0 0 1 0 0 0 0 0 0 0 0 0 0 0 0 0 0 0 0 0 0 0 0 0 0 0 0 0 
map[31][.]=0 0 0 0 0 0 0 0 0 0 0 0 0 0 0 0 0 0 0 0 0 0 0 0 0 0 0 0 0 0 0 0 1 0 0 0 0 0 0 0 0 0 0 0 0 0 0 0 0 0 0 0 0 0 0 0 0 
map[32][.]=0 0 0 0 0 0 0 0 0 0 0 0 0 0 0 0 0 0 0 0 0 0 0 0 0 0 0 0 0 0 0 0 0 1 0 0 0 0 0 0 0 0 0 0 0 0 0 0 0 0 0 0 0 0 0 0 0 
map[33][.]=0 0 0 0 0 0 0 0 0 0 0 0 0 0 0 0 0 0 0 0 0 0 0 0 0 0 0 0 0 0 0 0 0 0 1 0 0 0 0 0 0 0 0 0 0 0 0 0 0 0 0 0 0 0 0 0 0 
map[34][.]=0 0 0 0 0 0 0 0 0 0 0 0 0 0 0 0 0 0 0 0 0 0 0 0 0 0 0 0 0 0 0 0 0 0 0 1 0 0 0 0 0 0 0 0 0 0 0 0 0 0 0 0 0 0 0 0 0 
map[35][.]=0 0 0 0 0 0 0 0 0 0 0 0 0 0 0 0 0 0 0 0 0 0 0 0 0 0 0 0 0 0 0 0 0 0 0 0 1 0 0 0 0 0 0 0 0 0 0 0 0 0 0 0 0 0 0 0 0 
map[36][.]=0 0 0 0 0 0 0 0 0 0 0 0 0 0 0 0 0 0 0 0 0 0 0 0 0 0 0 0 0 0 0 0 0 0 0 0 0 1 0 0 0 0 0 0 0 0 0 0 0 0 0 0 0 0 0 0 0 
map[37][.]=0 0 0 0 0 0 0 0 0 0 0 0 0 0 0 0 0 0 0 0 0 0 0 0 0 0 0 0 0 0 0 0 0 0 0 0 0 0 1 0 0 0 0 0 0 0 0 0 0 0 0 0 0 0 0 0 0 
map[38][.]=0 0 0 0 0 0 0 0 0 0 0 0 0 0 0 0 0 0 0 0 0 0 0 0 0 0 0 0 0 0 0 0 0 0 0 0 0 0 0 1 0 0 0 0 0 0 0 0 0 0 0 0 0 0 0 0 0 
map[39][.]=0 0 0 0 0 0 0 0 0 0 0 0 0 0 0 0 0 0 0 0 0 0 0 0 0 0 0 0 0 0 0 0 0 0 0 0 0 0 0 0 1 0 0 0 0 0 0 0 0 0 0 0 0 0 0 0 0 
map[40][.]=0 0 0 0 0 0 0 0 0 0 0 0 0 0 0 0 0 0 0 0 0 0 0 0 0 0 0 0 0 0 0 0 0 0 0 0 0 0 0 0 0 1 0 0 0 0 0 0 0 0 0 0 0 0 0 0 0 
map[41][.]=0 0 0 0 0 0 0 0 0 0 0 0 0 0 0 0 0 0 0 0 0 0 0 0 0 0 0 0 0 0 0 0 0 0 0 0 0 0 0 0 0 0 1 0 0 0 0 0 0 0 0 0 0 0 0 0 0 
map[42][.]=0 0 0 0 0 0 0 0 0 0 0 0 0 0 0 0 0 0 0 0 0 0 0 0 0 0 0 0 0 0 0 0 0 0 0 0 0 0 0 0 0 0 0 1 0 0 0 0 0 0 0 0 0 0 0 0 0 
map[43][.]=0 0 0 0 0 0 0 0 0 0 0 0 0 0 0 0 0 0 0 0 0 0 0 0 0 0 0 0 0 0 0 0 0 0 0 0 0 0 0 0 0 0 0 0 1 0 0 0 0 0 0 0 0 0 0 0 0 
map[44][.]=0 0 0 0 0 0 0 0 0 0 0 0 0 0 0 0 0 0 0 0 0 0 0 0 0 0 0 0 0 0 0 0 0 0 0 0 0 0 0 0 0 0 0 0 0 1 0 0 0 0 0 0 0 0 0 0 0 
map[45][.]=0 0 0 0 0 0 0 0 0 0 0 0 0 0 0 0 0 0 0 0 0 0 0 0 0 0 0 0 0 0 0 0 0 0 0 0 0 0 0 0 0 0 0 0 0 0 1 0 0 0 0 0 0 0 0 0 0 
map[46][.]=0 0 0 0 0 0 0 0 0 0 0 0 0 0 0 0 0 0 0 0 0 0 0 0 0 0 0 0 0 0 0 0 0 0 0 0 0 0 0 0 0 0 0 0 0 0 0 1 0 0 0 0 0 0 0 0 0 
map[47][.]=0 0 0 0 0 0 0 0 0 0 0 0 0 0 0 0 0 0 0 0 0 0 0 0 0 0 0 0 0 0 0 0 0 0 0 0 0 0 0 0 0 0 0 0 0 0 0 0 1 0 0 0 0 0 0 0 0 
map[48][.]=0 0 0 0 0 0 0 0 0 0 0 0 0 0 0 0 0 0 0 0 0 0 0 0 0 0 0 0 0 0 0 0 0 0 0 0 0 0 0 0 0 0 0 0 0 0 0 0 0 1 0 0 0 0 0 0 0 
map[49][.]=0 0 0 0 0 0 0 0 0 0 0 0 0 0 0 0 0 0 0 0 0 0 0 0 0 0 0 0 0 0 0 0 0 0 0 0 0 0 0 0 0 0 0 0 0 0 0 0 0 0 1 0 0 0 0 0 0 
map[50][.]=0 0 0 0 0 0 0 0 0 0 0 0 0 0 0 0 0 0 0 0 0 0 0 0 0 0 0 0 0 0 0 0 0 0 0 0 0 0 0 0 0 0 0 0 0 0 0 0 0 0 0 1 0 0 0 0 0 
map[51][.]=0 0 0 0 0 0 0 0 0 0 0 0 0 0 0 0 0 0 0 0 0 0 0 0 0 0 0 0 0 0 0 0 0 0 0 0 0 0 0 0 0 0 0 0 0 0 0 0 0 0 0 0 1 0 0 0 0 
map[52][.]=0 0 0 0 0 0 0 0 0 0 0 0 0 0 0 0 0 0 0 0 0 0 0 0 0 0 0 0 0 0 0 0 0 0 0 0 0 0 0 0 0 0 0 0 0 0 0 0 0 0 0 0 0 1 0 0 0 
map[53][.]=0 0 0 0 0 0 0 0 0 0 0 0 0 0 0 0 0 0 0 0 0 0 0 0 0 0 0 0 0 0 0 0 0 0 0 0 0 0 0 0 0 0 0 0 0 0 0 0 0 0 0 0 0 0 1 0 0 
map[54][.]=0 0 0 0 0 0 0 0 0 0 0 0 0 0 0 0 0 0 0 0 0 0 0 0 0 0 0 0 0 0 0 0 0 0 0 0 0 0 0 0 0 0 0 0 0 0 0 0 0 0 0 0 0 0 0 1 0 
map[55][.]=0 0 0 0 0 0 0 0 0 0 0 0 0 0 0 0 0 0 0 0 0 0 0 0 0 0 0 0 0 0 0 0 0 0 0 0 0 0 0 0 0 0 0 0 0 0 0 0 0 0 0 0 0 0 0 0 1 
map[56][.]=0 0 0 0 0 0 0 0 0 0 0 0 0 0 0 0 0 0 0 0 0 0 0 0 0 0 0 0 0 0 0 0 0 0 0 0 0 0 0 0 0 0 0 0 0 0 0 0 0 0 0 0 0 0 0 0 0 
isLast[.]=false false false false false false false false false false false false false false false false false false false false false false false false false false false false false false false false false false false false false false false false false false false false false false false false false false false false false false false false true 
descriptor[i][.]=(132, 266)(-0.0173913, -0.5)(0.0695652, -0.489437)(-0.478261, 0.485915)(0.452174, 0.485915)
				 (132, 266)(-0.00704225, -0.5)(0.028169, -0.489437)(-0.193662, 0.485915)(0.183099, 0.485915)
				 (132, 266)(-0.00704225, -0.5)(-0.0809859, -0.359155)(-0.151408, -0.176056)(-0.140845, 0.0105634)(-0.130282, 0.211268)(-0.197183, 0.401408)(-0.0809859, 0.485915)(-0.102113, 0.387324)(-0.0105634, 0.380282)(0.116197, 0.5)(0.112676, 0.429577)(0.0809859, 0.228873)(0.0880282, 0.0492958)(0.0633803, -0.147887)(0.0316901, -0.338028)
				 (132, 266)(-0.102113, 0.102113)(-0.0457746, 0.295775)(0.0880282, 0.366197)(-0.0809859, -0.355634)(-0.116197, 0.18662)(-0.112676, 0.426056)(0.112676, 0.429577)(0.0492958, 0.105634)(0.0176056, -0.309859)(-0.102113, 0.102113)(-0.116197, 0.18662)(-0.200704, 0.482394)(-0.0387324, 0.485915)(0.00704225, 0.457746)(0.0387324, 0.496479)(0.204225, 0.471831)(0.116197, 0.429577)(0.0915493, 0.369718)(0.0915493, 0.34507)(0.056338, 0.116197)(0.084507, 0.0809859)(0.0211268, -0.306338)(0.056338, -0.369718)(0.0352113, -0.485915)(-0.00352113, -0.5)(-0.0950704, -0.390845)(-0.102113, -0.338028)(-0.123239, -0.31338)
descriptor[i][.]=(137, 267)(-0.0564516, -0.5)(0.0403226, -0.5)(-0.467742, 0.478723)(0.459677, 0.485816)
				 (137, 267)(-0.0248227, -0.5)(0.0177305, -0.5)(-0.205674, 0.478723)(0.202128, 0.485816)
				 (137, 267)(-0.0248227, -0.5)(-0.106383, -0.326241)(-0.170213, -0.131206)(-0.109929, 0.0673759)(-0.163121, 0.262411)(-0.219858, 0.457447)(-0.070922, 0.453901)(-0.070922, 0.294326)(0.0141844, 0.407801)(0.156028, 0.489362)(0.138298, 0.400709)(0.0815603, 0.22695)(0.0886525, 0.0390071)(0.0567376, -0.159574)(0.035461, -0.35461)
				 (137, 267)(-0.109929, 0.113475)(-0.0390071, 0.262411)(0.0496454, 0.109929)(-0.131206, 0.41844)(0.0992908, 0.375887)(0.0177305, -0.308511)(-0.109929, 0.113475)(-0.219858, 0.471631)(-0.0744681, 0.485816)(-0.0602837, 0.460993)(-0.131206, 0.41844)(0.0425532, 0.496454)(0.20922, 0.48227)(0.138298, 0.393617)(0.0886525, 0.0496454)(0.0212766, -0.304965)(0.0602837, -0.379433)(0.0531915, -0.471631)(0.0248227, -0.496454)(-0.0248227, -0.5)
descriptor[i][.]=(137, 267)(-0.064, -0.5)(0.04, -0.5)(-0.48, 0.485816)(0.456, 0.485816)
				 (137, 267)(-0.0283688, -0.5)(0.0177305, -0.5)(-0.212766, 0.485816)(0.202128, 0.485816)
				 (137, 267)(-0.0283688, -0.5)(-0.0957447, -0.336879)(-0.163121, -0.138298)(-0.106383, 0.0531915)(-0.156028, 0.248227)(-0.219858, 0.453901)(-0.0460993, 0.468085)(-0.0673759, 0.312057)(0.0070922, 0.343972)(0.109929, 0.5)(0.14539, 0.432624)(0.0886525, 0.237589)(0.0921986, 0.0425532)(0.0673759, -0.159574)(0.0496454, -0.358156)
				 (137, 267)(-0.0212766, 0.234043)(0.106383, 0.368794)(-0.070922, -0.37234)(-0.106383, 0.166667)(-0.12766, 0.411348)(-0.0744681, 0.485816)(-0.0460993, 0.468085)(-0.12766, 0.411348)(0.0496454, 0.492908)(0.202128, 0.485816)(0.223404, 0.468085)(0.109929, 0.343972)(0.0567376, -0.471631)(0.0319149, -0.492908)(-0.0283688, -0.5)(-0.070922, -0.37234)(-0.106383, 0.166667)
descriptor[i][.]=(138, 268)(-0.0793651, -0.482143)(0.103175, -0.5)(-0.428571, 0.485714)(0.484127, 0.485714)
				 (138, 268)(-0.0357143, -0.482143)(0.0464286, -0.5)(-0.192857, 0.485714)(0.217857, 0.485714)
				 (138, 268)(0.0357143, -0.5)(-0.0571429, -0.357143)(-0.128571, -0.160714)(-0.0892857, 0.0392857)(-0.125, 0.235714)(-0.207143, 0.392857)(-0.107143, 0.485714)(-0.1, 0.375)(0.0142857, 0.321429)(0.075, 0.5)(0.189286, 0.460714)(0.117857, 0.278571)(0.0964286, 0.075)(0.0928571, -0.125)(0.0428571, -0.321429)
				 (138, 268)(-0.0785714, 0.128571)(-0.00714286, 0.260714)(-0.0571429, -0.353571)(-0.125, 0.235714)(-0.175, 0.303571)(-0.117857, 0.417857)(-0.125, 0.232143)(-0.189286, 0.264286)(-0.175, 0.303571)(-0.225, 0.457143)(-0.2, 0.482143)(-0.0785714, 0.485714)(-0.05, 0.467857)(0.0464286, 0.496429)(0.225, 0.482143)(0.0678571, -0.485714)(-0.0357143, -0.482143)(-0.0571429, -0.353571)
descriptor[i][.]=(138, 267)(-0.0314961, -0.498221)(0.125984, -0.494662)(-0.440945, 0.487544)(0.488189, 0.487544)
				 (138, 267)(-0.0142349, -0.498221)(0.0569395, -0.494662)(-0.199288, 0.487544)(0.220641, 0.487544)
				 (138, 267)(-0.0142349, -0.498221)(-0.0676157, -0.320285)(-0.128114, -0.128114)(-0.0604982, 0.0640569)(-0.131673, 0.256228)(-0.217082, 0.427046)(-0.0711744, 0.483986)(-0.0533808, 0.320285)(0.0355872, 0.412811)(0.160142, 0.498221)(0.135231, 0.405694)(0.124555, 0.206406)(0.0996441, 0.00711744)(0.106762, -0.188612)(0.0960854, -0.380783)
				 (138, 267)(-0.00711744, 0.27758)(-0.0640569, 0.13879)(-0.117438, 0.41637)(-0.0782918, 0.487544)(0.0462633, 0.498221)(0.220641, 0.487544)(0.0925267, -0.469751)(0.0711744, -0.487544)(-0.0142349, -0.498221)(-0.0355872, -0.480427)(-0.0640569, 0.13879)
descriptor[i][.]=(140, 267)(-0.0322581, -0.492908)(0.137097, -0.5)(-0.354839, 0.485816)(0.483871, 0.485816)
				 (140, 267)(-0.0141844, -0.492908)(0.0602837, -0.5)(-0.156028, 0.485816)(0.212766, 0.485816)
				 (140, 267)(0.0531915, -0.5)(-0.0425532, -0.375887)(-0.0815603, -0.184397)(-0.0744681, 0)(-0.0460993, 0.187943)(-0.177305, 0.351064)(-0.12766, 0.485816)(-0.0673759, 0.361702)(0.0283688, 0.407801)(0.141844, 0.496454)(0.134752, 0.41844)(0.12766, 0.22695)(0.120567, 0.0319149)(0.120567, -0.152482)(0.0815603, -0.336879)
				 (140, 267)(-0.035461, 0.173759)(0, 0.304965)(-0.0283688, 0.0886525)(-0.106383, 0.41844)(-0.0319149, 0.0851064)(-0.035461, 0.159574)(-0.219858, 0.411348)(-0.163121, 0.48227)(-0.0851064, 0.485816)(-0.106383, 0.41844)(0.0390071, 0.496454)(0.212766, 0.485816)(0.109929, -0.468085)(0.070922, -0.496454)(-0.0141844, -0.492908)
descriptor[i][.]=(142, 266)(-0.0336134, -0.46831)(0.0756303, -0.5)(-0.302521, 0.485915)(0.487395, 0.485915)
				 (142, 266)(-0.0140845, -0.46831)(0.0316901, -0.5)(-0.126761, 0.485915)(0.204225, 0.485915)
				 (142, 266)(0.0211268, -0.5)(-0.0457746, -0.330986)(-0.0915493, -0.147887)(-0.056338, 0.0387324)(-0.056338, 0.221831)(-0.193662, 0.369718)(-0.0880282, 0.482394)(-0.0140845, 0.323944)(0.0316901, 0.454225)(0.179577, 0.478873)(0.112676, 0.369718)(0.126761, 0.179577)(0.133803, -0.00704225)(0.126761, -0.197183)(0.105634, -0.366197)
				 (142, 266)(-0.0176056, 0.165493)(0.00352113, 0.306338)(-0.0950704, 0.394366)(-0.0176056, 0.165493)(-0.207746, 0.419014)(-0.133803, 0.482394)(-0.0915493, 0.485915)(-0.0774648, 0.457746)(0.0316901, 0.496479)(0.204225, 0.485915)(0.112676, -0.443662)(0.102113, -0.478873)(0.0316901, -0.5)
descriptor[i][.]=(141, 266)(-0.00854701, -0.475352)(0.213675, -0.5)(-0.264957, 0.485915)(0.384615, 0.5)
				 (141, 266)(-0.00352113, -0.475352)(0.0880282, -0.5)(-0.109155, 0.485915)(0.158451, 0.5)
				 (141, 266)(0.056338, -0.5)(-0.0140845, -0.355634)(-0.0633803, -0.172535)(-0.0492958, 0.0105634)(0.00704225, 0.193662)(-0.140845, 0.323944)(-0.123239, 0.471831)(-0.0492958, 0.369718)(0.0316901, 0.43662)(0.161972, 0.496479)(0.116197, 0.383803)(0.133803, 0.197183)(0.133803, 0.0105634)(0.140845, -0.172535)(0.109155, -0.352113)
				 (141, 266)(0.0105634, 0.183099)(0.00352113, 0.323944)(-0.0704225, 0.383803)(-0.0774648, -0.116197)(-0.204225, 0.373239)(-0.144366, 0.461268)(-0.116197, 0.482394)(-0.0880282, 0.485915)(-0.0598592, 0.46831)(-0.0704225, 0.383803)(0, 0.327465)(0.0352113, 0.496479)(0.158451, 0.5)(0.207746, 0.471831)(0.119718, -0.464789)(0.0950704, -0.496479)(0.0316901, -0.496479)
descriptor[i][.]=(151, 265)(-0.05, -0.466667)(0.19, -0.498246)(-0.34, 0.473684)(0.48, 0.487719)
				 (151, 265)(-0.0175439, -0.466667)(0.0666667, -0.498246)(-0.119298, 0.473684)(0.168421, 0.487719)
				 (151, 265)(0.0175439, -0.498246)(-0.0350877, -0.336842)(-0.0736842, -0.164912)(-0.0701754, 0.0105263)(-0.00350877, 0.185965)(-0.129825, 0.315789)(-0.122807, 0.470175)(-0.0385965, 0.368421)(0.0280702, 0.501754)(0.161404, 0.463158)(0.0877193, 0.329825)(0.136842, 0.157895)(0.14386, -0.0210526)(0.126316, -0.203509)(0.112281, -0.378947)
				 (151, 265)(0, 0.214035)(-0.0280702, 0.364912)(0.0807018, 0.396491)(0.077193, -0.301754)(0.0877193, 0.280702)(-0.17193, 0.347368)(-0.126316, 0.470175)(-0.0596491, 0.473684)(0, 0.498246)(0.168421, 0.487719)(0.0877193, 0.280702)(0.129825, 0.231579)(0.126316, -0.214035)(0.0807018, -0.298246)(0.108772, -0.470175)(0.0736842, -0.494737)(0.0175439, -0.498246)(-0.0175439, -0.466667)
descriptor[i][.]=(159, 265)(-0.045977, -0.487719)(0.252874, -0.498246)(-0.045977, 0.501754)(0.264368, 0.501754)
				 (159, 265)(-0.0140351, -0.487719)(0.077193, -0.498246)(-0.0140351, 0.501754)(0.0807018, 0.501754)
				 (159, 265)(0.0280702, -0.498246)(-0.0385965, -0.37193)(-0.0736842, -0.214035)(-0.0842105, -0.0596491)(-0.0491228, 0.101754)(-0.0315789, 0.259649)(-0.133333, 0.37193)(-0.0210526, 0.498246)(0.136842, 0.487719)(0.0526316, 0.378947)(0.136842, 0.245614)(0.129825, 0.0877193)(0.129825, -0.077193)(0.112281, -0.235088)(0.108772, -0.389474)
				 (159, 265)(-0.0245614, 0.245614)(0.0526316, 0.368421)(0.0666667, 0.438596)(-0.150877, 0.357895)(-0.0210526, 0.498246)(0.147368, 0.484211)(0.0666667, 0.438596)(0.0526316, 0.368421)(0.147368, 0.231579)(0.105263, -0.466667)(0.0842105, -0.494737)(0, -0.494737)
descriptor[i][.]=(169, 264)(-0.0759494, -0.491289)(0.0759494, -0.498258)(-0.189873, 0.501742)(0.113924, 0.501742)
				 (169, 264)(-0.0209059, -0.491289)(0.0209059, -0.498258)(-0.0522648, 0.501742)(0.0313589, 0.501742)
				 (169, 264)(0.00696864, -0.498258)(-0.0696864, -0.376307)(-0.101045, -0.229965)(-0.111498, -0.0731707)(-0.0836237, 0.0836237)(-0.0557491, 0.243902)(-0.135889, 0.376307)(-0.0313589, 0.501742)(0.111498, 0.473868)(0.0243902, 0.358885)(0.132404, 0.233449)(0.114983, 0.0766551)(0.10453, -0.0801394)(0.0836237, -0.236934)(0.087108, -0.38676)
				 (169, 264)(-0.0557491, 0.243902)(0.0174216, 0.38676)(0.0418118, 0.445993)(-0.0557491, 0.243902)(-0.135889, 0.369338)(-0.0592334, 0.498258)(0.114983, 0.484321)(0.0452962, 0.445993)(0.0174216, 0.38676)(0.132404, 0.233449)(0.0627178, -0.484321)(0.0209059, -0.498258)(-0.0313589, -0.487805)(-0.0522648, -0.452962)
descriptor[i][.]=(181, 265)(-0.102564, -0.5)(0.102564, -0.496503)(-0.333333, 0.5)(0.24359, 0.486014)
				 (181, 265)(-0.027972, -0.5)(0.027972, -0.496503)(-0.0909091, 0.5)(0.0664336, 0.486014)
				 (181, 265)(-0.027972, -0.5)(-0.0804196, -0.363636)(-0.122378, -0.216783)(-0.132867, -0.0629371)(-0.101399, 0.0909091)(-0.0979021, 0.248252)(-0.108392, 0.402098)(-0.041958, 0.496503)(0.104895, 0.465035)(0.0769231, 0.332168)(0.136364, 0.181818)(0.0909091, 0.0314685)(0.0769231, -0.118881)(0.0454545, -0.265734)(0.0734266, -0.409091)
				 (181, 265)(0.048951, 0.395105)(-0.104895, 0.493007)(0.104895, 0.468531)(0.048951, 0.395105)(0.0734266, -0.458042)(-0.027972, -0.5)
descriptor[i][.]=(184, 265)(-0.037037, -0.5)(0.0617284, -0.5)(-0.333333, 0.5)(0.185185, 0.486014)
				 (184, 265)(-0.0104895, -0.5)(0.0174825, -0.5)(-0.0944056, 0.5)(0.0524476, 0.486014)
				 (184, 265)(-0.0104895, -0.5)(-0.0804196, -0.370629)(-0.122378, -0.216783)(-0.132867, -0.0594406)(-0.0979021, 0.0944056)(-0.104895, 0.251748)(-0.13986, 0.398601)(-0.0524476, 0.496503)(0.0979021, 0.472028)(0.0944056, 0.377622)(0.132867, 0.227273)(0.108392, 0.0734266)(0.0804196, -0.0804196)(0.0664336, -0.237762)(0.0699301, -0.384615)
				 (184, 265)(0.0874126, 0.416084)(-0.101399, 0.496503)(0.143357, 0.461538)(0.0699301, -0.458042)(0.041958, -0.48951)(-0.034965, -0.493007)(-0.0559441, -0.475524)
descriptor[i][.]=(204, 265)(-0.0373832, -0.5)(0.0186916, -0.493007)(-0.476636, 0.5)(0.429907, 0.486014)
				 (204, 265)(-0.013986, -0.5)(0.00699301, -0.493007)(-0.178322, 0.5)(0.160839, 0.486014)
				 (204, 265)(-0.013986, -0.5)(-0.122378, -0.405594)(-0.164336, -0.248252)(-0.178322, -0.0769231)(-0.153846, 0.0909091)(-0.171329, 0.262238)(-0.178322, 0.43007)(-0.0804196, 0.496503)(0.0769231, 0.486014)(0.153846, 0.437063)(0.108392, 0.314685)(0.0839161, 0.143357)(0.034965, -0.020979)(0.0314685, -0.192308)(0.0034965, -0.34965)
				 (204, 265)(0.00699301, 0.461538)(-0.020979, 0.482517)(0.0034965, 0.465035)(0.0244755, 0.479021)(0.160839, 0.486014)(0.188811, 0.465035)(0.0174825, -0.482517)(-0.0804196, -0.493007)
descriptor[i][.]=(211, 265)(-0.198347, -0.498246)(0.0165289, -0.477193)(-0.479339, 0.501754)(0.446281, 0.470175)
				 (211, 265)(-0.0842105, -0.498246)(0.00701754, -0.477193)(-0.203509, 0.501754)(0.189474, 0.470175)
				 (211, 265)(-0.0842105, -0.498246)(-0.154386, -0.301754)(-0.196491, -0.0877193)(-0.164912, 0.126316)(-0.207018, 0.333333)(-0.161404, 0.501754)(-0.0912281, 0.45614)(-0.0631579, 0.252632)(-0.0105263, 0.291228)(0.0421053, 0.487719)(0.189474, 0.431579)(0.0947368, 0.270175)(0.0421053, 0.0526316)(0.0175439, -0.161404)(0.0105263, -0.357895)
				 (211, 265)(-0.0421053, 0.175439)(0.0175439, 0.00350877)(-0.115789, 0.4)(-0.00350877, 0.210526)(0.119298, 0.410526)(-0.0280702, -0.301754)(-0.0315789, 0.487719)(-0.0105263, 0.291228)(0.0280702, 0.484211)(0.214035, 0.442105)(0.0210526, 0.00701754)(0.0105263, -0.235088)(-0.0245614, -0.298246)(0.0210526, -0.375439)(0.0245614, -0.452632)(-0.0842105, -0.498246)(-0.136842, -0.410526)
descriptor[i][.]=(215, 265)(-0.152672, -0.5)(0, -0.475524)(-0.442748, 0.5)(0.450382, 0.468531)
				 (215, 265)(-0.0699301, -0.5)(0, -0.475524)(-0.202797, 0.5)(0.206294, 0.468531)
				 (215, 265)(-0.0699301, -0.5)(-0.146853, -0.318182)(-0.199301, -0.115385)(-0.167832, 0.0944056)(-0.202797, 0.300699)(-0.199301, 0.5)(-0.0979021, 0.458042)(-0.0769231, 0.262238)(-0.00699301, 0.286713)(0.0594406, 0.482517)(0.213287, 0.426573)(0.0979021, 0.27972)(0.041958, 0.0769231)(0.0244755, -0.132867)(0, -0.342657)
				 (215, 265)(-0.041958, 0.181818)(0.0174825, 0.0174825)(-0.125874, 0.391608)(-0.0034965, 0.230769)(0.136364, 0.402098)(-0.027972, -0.300699)(-0.20979, 0.496503)(-0.0594406, 0.486014)(-0.125874, 0.391608)(-0.00699301, 0.227273)(-0.0104895, 0.265734)(0.048951, 0.479021)(0.223776, 0.458042)(0.136364, 0.402098)(0.0384615, 0.0524476)(0.020979, 0.020979)(0.0174825, -0.216783)(-0.0244755, -0.297203)(0.0034965, -0.346154)(0.027972, -0.437063)(0, -0.475524)(-0.0559441, -0.5)
descriptor[i][.]=(222, 265)(-0.0434783, -0.498246)(0.0144928, -0.484211)(-0.471014, 0.501754)(0.442029, 0.487719)
				 (222, 265)(-0.0210526, -0.498246)(0.00701754, -0.484211)(-0.22807, 0.501754)(0.214035, 0.487719)
				 (222, 265)(-0.0210526, -0.498246)(-0.126316, -0.336842)(-0.178947, -0.129825)(-0.157895, 0.077193)(-0.2, 0.287719)(-0.235088, 0.494737)(-0.108772, 0.463158)(-0.0877193, 0.280702)(-0.00350877, 0.284211)(0.0736842, 0.484211)(0.22807, 0.435088)(0.108772, 0.298246)(0.0491228, 0.0912281)(0.0315789, -0.112281)(-0.0175439, -0.315789)
				 (222, 265)(-0.161404, 0.210526)(-0.0350877, 0.189474)(0.0280702, 0.0315789)(-0.136842, 0.435088)(0.136842, 0.410526)(-0.0210526, -0.301754)(-0.161404, 0.210526)(-0.182456, 0.242105)(-0.235088, 0.498246)(-0.0842105, 0.487719)(-0.136842, 0.435088)(0.0491228, 0.445614)(0.0701754, 0.484211)(0.214035, 0.487719)(0.242105, 0.45614)(0.0315789, 0.0350877)(-0.0105263, -0.291228)(0.0385965, -0.382456)(0.0315789, -0.452632)(-0.00701754, -0.494737)(-0.0736842, -0.480702)
descriptor[i][.]=(222, 266)(-0.0148148, -0.5)(0.00740741, -0.5)(-0.437037, 0.5)(0.444444, 0.485915)
				 (222, 266)(-0.00704225, -0.5)(0.00352113, -0.5)(-0.207746, 0.5)(0.211268, 0.485915)
				 (222, 266)(-0.00704225, -0.5)(-0.0880282, -0.338028)(-0.144366, -0.144366)(-0.119718, 0.0633803)(-0.161972, 0.260563)(-0.235915, 0.447183)(-0.084507, 0.46831)(-0.0598592, 0.295775)(0.0246479, 0.28169)(0.0774648, 0.482394)(0.211268, 0.447183)(0.126761, 0.274648)(0.0915493, 0.0704225)(0.0669014, -0.137324)(0.0246479, -0.334507)
				 (222, 266)(-0.00352113, 0.197183)(-0.112676, 0.161972)(-0.130282, 0.426056)(-0.0809859, 0.485915)(-0.130282, 0.426056)(-0.0352113, 0.28169)(0.0774648, 0.482394)(0.211268, 0.485915)(0.0633803, -0.454225)(0.00352113, -0.5)(-0.0457746, -0.492958)(-0.0880282, -0.415493)(-0.151408, -0.109155)(-0.112676, 0.161972)
descriptor[i][.]=(222, 265)(-0.0296296, -0.5)(0.0888889, -0.48951)(-0.4, 0.5)(0.451852, 0.486014)
				 (222, 265)(-0.013986, -0.5)(0.041958, -0.48951)(-0.188811, 0.5)(0.213287, 0.486014)
				 (222, 265)(-0.013986, -0.5)(-0.0874126, -0.314685)(-0.122378, -0.111888)(-0.0874126, 0.0909091)(-0.15035, 0.269231)(-0.234266, 0.458042)(-0.0839161, 0.465035)(-0.034965, 0.300699)(0.034965, 0.332168)(0.125874, 0.486014)(0.164336, 0.437063)(0.132867, 0.234266)(0.0944056, 0.034965)(0.0769231, -0.167832)(0.0734266, -0.353147)
				 (222, 265)(-0.0874126, 0.199301)(0.020979, 0.227273)(-0.108392, 0.395105)(-0.234266, 0.461538)(-0.195804, 0.496503)(-0.0769231, 0.486014)(-0.108392, 0.395105)(0.034965, 0.335664)(0.0699301, 0.472028)(0.213287, 0.486014)(0.0874126, -0.43007)(0.048951, -0.486014)(-0.0034965, -0.5)(-0.0384615, -0.486014)(-0.0699301, -0.402098)
descriptor[i][.]=(226, 264)(-0.0620155, -0.480702)(0.0465116, -0.498246)(-0.348837, 0.501754)(0.449612, 0.491228)
				 (226, 264)(-0.0280702, -0.480702)(0.0210526, -0.498246)(-0.157895, 0.501754)(0.203509, 0.491228)
				 (226, 264)(0.0105263, -0.498246)(-0.0526316, -0.333333)(-0.0947368, -0.140351)(-0.0631579, 0.0526316)(-0.0701754, 0.238596)(-0.207018, 0.382456)(-0.105263, 0.484211)(-0.0385965, 0.350877)(0.0491228, 0.431579)(0.2, 0.491228)(0.136842, 0.375439)(0.136842, 0.182456)(0.119298, -0.0105263)(0.101754, -0.203509)(0.0982456, -0.382456)
				 (226, 264)(-0.0385965, 0.203509)(0.0175439, 0.312281)(-0.101754, 0.424561)(-0.196491, 0.480702)(-0.157895, 0.501754)(-0.0842105, 0.491228)(-0.101754, 0.424561)(0.0526316, 0.473684)(0.203509, 0.491228)(0.22807, 0.473684)(0.105263, -0.449123)(0.0210526, -0.498246)(-0.0280702, -0.480702)
descriptor[i][.]=(229, 264)(-0.105691, -0.421603)(0.130081, -0.498258)(-0.373984, 0.501742)(0.455285, 0.487805)
				 (229, 264)(-0.0452962, -0.421603)(0.0557491, -0.498258)(-0.160279, 0.501742)(0.195122, 0.487805)
				 (229, 264)(0.0418118, -0.498258)(-0.0383275, -0.355401)(-0.0836237, -0.170732)(-0.0627178, 0.0209059)(-0.0139373, 0.205575)(-0.156794, 0.337979)(-0.156794, 0.501742)(-0.0696864, 0.393728)(0.0418118, 0.404181)(0.167247, 0.487805)(0.125436, 0.397213)(0.135889, 0.212544)(0.114983, 0.0243902)(0.108014, -0.167247)(0.087108, -0.344948)
				 (229, 264)(0.0174216, 0.324042)(-0.0139373, 0.205575)(-0.0905923, 0.41115)(-0.160279, 0.501742)(-0.0801394, 0.487805)(-0.0905923, 0.41115)(0.0139373, 0.327526)(0.0522648, 0.477352)(0.195122, 0.487805)(0.216028, 0.470383)(0.0627178, -0.494774)(-0.097561, -0.135889)(-0.202091, 0.372822)
descriptor[i][.]=(234, 263)(-0.0900901, -0.434164)(0.126126, -0.498221)(-0.378378, 0.501779)(0.459459, 0.501779)
				 (234, 263)(-0.0355872, -0.434164)(0.0498221, -0.498221)(-0.149466, 0.501779)(0.181495, 0.501779)
				 (234, 263)(0.0427046, -0.498221)(-0.0462633, -0.352313)(-0.0818505, -0.170819)(-0.0676157, 0.0142349)(0, 0.202847)(-0.135231, 0.327402)(-0.16726, 0.487544)(-0.0676157, 0.412811)(0.024911, 0.448399)(0.170819, 0.501779)(0.113879, 0.3879)(0.128114, 0.202847)(0.117438, 0.0142349)(0.113879, -0.16726)(0.088968, -0.345196)
				 (234, 263)(0.00355872, 0.213523)(0.00355872, 0.352313)(-0.0782918, 0.419929)(-0.0676157, 0.0177936)(-0.19573, 0.377224)(-0.156584, 0.498221)(-0.0818505, 0.501779)(-0.0498221, 0.402135)(0.0355872, 0.498221)(0.181495, 0.501779)(0.0925267, -0.476868)(0.0498221, -0.498221)(-0.0355872, -0.434164)
descriptor[i][.]=(247, 268)(-0.0224719, -0.492857)(0.235955, -0.5)(-0.292135, 0.5)(0.426966, 0.485714)
				 (247, 268)(-0.00714286, -0.492857)(0.075, -0.5)(-0.0928571, 0.5)(0.135714, 0.485714)
				 (247, 268)(0.0107143, -0.5)(-0.0535714, -0.364286)(-0.0928571, -0.203571)(-0.0892857, -0.0392857)(-0.0107143, 0.125)(-0.0642857, 0.264286)(-0.15, 0.4)(-0.0392857, 0.492857)(0.128571, 0.485714)(0.0678571, 0.392857)(0.128571, 0.235714)(0.107143, 0.0678571)(0.114286, -0.0964286)(0.0857143, -0.260714)(0.0928571, -0.403571)
				 (247, 268)(0.00357143, 0.217857)(-0.114286, 0.307143)(-0.15, 0.346429)(-0.1, 0.496429)(0.135714, 0.485714)(0.160714, 0.467857)(0.0964286, -0.478571)(-0.00714286, -0.492857)(-0.05, -0.460714)
descriptor[i][.]=(264, 264)(-0.148649, -0.498258)(0.0945946, -0.494774)(-0.162162, 0.501742)(0.0810811, 0.501742)
				 (264, 264)(-0.0383275, -0.498258)(0.0243902, -0.494774)(-0.0418118, 0.501742)(0.0209059, 0.501742)
				 (264, 264)(-0.0383275, -0.498258)(-0.0766551, -0.355401)(-0.125436, -0.202091)(-0.118467, -0.0487805)(-0.0557491, 0.097561)(-0.0557491, 0.250871)(-0.111498, 0.400697)(-0.010453, 0.498258)(0.0487805, 0.452962)(0.0731707, 0.313589)(0.114983, 0.167247)(0.0627178, 0.0174216)(0.0766551, -0.132404)(0.0278746, -0.278746)(0.0662021, -0.414634)
				 (264, 264)(-0.0418118, 0.167247)(0.0243902, 0.414634)(0.010453, -0.303136)(-0.0557491, 0.087108)(0.0627178, 0.0209059)(-0.108014, 0.010453)(-0.0592334, 0.0836237)(-0.0418118, 0.167247)(-0.0487805, 0.498258)(0.0836237, 0.484321)(0.0243902, 0.414634)(0.12892, 0.205575)(0.0731707, 0.0383275)(0.0209059, -0.292683)(0.0627178, -0.379791)(0.0696864, -0.425087)(0.0627178, -0.463415)(0.0418118, -0.487805)(-0.0278746, -0.498258)
descriptor[i][.]=(268, 268)(-0.256757, -0.456446)(0.148649, -0.498258)(-0.0945946, 0.487805)(0.391892, 0.501742)
				 (268, 268)(-0.0662021, -0.456446)(0.0383275, -0.498258)(-0.0243902, 0.487805)(0.101045, 0.501742)
				 (268, 268)(0.0383275, -0.498258)(-0.0836237, -0.414634)(-0.114983, -0.268293)(-0.125436, -0.114983)(-0.0801394, 0.0348432)(-0.0522648, 0.188153)(-0.087108, 0.341463)(-0.0627178, 0.473868)(0.0940767, 0.501742)(0.0696864, 0.379791)(0.121951, 0.229965)(0.0940767, 0.0766551)(0.0905923, -0.0662021)(0.0662021, -0.219512)(0.0383275, -0.355401)
				 (268, 268)(-0.0522648, 0.10453)(0.0662021, 0.414634)(0.0139373, -0.327526)(-0.0557491, 0.101045)(-0.101045, 0.393728)(-0.0836237, 0.45993)(0.101045, 0.501742)(0.121951, 0.484321)(0.0662021, 0.414634)(0.125436, 0.222997)(0.0662021, -0.243902)(0.0557491, -0.372822)(0.0696864, -0.477352)(0.0452962, -0.494774)(-0.0662021, -0.456446)(-0.0836237, -0.414634)
descriptor[i][.]=(291, 269)(-0.0190476, -0.498246)(0.00952381, -0.498246)(-0.47619, 0.473684)(0.390476, 0.501754)
				 (291, 269)(-0.00701754, -0.498246)(0.00350877, -0.498246)(-0.175439, 0.473684)(0.14386, 0.501754)
				 (291, 269)(-0.00701754, -0.498246)(-0.129825, -0.410526)(-0.164912, -0.242105)(-0.168421, -0.0736842)(-0.115789, 0.0842105)(-0.140351, 0.25614)(-0.168421, 0.421053)(-0.0631579, 0.487719)(0.101754, 0.501754)(0.122807, 0.445614)(0.0807018, 0.298246)(0.0666667, 0.129825)(0.0280702, -0.0350877)(0.0175439, -0.2)(-0.0175439, -0.357895)
				 (291, 269)(-0.112281, 0.0701754)(-0.112281, 0.0701754)(-0.182456, 0.463158)(0.14386, 0.501754)(0.185965, 0.470175)(0.0210526, -0.477193)(-0.0842105, -0.487719)
descriptor[i][.]=(300, 269)(-0.27193, -0.5)(0, -0.48951)(-0.473684, 0.472028)(0.377193, 0.5)
				 (300, 269)(-0.108392, -0.5)(0, -0.48951)(-0.188811, 0.472028)(0.15035, 0.5)
				 (300, 269)(-0.108392, -0.5)(-0.160839, -0.339161)(-0.181818, -0.167832)(-0.167832, -0.00699301)(-0.13986, 0.157343)(-0.192308, 0.325175)(-0.167832, 0.472028)(0, 0.468531)(0.164336, 0.493007)(0.101399, 0.405594)(0.0629371, 0.234266)(0.0244755, 0.0664336)(0.0174825, -0.101399)(-0.0104895, -0.272727)(0.00699301, -0.423077)
				 (300, 269)(-0.132867, 0.0734266)(-0.0104895, 0.465035)(-0.0034965, -0.0104895)(0.101399, 0.412587)(-0.0454545, -0.321678)(-0.195804, 0.468531)(-0.0944056, 0.486014)(-0.0244755, 0.472028)(0.020979, 0.496503)(0.195804, 0.468531)(0.199301, 0.444056)(0.00699301, 0.0034965)(0.0174825, -0.0384615)(0, -0.251748)(-0.041958, -0.318182)(-0.0104895, -0.370629)(0.00699301, -0.475524)(-0.108392, -0.5)
descriptor[i][.]=(308, 270)(-0.0839695, -0.498233)(0, -0.4947)(-0.450382, 0.473498)(0.381679, 0.501767)
				 (308, 270)(-0.0388693, -0.498233)(0, -0.4947)(-0.208481, 0.473498)(0.176678, 0.501767)
				 (308, 270)(-0.0388693, -0.498233)(-0.141343, -0.360424)(-0.180212, -0.155477)(-0.130742, 0.0424028)(-0.176678, 0.240283)(-0.229682, 0.441696)(-0.0565371, 0.462898)(-0.0918728, 0.29682)(-0.0106007, 0.342756)(0.113074, 0.501767)(0.169611, 0.431095)(0.0812721, 0.257951)(0.0353357, 0.0565371)(0.0282686, -0.14841)(-0.0388693, -0.34629)
				 (308, 270)(-0.130742, 0.0777385)(-0.04947, 0.226148)(0.0106007, -0.0106007)(-0.159011, 0.219081)(-0.134276, 0.385159)(0.102473, 0.367491)(-0.0388693, -0.335689)(-0.130742, 0.0777385)(-0.19788, 0.275618)(-0.229682, 0.434629)(-0.226148, 0.459364)(-0.0636042, 0.473498)(-0.134276, 0.385159)(0.0636042, 0.498233)(0.226148, 0.473498)(0.0212014, 0.00353357)(0.024735, -0.0388693)(-0.0353357, -0.332155)(-0.00353357, -0.374558)(0.0176678, -0.420495)(0.0141343, -0.477032)(-0.0318021, -0.498233)
descriptor[i][.]=(309, 270)(-0.195489, -0.498233)(0.0225564, -0.4947)(-0.473684, 0.473498)(0.473684, 0.487633)
				 (309, 270)(-0.0918728, -0.498233)(0.0106007, -0.4947)(-0.222615, 0.473498)(0.222615, 0.487633)
				 (309, 270)(-0.0918728, -0.498233)(-0.144876, -0.318021)(-0.162544, -0.109541)(-0.123675, 0.0883392)(-0.187279, 0.286219)(-0.208481, 0.473498)(-0.106007, 0.438163)(-0.0530035, 0.243816)(0.0282686, 0.413428)(0.173145, 0.498233)(0.130742, 0.40636)(0.0883392, 0.201413)(0.0282686, -0.00353357)(0.0353357, -0.208481)(0.0176678, -0.392226)
				 (309, 270)(-0.123675, 0.155477)(-0.0388693, 0.236749)(0.102473, 0.335689)(-0.120141, 0.0388693)(-0.127208, 0.39576)(0.144876, 0.431095)(-0.130742, 0.024735)(-0.127208, 0.123675)(-0.123675, 0.155477)(-0.229682, 0.469965)(-0.0706714, 0.473498)(-0.127208, 0.39576)(0.0424028, 0.484099)(0.229682, 0.484099)(0.0212014, -0.487633)(-0.0918728, -0.498233)
descriptor[i][.]=(310, 269)(-0.0298507, -0.498294)(0.00746269, -0.498294)(-0.447761, 0.460751)(0.470149, 0.501706)
				 (310, 269)(-0.0136519, -0.498294)(0.00341297, -0.498294)(-0.204778, 0.460751)(0.215017, 0.501706)
				 (310, 269)(-0.0136519, -0.498294)(-0.116041, -0.365188)(-0.129693, -0.163823)(-0.0989761, 0.0341297)(-0.143345, 0.228669)(-0.225256, 0.406143)(-0.0648464, 0.453925)(-0.0716724, 0.293515)(0.0102389, 0.34471)(0.112628, 0.501706)(0.180887, 0.43686)(0.105802, 0.262799)(0.0682594, 0.0682594)(0.0580205, -0.133106)(-0.00682594, -0.331058)
				 (310, 269)(-0.0204778, 0.228669)(0.116041, 0.375427)(-0.0955631, 0.112628)(-0.129693, 0.395904)(-0.0955631, 0.0409556)(-0.0716724, 0.460751)(-0.129693, 0.395904)(0.0477816, 0.474403)(0.0716724, 0.494881)(0.215017, 0.501706)(0.0102389, -0.494881)(-0.0546075, -0.494881)(-0.105802, 0.0273038)(-0.102389, 0.0887372)(-0.0955631, 0.112628)
descriptor[i][.]=(312, 268)(-0.0846154, -0.498305)(0.00769231, -0.494915)(-0.369231, 0.461017)(0.415385, 0.501695)
				 (312, 268)(-0.0372881, -0.498305)(0.00338983, -0.494915)(-0.162712, 0.461017)(0.183051, 0.501695)
				 (312, 268)(-0.0372881, -0.498305)(-0.0915254, -0.311864)(-0.105085, -0.115254)(-0.0610169, 0.0745763)(-0.128814, 0.250847)(-0.210169, 0.427119)(-0.105085, 0.420339)(-0.00338983, 0.264407)(0.040678, 0.440678)(0.189831, 0.494915)(0.118644, 0.366102)(0.122034, 0.186441)(0.0779661, -0.0101695)(0.0847458, -0.20678)(0.0542373, -0.379661)
				 (312, 268)(-0.0610169, 0.189831)(0.00677966, 0.261017)(-0.0610169, 0.0508475)(-0.111864, 0.386441)(-0.0644068, 0.0474576)(-0.125424, 0.240678)(-0.220339, 0.383051)(-0.216949, 0.420339)(-0.169492, 0.457627)(-0.0745763, 0.461017)(0.0372881, 0.484746)(0.216949, 0.484746)(0.0644068, -0.464407)(-0.0372881, -0.498305)(-0.0711864, -0.461017)
descriptor[i][.]=(314, 269)(-0.0634921, -0.491468)(0.119048, -0.498294)(-0.357143, 0.460751)(0.47619, 0.488055)
				 (314, 269)(-0.0273038, -0.491468)(0.0511945, -0.498294)(-0.153584, 0.460751)(0.204778, 0.488055)
				 (314, 269)(0.0375427, -0.498294)(-0.0853242, -0.382253)(-0.0921502, -0.194539)(-0.0750853, -0.00341297)(-0.0375427, 0.1843)(-0.180887, 0.320819)(-0.133106, 0.460751)(-0.0614334, 0.34471)(0.0307167, 0.395904)(0.133106, 0.501706)(0.12628, 0.426621)(0.12628, 0.232082)(0.112628, 0.0409556)(0.109215, -0.150171)(0.0273038, -0.331058)
				 (314, 269)(-0.0307167, 0.174061)(0.00341297, 0.286689)(-0.0409556, 0.0614334)(-0.105802, 0.389078)(-0.0443686, 0.0580205)(-0.0341297, 0.163823)(-0.16041, 0.457338)(-0.0819113, 0.460751)(0, 0.290102)(0.0307167, 0.484642)(0.211604, 0.484642)(0.0784983, -0.464164)(0.0580205, -0.494881)(-0.0273038, -0.491468)(-0.0580205, -0.47099)(-0.0819113, -0.40273)
descriptor[i][.]=(322, 269)(-0.0818182, -0.481229)(0.163636, -0.498294)(-0.309091, 0.447099)(0.481818, 0.488055)
				 (322, 269)(-0.0307167, -0.481229)(0.0614334, -0.498294)(-0.116041, 0.447099)(0.180887, 0.488055)
				 (322, 269)(0.0511945, -0.498294)(-0.0750853, -0.395904)(-0.0784983, -0.215017)(-0.0921502, -0.0341297)(0, 0.143345)(-0.133106, 0.286689)(-0.12628, 0.440273)(-0.0341297, 0.337884)(0.00682594, 0.47099)(0.170648, 0.488055)(0.0989761, 0.365188)(0.112628, 0.1843)(0.105802, 0.00341297)(0.112628, -0.177474)(0.0375427, -0.348123)
				 (322, 269)(0, 0.180887)(-0.0136519, 0.324232)(-0.0204778, 0.0750853)(-0.0750853, 0.382253)(-0.102389, -0.0511945)(-0.0204778, 0.0750853)(-0.150171, 0.293515)(-0.187713, 0.337884)(-0.174061, 0.385666)(-0.122867, 0.443686)(-0.0716724, 0.447099)(-0.0170648, 0.327645)(0.00341297, 0.484642)(0.187713, 0.484642)(0.0784983, -0.491468)(-0.0307167, -0.481229)(-0.0648464, -0.43686)
descriptor[i][.]=(327, 268)(-0.141414, -0.452703)(0.121212, -0.5)(-0.020202, 0.486486)(0.484848, 0.486486)
				 (327, 268)(-0.0472973, -0.452703)(0.0405405, -0.5)(-0.00675676, 0.486486)(0.162162, 0.486486)
				 (327, 268)(0.0304054, -0.5)(-0.0743243, -0.375)(-0.0810811, -0.202703)(-0.0878378, -0.027027)(-0.0101351, 0.138514)(-0.097973, 0.266892)(-0.125, 0.412162)(-0.0337838, 0.35473)(0.0101351, 0.489865)(0.168919, 0.466216)(0.097973, 0.341216)(0.118243, 0.165541)(0.097973, -0.00675676)(0.10473, -0.182432)(0.0506757, -0.35473)
				 (327, 268)(0, 0.192568)(-0.0168919, 0.35473)(0.0777027, 0.415541)(0.0439189, -0.331081)(-0.165541, 0.341216)(-0.10473, 0.435811)(-0.0574324, 0.445946)(-0.0135135, 0.483108)(0.162162, 0.486486)(0.168919, 0.462838)(0.097973, -0.236486)(0.0472973, -0.327703)(0.0810811, -0.466216)(0.0405405, -0.5)(-0.0472973, -0.452703)
descriptor[i][.]=(332, 269)(-0.0555556, -0.486395)(0.177778, -0.5)(-0.0111111, 0.493197)(0.311111, 0.5)
				 (332, 269)(-0.0170068, -0.486395)(0.0544218, -0.5)(-0.00340136, 0.493197)(0.0952381, 0.5)
				 (332, 269)(0.0306122, -0.5)(-0.0748299, -0.394558)(-0.0884354, -0.234694)(-0.108844, -0.0714286)(-0.0238095, 0.0748299)(-0.0340136, 0.227891)(-0.14966, 0.35034)(-0.0238095, 0.459184)(0.112245, 0.489796)(0.0612245, 0.404762)(0.0884354, 0.244898)(0.115646, 0.0918367)(0.115646, -0.0646259)(0.0986395, -0.227891)(0.0578231, -0.370748)
				 (332, 269)(-0.00680272, 0.176871)(0.0612245, 0.408163)(0.037415, -0.336735)(-0.0238095, 0.0714286)(0.0782313, 0.265306)(-0.0306122, 0.0884354)(-0.00680272, 0.176871)(-0.153061, 0.340136)(-0.00340136, 0.493197)(0.153061, 0.482993)(0.085034, 0.319728)(0.0782313, 0.265306)(0.129252, 0.204082)(0.0510204, -0.319728)(0.085034, -0.421769)(0.0782313, -0.47619)(-0.0170068, -0.486395)
descriptor[i][.]=(347, 266)(-0.105263, -0.48495)(0.0789474, -0.498328)(-0.0789474, 0.501672)(0.157895, 0.501672)
				 (347, 266)(-0.0267559, -0.48495)(0.0200669, -0.498328)(-0.0200669, 0.501672)(0.0401338, 0.501672)
				 (347, 266)(0, -0.498328)(-0.0936455, -0.394649)(-0.103679, -0.237458)(-0.117057, -0.0869565)(-0.0602007, 0.0635452)(-0.0468227, 0.220736)(-0.120401, 0.364548)(-0.0535117, 0.491639)(0.100334, 0.481605)(0.0234114, 0.361204)(0.103679, 0.22408)(0.100334, 0.0735786)(0.090301, -0.0702341)(0.0735786, -0.227425)(0.0501672, -0.374582)
				 (347, 266)(-0.0401338, 0.170569)(-0.0702341, 0.438127)(0.0133779, 0.397993)(-0.0802676, -0.337793)(-0.0568562, 0.0535117)(-0.0668896, 0.294314)(0.0367893, 0.32107)(-0.120401, -0.0301003)(-0.083612, 0.0234114)(-0.0568562, 0.0535117)(-0.0434783, 0.167224)(-0.0468227, 0.187291)(-0.0668896, 0.280936)(-0.090301, 0.311037)(-0.120401, 0.361204)(-0.0735786, 0.434783)(-0.0802676, 0.474916)(0.100334, 0.48495)(0.0133779, 0.397993)(0.0367893, 0.32107)(0.123746, 0.204013)(0.0267559, -0.494983)(-0.0936455, -0.371237)(-0.0802676, -0.337793)
descriptor[i][.]=(352, 267)(-0.141026, -0.47651)(0.0641026, -0.5)(-0.192308, 0.5)(0.0384615, 0.5)
				 (352, 267)(-0.0369128, -0.47651)(0.0167785, -0.5)(-0.0503356, 0.5)(0.0100671, 0.5)
				 (352, 267)(0.0134228, -0.5)(-0.090604, -0.392617)(-0.107383, -0.244966)(-0.124161, -0.0973154)(-0.0671141, 0.0503356)(-0.0536913, 0.201342)(-0.0838926, 0.352349)(-0.0771812, 0.486577)(0.0771812, 0.486577)(0.0503356, 0.35906)(0.11745, 0.214765)(0.104027, 0.0671141)(0.090604, -0.0771812)(0.0704698, -0.228188)(0.0402685, -0.369128)
				 (352, 267)(-0.057047, 0.0671141)(0.0469799, 0.372483)(0.0201342, -0.332215)(-0.0604027, 0.0637584)(-0.0973154, 0.483221)(0.0771812, 0.486577)(0.0939597, 0.446309)(0.0469799, 0.372483)(0.0704698, -0.244966)(0.0234899, -0.328859)(0.0469799, -0.372483)(0.0604027, -0.409396)(0.057047, -0.469799)(0.0167785, -0.5)(-0.0436242, -0.473154)
descriptor[i][.]=(368, 266)(-0.168421, -0.498328)(0.0105263, -0.494983)(-0.305263, 0.501672)(0.105263, 0.488294)
				 (368, 266)(-0.0535117, -0.498328)(0.00334448, -0.494983)(-0.09699, 0.501672)(0.0334448, 0.488294)
				 (368, 266)(-0.0535117, -0.498328)(-0.103679, -0.367893)(-0.137124, -0.204013)(-0.147157, -0.0434783)(-0.0869565, 0.110368)(-0.113712, 0.270903)(-0.143813, 0.431438)(-0.0334448, 0.501672)(0.113712, 0.461538)(0.0802676, 0.384615)(0.0936455, 0.220736)(0.090301, 0.0602007)(0.0668896, -0.0869565)(0.0434783, -0.250836)(0.0367893, -0.394649)
				 (368, 266)(-0.083612, 0.0802676)(-0.0869565, 0.0769231)(-0.150502, 0.464883)(0.160535, 0.444816)(0.0367893, -0.444816)(0.0234114, -0.478261)(-0.0702341, -0.494983)(-0.100334, -0.468227)
descriptor[i][.]=(378, 266)(-0.145455, -0.5)(0, -0.483333)(-0.481818, 0.483333)(0.436364, 0.473333)
				 (378, 266)(-0.0533333, -0.5)(0, -0.483333)(-0.176667, 0.483333)(0.16, 0.473333)
				 (378, 266)(-0.0533333, -0.5)(-0.126667, -0.373333)(-0.156667, -0.21)(-0.17, -0.0433333)(-0.113333, 0.116667)(-0.15, 0.28)(-0.17, 0.446667)(-0.05, 0.493333)(0.11, 0.473333)(0.126667, 0.413333)(0.0733333, 0.266667)(0.05, 0.1)(0.04, -0.0466667)(0.0333333, -0.213333)(0.00666667, -0.373333)
				 (378, 266)(-0.11, 0.16)(0.0766667, 0.353333)(-0.116667, 0.04)(0.05, 0.103333)(-0.0166667, -0.313333)(-0.116667, 0.04)(-0.11, 0.16)(-0.183333, 0.48)(0.16, 0.473333)(0.183333, 0.433333)(0.0533333, 0.106667)(0.0766667, 0.06)(-0.0133333, -0.31)(0.01, -0.373333)(0.01, -0.473333)(-0.04, -0.5)(-0.11, -0.473333)
descriptor[i][.]=(387, 267)(-0.145161, -0.498316)(0, -0.484848)(-0.483871, 0.488215)(0.282258, 0.47138)
				 (387, 267)(-0.0606061, -0.498316)(0, -0.484848)(-0.20202, 0.488215)(0.117845, 0.47138)
				 (387, 267)(-0.0606061, -0.498316)(-0.127946, -0.340067)(-0.16835, -0.148148)(-0.117845, 0.043771)(-0.138047, 0.23569)(-0.205387, 0.420875)(-0.0774411, 0.494949)(-0.0909091, 0.377104)(0.003367, 0.360269)(0.127946, 0.464646)(0.117845, 0.390572)(0.0639731, 0.212121)(0.0808081, 0.030303)(0.043771, -0.158249)(-0.016835, -0.346801)
				 (387, 267)(-0.03367, 0.279461)(0.0606061, 0.228956)(-0.121212, -0.350168)(-0.114478, 0.151515)(-0.104377, 0.40404)(0.121212, 0.400673)(0.037037, 0.0841751)(-0.020202, -0.333333)(-0.121212, 0.030303)(-0.030303, 0.488215)(0.040404, 0.47138)(0.208754, 0.434343)(0.121212, 0.400673)(0.0673401, 0.0639731)(-0.016835, -0.329966)(0.003367, -0.373737)(0.003367, -0.481481)(-0.0875421, -0.488215)(-0.141414, -0.397306)(-0.121212, -0.350168)(-0.175084, -0.0707071)(-0.171717, -0.040404)(-0.124579, 0.026936)(-0.114478, 0.151515)
descriptor[i][.]=(389, 267)(-0.0806452, -0.498316)(0.00806452, -0.484848)(-0.387097, 0.501684)(0.435484, 0.461279)
				 (389, 267)(-0.03367, -0.498316)(0.003367, -0.484848)(-0.161616, 0.501684)(0.181818, 0.461279)
				 (389, 267)(-0.03367, -0.498316)(-0.121212, -0.353535)(-0.161616, -0.164983)(-0.124579, 0.023569)(-0.121212, 0.215488)(-0.191919, 0.393939)(-0.10101, 0.501684)(-0.0976431, 0.390572)(0.010101, 0.353535)(0.114478, 0.47138)(0.127946, 0.407407)(0.0740741, 0.218855)(0.0841751, 0.043771)(0.0572391, -0.141414)(-0.013468, -0.329966)
				 (389, 267)(-0.10101, 0.158249)(-0.030303, 0.282828)(0.0841751, 0.299663)(-0.104377, 0.047138)(-0.107744, 0.420875)(0.023569, 0.37037)(0.117845, 0.400673)(0.043771, 0.0875421)(-0.013468, -0.326599)(-0.104377, 0.047138)(-0.111111, 0.0942761)(-0.10101, 0.158249)(-0.208754, 0.468013)(-0.040404, 0.488215)(-0.107744, 0.420875)(-0.013468, 0.319865)(0.023569, 0.37037)(0.037037, 0.47138)(0.181818, 0.461279)(0.208754, 0.43771)(0.117845, 0.400673)(0.0875421, 0.30303)(0.0505051, 0.10101)(0.0774411, 0.0673401)(-0.010101, -0.323232)(0.023569, -0.434343)(-0.003367, -0.491582)(-0.0976431, -0.478114)(-0.121212, -0.420875)
descriptor[i][.]=(388, 267)(-0.117647, -0.5)(0.0756303, -0.493289)(-0.394958, 0.5)(0.487395, 0.459732)
				 (388, 267)(-0.0469799, -0.5)(0.0302013, -0.493289)(-0.157718, 0.5)(0.194631, 0.459732)
				 (388, 267)(-0.0469799, -0.5)(-0.0872483, -0.332215)(-0.127517, -0.14094)(-0.0671141, 0.0436242)(-0.0872483, 0.228188)(-0.187919, 0.392617)(-0.0939597, 0.496644)(-0.0738255, 0.379195)(0.0369128, 0.385906)(0.14094, 0.459732)(0.11745, 0.365772)(0.107383, 0.174497)(0.090604, -0.0100671)(0.0771812, -0.201342)(0.0436242, -0.38255)
				 (388, 267)(-0.0604027, 0.187919)(0, 0.302013)(-0.0671141, 0.0436242)(-0.0872483, 0.416107)(0.033557, 0.365772)(-0.0704698, 0.0402685)(-0.197987, 0.436242)(-0.033557, 0.486577)(-0.0872483, 0.416107)(0.033557, 0.365772)(0.0369128, 0.469799)(0.194631, 0.459732)(0.0436242, -0.483221)(-0.0469799, -0.5)
descriptor[i][.]=(390, 266)(-0.112069, -0.5)(0.0344828, -0.493333)(-0.310345, 0.5)(0.482759, 0.46)
				 (390, 266)(-0.0433333, -0.5)(0.0133333, -0.493333)(-0.12, 0.5)(0.186667, 0.46)
				 (390, 266)(-0.0433333, -0.5)(-0.0833333, -0.34)(-0.12, -0.153333)(-0.0733333, 0.0266667)(-0.06, 0.216667)(-0.18, 0.37)(-0.0966667, 0.496667)(-0.06, 0.373333)(0.0333333, 0.426667)(0.17, 0.46)(0.113333, 0.323333)(0.11, 0.166667)(0.09, -0.01)(0.0833333, -0.196667)(0.05, -0.376667)
				 (390, 266)(-0.04, 0.183333)(-0.00333333, 0.316667)(-0.08, -0.323333)(-0.0433333, 0.0766667)(-0.0866667, 0.42)(0.03, 0.366667)(-0.0833333, -0.32)(-0.123333, -0.166667)(-0.0433333, 0.0766667)(-0.05, 0.13)(-0.04, 0.183333)(-0.186667, 0.373333)(-0.193333, 0.44)(-0.0433333, 0.483333)(-0.0866667, 0.42)(0.0266667, 0.363333)(0.03, 0.466667)(0.186667, 0.46)(0.0566667, -0.456667)(0.0366667, -0.483333)(-0.04, -0.5)
descriptor[i][.]=(391, 264)(-0.0619469, -0.5)(0.0973451, -0.493243)(-0.274336, 0.5)(0.486726, 0.472973)
				 (391, 264)(-0.0236486, -0.5)(0.0371622, -0.493243)(-0.10473, 0.5)(0.185811, 0.472973)
				 (391, 264)(-0.0236486, -0.5)(-0.0540541, -0.337838)(-0.0878378, -0.152027)(-0.0506757, 0.0236486)(0.00675676, 0.206081)(-0.135135, 0.351351)(-0.138514, 0.486486)(-0.0641892, 0.415541)(0.0304054, 0.442568)(0.175676, 0.472973)(0.118243, 0.337838)(0.114865, 0.152027)(0.121622, -0.027027)(0.101351, -0.212838)(0.0743243, -0.381757)
				 (391, 264)(0.0101351, 0.202703)(0, 0.351351)(0.108108, 0.378378)(0.0439189, -0.324324)(-0.0540541, -0.337838)(-0.0709459, 0.425676)(-0.0540541, -0.337838)(0.0101351, 0.202703)(-0.185811, 0.385135)(-0.162162, 0.483108)(-0.0472973, 0.5)(-0.0709459, 0.425676)(0.0337838, 0.483108)(0.185811, 0.472973)(0.135135, 0.0472973)(0.0540541, -0.314189)(0.0777027, -0.385135)(0.0574324, -0.486486)(-0.0236486, -0.5)
descriptor[i][.]=(396, 265)(-0.0192308, -0.493197)(0.105769, -0.5)(-0.336538, 0.5)(0.480769, 0.472789)
				 (396, 265)(-0.00680272, -0.493197)(0.037415, -0.5)(-0.119048, 0.5)(0.170068, 0.472789)
				 (396, 265)(0.00680272, -0.5)(-0.0680272, -0.353741)(-0.0986395, -0.170068)(-0.0680272, 0.0102041)(0.00680272, 0.190476)(-0.12585, 0.323129)(-0.12585, 0.472789)(-0.0646259, 0.421769)(0.0136054, 0.435374)(0.139456, 0.472789)(0.0952381, 0.360544)(0.12585, 0.180272)(0.108844, 0)(0.108844, -0.180272)(0.047619, -0.357143)
				 (396, 265)(0.0102041, 0.20068)(-0.00680272, 0.35034)(0.0918367, 0.380952)(0.037415, -0.329932)(-0.0680272, 0.428571)(-0.176871, 0.357143)(-0.12585, 0.496599)(-0.047619, 0.5)(-0.0680272, 0.428571)(0.0102041, 0.482993)(0.170068, 0.472789)(0.0952381, -0.244898)(0.0408163, -0.326531)(0.0680272, -0.387755)(0.0714286, -0.462585)(0.0510204, -0.493197)(0.00680272, -0.5)(-0.0748299, -0.411565)
descriptor[i][.]=(403, 262)(-0.123596, -0.4811)(0.0561798, -0.498282)(-0.235955, 0.501718)(0.483146, 0.487973)
				 (403, 262)(-0.0378007, -0.4811)(0.0171821, -0.498282)(-0.0721649, 0.501718)(0.147766, 0.487973)
				 (403, 262)(0.0137457, -0.498282)(-0.0721649, -0.398625)(-0.0893471, -0.237113)(-0.0962199, -0.0790378)(-0.0412371, 0.0790378)(-0.0171821, 0.24055)(-0.134021, 0.357388)(-0.0687285, 0.501718)(0.0927835, 0.487973)(0.0756014, 0.419244)(0.120275, 0.271478)(0.127148, 0.109966)(0.113402, -0.0515464)(0.0962199, -0.213058)(0.0549828, -0.364261)
				 (403, 262)(-0.0137457, 0.230241)(0.0721649, 0.398625)(0.0996564, 0.00687285)(0.0378007, -0.329897)(-0.04811, 0.295533)(0.0790378, 0.323024)(-0.0996564, -0.0274914)(-0.0137457, 0.230241)(-0.04811, 0.295533)(-0.0687285, 0.302405)(-0.127148, 0.340206)(-0.147766, 0.37457)(-0.0859107, 0.494845)(0.147766, 0.487973)(0.0824742, 0.353952)(0.0962199, 0.309278)(0.140893, 0.243986)(0.109966, 0.0171821)(0.0412371, -0.32646)(0.0652921, -0.453608)(0.0515464, -0.484536)(0.0171821, -0.498282)(-0.0378007, -0.4811)
descriptor[i][.]=(411, 262)(-0.0224719, -0.5)(0.0561798, -0.493151)(-0.213483, 0.5)(0.483146, 0.5)
				 (411, 262)(-0.00684932, -0.5)(0.0171233, -0.493151)(-0.0650685, 0.5)(0.14726, 0.5)
				 (411, 262)(-0.00684932, -0.5)(-0.0856164, -0.386986)(-0.10274, -0.222603)(-0.116438, -0.0616438)(-0.0513699, 0.0924658)(-0.0410959, 0.256849)(-0.150685, 0.390411)(-0.0342466, 0.5)(0.126712, 0.5)(0.0479452, 0.410959)(0.109589, 0.267123)(0.116438, 0.106164)(0.0958904, -0.0547945)(0.0821918, -0.215753)(0.0445205, -0.369863)
				 (411, 262)(-0.0342466, 0.205479)(0.0445205, 0.390411)(-0.0582192, 0.0650685)(-0.0513699, 0.284247)(0.0616438, 0.441781)(0.0479452, 0.339041)(-0.0582192, 0.0650685)(-0.0342466, 0.205479)(-0.0513699, 0.280822)(-0.0753425, 0.30137)(-0.143836, 0.373288)(0.14726, 0.5)(0.130137, 0.465753)(0.0650685, 0.441781)(0.0445205, 0.390411)(0.0479452, 0.339041)(0.123288, 0.253425)(0.143836, 0.188356)(0.0445205, -0.479452)(-0.0582192, -0.489726)
descriptor[i][.]=(417, 262)(-0.025974, -0.498282)(0.012987, -0.498282)(-0.181818, 0.501718)(0.480519, 0.501718)
				 (417, 262)(-0.00687285, -0.498282)(0.00343643, -0.498282)(-0.04811, 0.501718)(0.127148, 0.501718)
				 (417, 262)(-0.00687285, -0.498282)(-0.106529, -0.398625)(-0.106529, -0.24055)(-0.123711, -0.0824742)(-0.0721649, 0.0721649)(-0.0515464, 0.230241)(-0.113402, 0.378007)(-0.0343643, 0.501718)(0.120275, 0.501718)(0.0274914, 0.405498)(0.113402, 0.261168)(0.116838, 0.103093)(0.0859107, -0.0549828)(0.0721649, -0.213058)(0.0309278, -0.360825)
				 (417, 262)(-0.0515464, 0.189003)(0.0274914, 0.415808)(-0.0687285, 0.0756014)(-0.0618557, 0.298969)(0.0343643, 0.353952)(-0.0687285, 0.0756014)(-0.0515464, 0.189003)(-0.0618557, 0.298969)(-0.109966, 0.364261)(-0.113402, 0.446735)(-0.0618557, 0.494845)(0.127148, 0.501718)(0.0343643, 0.353952)(0.123711, 0.243986)(0.134021, 0.168385)(0.04811, -0.43299)(0.0309278, -0.4811)(0.00343643, -0.498282)(-0.0549828, -0.4811)
descriptor[i][.]=(423, 263)(-0.0526316, -0.5)(0, -0.496644)(-0.210526, 0.486577)(0.447368, 0.5)
				 (423, 263)(-0.0134228, -0.5)(0, -0.496644)(-0.0536913, 0.486577)(0.114094, 0.5)
				 (423, 263)(-0.0134228, -0.5)(-0.0939597, -0.392617)(-0.114094, -0.241611)(-0.120805, -0.090604)(-0.0838926, 0.0604027)(-0.0637584, 0.211409)(-0.0771812, 0.35906)(-0.0369128, 0.486577)(0.114094, 0.5)(0.0671141, 0.372483)(0.124161, 0.224832)(0.104027, 0.0738255)(0.0838926, -0.0771812)(0.0637584, -0.228188)(0.033557, -0.372483)
				 (423, 263)(0.0604027, 0.38255)(0.0637584, 0.439597)(-0.0604027, 0.483221)(0.114094, 0.5)(0.0637584, 0.439597)(0.0604027, 0.38255)(0.0369128, -0.469799)(-0.00671141, -0.5)(-0.0771812, -0.466443)
descriptor[i][.]=(438, 266)(-0.161616, -0.5)(0.010101, -0.476667)(-0.353535, 0.473333)(0.464646, 0.486667)
				 (438, 266)(-0.0533333, -0.5)(0.00333333, -0.476667)(-0.116667, 0.473333)(0.153333, 0.486667)
				 (438, 266)(-0.0533333, -0.5)(-0.13, -0.373333)(-0.14, -0.216667)(-0.163333, -0.06)(-0.103333, 0.0933333)(-0.12, 0.253333)(-0.116667, 0.413333)(-0.0266667, 0.476667)(0.123333, 0.486667)(0.0833333, 0.403333)(0.08, 0.246667)(0.0733333, 0.0866667)(0.05, -0.0666667)(0.0366667, -0.226667)(0.00666667, -0.373333)
				 (438, 266)(0.09, 0.5)(0.16, 0.483333)(0.0133333, -0.44)(0.00333333, -0.476667)(-0.0366667, -0.5)
descriptor[i][.]=(444, 266)(-0.163462, -0.5)(0.00961538, -0.45)(-0.384615, 0.473333)(0.442308, 0.5)
				 (444, 266)(-0.0566667, -0.5)(0.00333333, -0.45)(-0.133333, 0.473333)(0.153333, 0.5)
				 (444, 266)(-0.0566667, -0.5)(-0.15, -0.383333)(-0.153333, -0.22)(-0.173333, -0.0566667)(-0.123333, 0.1)(-0.14, 0.263333)(-0.14, 0.426667)(-0.03, 0.473333)(0.123333, 0.496667)(0.0966667, 0.43)(0.08, 0.266667)(0.0666667, 0.103333)(0.0366667, -0.0566667)(0.0233333, -0.22)(-0.00666667, -0.376667)
				 (444, 266)(-0.15, 0.466667)(0.153333, 0.5)(-0.00666667, -0.49)(-0.0466667, -0.5)(-0.0966667, -0.483333)
descriptor[i][.]=(453, 265)(-0.243478, -0.5)(-1, -1)(-0.452174, 0.47351)(0.452174, 0.486755)
				 (453, 265)(-0.0927152, -0.5)(-1, -1)(-0.172185, 0.47351)(0.172185, 0.486755)
				 (453, 265)(-0.0927152, -0.5)(-0.145695, -0.350993)(-0.165563, -0.18543)(-0.178808, -0.0264901)(-0.135762, 0.13245)(-0.162252, 0.294702)(-0.172185, 0.460265)(-0.0264901, 0.47351)(0.13245, 0.490066)(0.102649, 0.430464)(0.0629139, 0.274834)(0.0496689, 0.109272)(0.0231788, -0.0562914)(0.00993377, -0.221854)(-0.0165563, -0.380795)
				 (453, 265)(-0.13245, 0.0596026)(0.0728477, 0.36755)(0.0993377, 0.430464)(-0.13245, 0.0596026)(-0.178808, 0.470199)(0.192053, 0.47351)(0.119205, 0.433775)(0.0728477, 0.36755)(-0.00993377, -0.450331)(-0.0331126, -0.483444)(-0.0860927, -0.5)
descriptor[i][.]=(456, 266)(-0.267857, -0.494983)(-1, -1)(-0.473214, 0.474916)(0.455357, 0.501672)
				 (456, 266)(-0.100334, -0.494983)(-1, -1)(-0.177258, 0.474916)(0.170569, 0.501672)
				 (456, 266)(-0.0635452, -0.498328)(-0.143813, -0.384615)(-0.167224, -0.220736)(-0.187291, -0.0535117)(-0.137124, 0.107023)(-0.16388, 0.270903)(-0.177258, 0.434783)(-0.0535117, 0.474916)(0.107023, 0.501672)(0.12709, 0.441472)(0.0635452, 0.297659)(0.0602007, 0.130435)(0.0267559, -0.0367893)(0.0133779, -0.204013)(-0.0301003, -0.35786)
				 (456, 266)(0.0668896, 0.364548)(0.0936455, 0.431438)(-0.183946, 0.471572)(0.170569, 0.501672)(0.183946, 0.461538)(0.113712, 0.434783)(0.0668896, 0.364548)(-0.0267559, -0.48495)(-0.100334, -0.494983)(-0.133779, -0.471572)
descriptor[i][.]=(455, 267)(-0.0982143, -0.5)(0, -0.486577)(-0.482143, 0.469799)(0.482143, 0.5)
				 (455, 267)(-0.0369128, -0.5)(0, -0.486577)(-0.181208, 0.469799)(0.181208, 0.5)
				 (455, 267)(-0.0369128, -0.5)(-0.130872, -0.392617)(-0.144295, -0.224832)(-0.161074, -0.057047)(-0.107383, 0.107383)(-0.147651, 0.268456)(-0.177852, 0.42953)(-0.0604027, 0.473154)(0.104027, 0.5)(0.130872, 0.449664)(0.0805369, 0.305369)(0.0738255, 0.137584)(0.057047, -0.0302013)(0.0402685, -0.197987)(-0.00671141, -0.352349)
				 (455, 267)(-0.104027, 0.154362)(-0.104027, 0.154362)(-0.187919, 0.466443)(0.181208, 0.5)(0.0033557, -0.483221)(-0.0268456, -0.5)(-0.11745, -0.473154)
descriptor[i][.]=(455, 266)(-0.0982143, -0.5)(0.0178571, -0.486667)(-0.482143, 0.473333)(0.4375, 0.5)
				 (455, 266)(-0.0366667, -0.5)(0.00666667, -0.486667)(-0.18, 0.473333)(0.163333, 0.5)
				 (455, 266)(-0.0366667, -0.5)(-0.123333, -0.363333)(-0.14, -0.2)(-0.15, -0.0333333)(-0.0933333, 0.13)(-0.146667, 0.286667)(-0.186667, 0.446667)(-0.0433333, 0.473333)(0.116667, 0.496667)(0.106667, 0.433333)(0.09, 0.276667)(0.0833333, 0.113333)(0.0733333, -0.0466667)(0.0466667, -0.21)(0.00333333, -0.366667)
				 (455, 266)(-0.09, 0.17)(-0.1, 0.0566667)(-0.103333, 0.0533333)(-0.09, 0.17)(-0.186667, 0.47)(0.163333, 0.5)(0.01, -0.48)(-0.0266667, -0.5)
descriptor[i][.]=(457, 266)(-0.0740741, -0.5)(0.0277778, -0.49)(-0.462963, 0.473333)(0.481481, 0.5)
				 (457, 266)(-0.0266667, -0.5)(0.01, -0.49)(-0.166667, 0.473333)(0.173333, 0.5)
				 (457, 266)(-0.0266667, -0.5)(-0.12, -0.376667)(-0.123333, -0.21)(-0.133333, -0.0466667)(-0.0733333, 0.113333)(-0.126667, 0.27)(-0.18, 0.423333)(-0.0533333, 0.47)(0.106667, 0.5)(0.113333, 0.44)(0.0866667, 0.29)(0.0866667, 0.123333)(0.0766667, -0.04)(0.06, -0.206667)(0.01, -0.363333)
				 (457, 266)(-0.0666667, 0.166667)(-0.0466667, 0.466667)(-0.0666667, 0.166667)(-0.18, 0.423333)(-0.173333, 0.47)(-0.0466667, 0.466667)(0.173333, 0.5)(0.0333333, -0.463333)(-0.00333333, -0.496667)(-0.116667, -0.43)
