walkDescr2.dat
size1 32
size3 33
beh_type.id 10
sizes[]=48 49 42 41 42 41 38 49 47 45 33 46 40 45 51 36 44 41 43 44 46 46 41 47 37 41 40 45 42 39 38 30 
thresholds[]=0.16 0.16 0.16 0.16 0.16 0.16 0.16 0.16 0.16 0.16 0.16 0.16 0.16 0.16 0.16 0.16 0.16 0.16 0.16 0.16 0.16 0.16 0.16 0.16 0.16 0.16 0.16 0.16 0.16 0.16 0.16 0.16 
map[0][.]=0 1 0 0 0 0 0 0 0 0 0 0 0 0 0 0 0 0 0 0 0 0 0 0 0 0 0 0 0 0 0 0 0 
map[1][.]=0 0 1 0 0 0 0 0 0 0 0 0 0 0 0 0 0 0 0 0 0 0 0 0 0 0 0 0 0 0 0 0 0 
map[2][.]=0 0 0 1 0 0 0 0 0 0 0 0 0 0 0 0 0 0 0 0 0 0 0 0 0 0 0 0 0 0 0 0 0 
map[3][.]=0 0 0 0 1 0 0 0 0 0 0 0 0 0 0 0 0 0 0 0 0 0 0 0 0 0 0 0 0 0 0 0 0 
map[4][.]=0 0 0 0 0 1 0 0 0 0 0 0 0 0 0 0 0 0 0 0 0 0 0 0 0 0 0 0 0 0 0 0 0 
map[5][.]=0 0 0 0 0 0 1 0 0 0 0 0 0 0 0 0 0 0 0 0 0 0 0 0 0 0 0 0 0 0 0 0 0 
map[6][.]=0 0 0 0 0 0 0 1 0 0 0 0 0 0 0 0 0 0 0 0 0 0 0 0 0 0 0 0 0 0 0 0 0 
map[7][.]=0 0 0 0 0 0 0 0 1 0 0 0 0 0 0 0 0 0 0 0 0 0 0 0 0 0 0 0 0 0 0 0 0 
map[8][.]=0 0 0 0 0 0 0 0 0 1 0 0 0 0 0 0 0 0 0 0 0 0 0 0 0 0 0 0 0 0 0 0 0 
map[9][.]=0 0 0 0 0 0 0 0 0 0 1 0 0 0 0 0 0 0 0 0 0 0 0 0 0 0 0 0 0 0 0 0 0 
map[10][.]=0 0 0 0 0 0 0 0 0 0 0 1 0 0 0 0 0 0 0 0 0 0 0 0 0 0 0 0 0 0 0 0 0 
map[11][.]=0 0 0 0 0 0 0 0 0 0 0 0 1 0 0 0 0 0 0 0 0 0 0 0 0 0 0 0 0 0 0 0 0 
map[12][.]=0 0 0 0 0 0 0 0 0 0 0 0 0 1 0 0 0 0 0 0 0 0 0 0 0 0 0 0 0 0 0 0 0 
map[13][.]=0 0 0 0 0 0 0 0 0 0 0 0 0 0 1 0 0 0 0 0 0 0 0 0 0 0 0 0 0 0 0 0 0 
map[14][.]=0 0 0 0 0 0 0 0 0 0 0 0 0 0 0 1 0 0 0 0 0 0 0 0 0 0 0 0 0 0 0 0 0 
map[15][.]=0 0 0 0 0 0 0 0 0 0 0 0 0 0 0 0 1 0 0 0 0 0 0 0 0 0 0 0 0 0 0 0 0 
map[16][.]=0 0 0 0 0 0 0 0 0 0 0 0 0 0 0 0 0 1 0 0 0 0 0 0 0 0 0 0 0 0 0 0 0 
map[17][.]=0 0 0 0 0 0 0 0 0 0 0 0 0 0 0 0 0 0 1 0 0 0 0 0 0 0 0 0 0 0 0 0 0 
map[18][.]=0 0 0 0 0 0 0 0 0 0 0 0 0 0 0 0 0 0 0 1 0 0 0 0 0 0 0 0 0 0 0 0 0 
map[19][.]=0 0 0 0 0 0 0 0 0 0 0 0 0 0 0 0 0 0 0 0 1 0 0 0 0 0 0 0 0 0 0 0 0 
map[20][.]=0 0 0 0 0 0 0 0 0 0 0 0 0 0 0 0 0 0 0 0 0 1 0 0 0 0 0 0 0 0 0 0 0 
map[21][.]=0 0 0 0 0 0 0 0 0 0 0 0 0 0 0 0 0 0 0 0 0 0 1 0 0 0 0 0 0 0 0 0 0 
map[22][.]=0 0 0 0 0 0 0 0 0 0 0 0 0 0 0 0 0 0 0 0 0 0 0 1 0 0 0 0 0 0 0 0 0 
map[23][.]=0 0 0 0 0 0 0 0 0 0 0 0 0 0 0 0 0 0 0 0 0 0 0 0 1 0 0 0 0 0 0 0 0 
map[24][.]=0 0 0 0 0 0 0 0 0 0 0 0 0 0 0 0 0 0 0 0 0 0 0 0 0 1 0 0 0 0 0 0 0 
map[25][.]=0 0 0 0 0 0 0 0 0 0 0 0 0 0 0 0 0 0 0 0 0 0 0 0 0 0 1 0 0 0 0 0 0 
map[26][.]=0 0 0 0 0 0 0 0 0 0 0 0 0 0 0 0 0 0 0 0 0 0 0 0 0 0 0 1 0 0 0 0 0 
map[27][.]=0 0 0 0 0 0 0 0 0 0 0 0 0 0 0 0 0 0 0 0 0 0 0 0 0 0 0 0 1 0 0 0 0 
map[28][.]=0 0 0 0 0 0 0 0 0 0 0 0 0 0 0 0 0 0 0 0 0 0 0 0 0 0 0 0 0 1 0 0 0 
map[29][.]=0 0 0 0 0 0 0 0 0 0 0 0 0 0 0 0 0 0 0 0 0 0 0 0 0 0 0 0 0 0 1 0 0 
map[30][.]=0 0 0 0 0 0 0 0 0 0 0 0 0 0 0 0 0 0 0 0 0 0 0 0 0 0 0 0 0 0 0 1 0 
map[31][.]=0 0 0 0 0 0 0 0 0 0 0 0 0 0 0 0 0 0 0 0 0 0 0 0 0 0 0 0 0 0 0 0 1 
map[32][.]=0 0 0 0 0 0 0 0 0 0 0 0 0 0 0 0 0 0 0 0 0 0 0 0 0 0 0 0 0 0 0 0 0 
isLast[.]=false false false false false false false false false false false false false false false false false false false false false false false false false false false false false false false false true 
descriptor[i][.]=(96, 312)(-0.0117647, -0.459375)(0.164706, -0.5)(-0.176471, 0.5)(0.2, 0.4875)
				 (96, 312)(-0.003125, -0.459375)(0.04375, -0.5)(-0.046875, 0.5)(0.053125, 0.4875)
				 (96, 312)(0.040625, -0.5)(-0.021875, -0.375)(-0.09375, -0.24375)(-0.109375, -0.084375)(-0.125, 0.071875)(-0.103125, 0.225)(-0.103125, 0.38125)(-0.034375, 0.496875)(0.05625, 0.43125)(0.021875, 0.315625)(0.05, 0.1625)(0.134375, 0.034375)(0.115625, -0.125)(0.134375, -0.278125)(0.11875, -0.384375)
				 (96, 312)(-0.09375, 0.1625)(0.0125, 0.3375)(0.06875, -0.321875)(-0.00625, -0.38125)(0.00625, 0.425)(0.040625, 0.178125)(-0.096875, 0.159375)(-0.096875, 0.478125)(-0.046875, 0.5)(0.053125, 0.4875)(0.075, 0.459375)(0.065625, 0.434375)(0.0125, 0.3375)(0.040625, 0.178125)(0.103125, 0.109375)(0.134375, -0.28125)(0.115625, -0.371875)(0.0875, -0.4875)(0.04375, -0.5)(-0.00625, -0.384375)(-0.0375, -0.378125)
descriptor[i][.]=(96, 314)(-0.011236, -0.479365)(0.314607, -0.498413)(-0.235955, 0.501587)(0.191011, 0.488889)
				 (96, 314)(-0.0031746, -0.479365)(0.0888889, -0.498413)(-0.0666667, 0.501587)(0.0539683, 0.488889)
				 (96, 314)(0.0285714, -0.498413)(-0.0349206, -0.380952)(-0.0984127, -0.231746)(-0.114286, -0.0698413)(-0.126984, 0.0825397)(-0.101587, 0.228571)(-0.101587, 0.387302)(-0.031746, 0.501587)(0.0539683, 0.428571)(0.0253968, 0.307937)(0.0603175, 0.149206)(0.136508, 0.00952381)(0.12381, -0.149206)(0.120635, -0.307937)(0.126984, -0.412698)
				 (96, 314)(-0.0888889, 0.11746)(0.00634921, 0.380952)(0.0730159, -0.326984)(0.0031746, -0.393651)(0.0634921, 0.126984)(-0.126984, 0.0888889)(-0.0888889, 0.11746)(-0.0984127, 0.47619)(-0.0730159, 0.498413)(0.0539683, 0.488889)(0.0761905, 0.450794)(0.00634921, 0.380952)(0.0634921, 0.142857)(0.0984127, 0.111111)(0.142857, 0.0412698)(0.130159, -0.298413)(0.126984, -0.387302)(0.111111, -0.48254)(0.0285714, -0.498413)(0, -0.485714)(-0.0634921, -0.361905)(-0.0952381, -0.253968)
descriptor[i][.]=(99, 311)(-0.0117647, -0.482866)(0.117647, -0.498442)(-0.235294, 0.501558)(0.129412, 0.501558)
				 (99, 311)(-0.00311526, -0.482866)(0.0311526, -0.498442)(-0.0623053, 0.501558)(0.0342679, 0.501558)
				 (99, 311)(0.0280374, -0.498442)(-0.00934579, -0.370717)(-0.0872274, -0.249221)(-0.115265, -0.0934579)(-0.130841, 0.0654206)(-0.0841121, 0.205607)(-0.109034, 0.358255)(-0.0841121, 0.489097)(0.0529595, 0.46729)(0, 0.361371)(0.0373832, 0.205607)(0.11215, 0.0685358)(0.115265, -0.0841121)(0.115265, -0.242991)(0.127726, -0.392523)
				 (99, 311)(-0.0809969, 0.193146)(-0.00311526, 0.373832)(0.0124611, -0.386293)(0.0529595, 0.133956)(-0.0934579, 0.214953)(-0.11215, 0.485981)(0.0342679, 0.501558)(0.0654206, 0.461059)(-0.00311526, 0.373832)(0.130841, 0.0529595)(0.11215, -0.46729)(0.0809969, -0.485981)(0.0311526, -0.498442)(-0.00311526, -0.482866)(-0.0529595, -0.35514)
descriptor[i][.]=(101, 314)(-0.0120482, -0.474684)(0.39759, -0.493671)(-0.289157, 0.5)(0.060241, 0.5)
				 (101, 314)(-0.00316456, -0.474684)(0.10443, -0.493671)(-0.0759494, 0.5)(0.0158228, 0.5)
				 (101, 314)(0.0253165, -0.5)(-0.0253165, -0.379747)(-0.0822785, -0.237342)(-0.113924, -0.0759494)(-0.126582, 0.0822785)(-0.0949367, 0.212025)(-0.107595, 0.367089)(-0.0822785, 0.496835)(0.0601266, 0.462025)(0.00316456, 0.348101)(0.0379747, 0.189873)(0.129747, 0.0474684)(0.123418, -0.113924)(0.132911, -0.272152)(0.132911, -0.424051)
				 (101, 314)(-0.0696203, 0.151899)(-0.00632911, 0.373418)(0.0126582, -0.39557)(0.0537975, 0.139241)(-0.126582, 0.0886076)(-0.120253, 0.477848)(0.0158228, 0.5)(0.0601266, 0.449367)(-0.00632911, 0.373418)(0.0537975, 0.148734)(0.0886076, 0.113924)(0.120253, -0.487342)(0.0253165, -0.5)(-0.0443038, -0.373418)
descriptor[i][.]=(106, 315)(-0.172414, -0.364217)(0.103448, -0.498403)(-0.229885, 0.501597)(0.0804598, 0.488818)
				 (106, 315)(-0.0479233, -0.364217)(0.028754, -0.498403)(-0.0638978, 0.501597)(0.0223642, 0.488818)
				 (106, 315)(0.0223642, -0.498403)(-0.0351438, -0.370607)(-0.086262, -0.223642)(-0.111821, -0.0702875)(-0.124601, 0.086262)(-0.0702875, 0.210863)(-0.0990415, 0.370607)(-0.0702875, 0.498403)(0.0351438, 0.434505)(0.0191693, 0.322684)(0.0798722, 0.172524)(0.124601, 0.0191693)(0.121406, -0.13738)(0.13099, -0.290735)(0.140575, -0.43131)
				 (106, 315)(-0.057508, 0.124601)(-0.0191693, 0.405751)(0.0127796, -0.392971)(0.0734824, 0.13099)(-0.124601, 0.0894569)(-0.111821, 0.485623)(0.0223642, 0.488818)(0.0415335, 0.472843)(0.0383387, 0.444089)(-0.0191693, 0.405751)(0.0734824, 0.13099)(0.134185, -0.476038)(0.028754, -0.498403)(0.00319489, -0.440895)(0.0127796, -0.392971)
descriptor[i][.]=(114, 314)(-0.0114943, -0.441935)(0.287356, -0.5)(-0.149425, 0.5)(0.298851, 0.496774)
				 (114, 314)(-0.00322581, -0.441935)(0.0806452, -0.5)(-0.0419355, 0.5)(0.083871, 0.496774)
				 (114, 314)(0.0774194, -0.5)(0.0129032, -0.393548)(-0.0870968, -0.287097)(-0.106452, -0.129032)(-0.13871, 0.0322581)(-0.0774194, 0.16129)(-0.112903, 0.316129)(-0.135484, 0.474194)(0.0258065, 0.496774)(0.0322581, 0.425806)(0.0645161, 0.267742)(0.0806452, 0.106452)(0.112903, -0.0516129)(0.109677, -0.212903)(0.125806, -0.358065)
				 (114, 314)(-0.0741935, 0.119355)(0.109677, -0.319355)(0.0129032, -0.390323)(-0.122581, 0.1)(-0.135484, 0.474194)(-0.0419355, 0.5)(0.083871, 0.496774)(0.141935, -0.280645)(0.122581, -0.341935)(0.109677, -0.483871)(0.0806452, -0.5)(0.0354839, -0.496774)(0, -0.451613)(-0.0354839, -0.383871)
descriptor[i][.]=(129, 314)(-0.025641, -0.472313)(0.196581, -0.498371)(-0.478632, 0.488599)(0.487179, 0.501629)
				 (129, 314)(-0.00977199, -0.472313)(0.0749186, -0.498371)(-0.18241, 0.488599)(0.185668, 0.501629)
				 (129, 314)(0.0716612, -0.498371)(-0.0390879, -0.37785)(-0.117264, -0.198697)(-0.136808, 0.00325733)(-0.107492, 0.188925)(-0.162866, 0.390879)(-0.0846906, 0.501629)(-0.0846906, 0.387622)(-0.00325733, 0.29316)(0.0553746, 0.488599)(0.156352, 0.446254)(0.0977199, 0.270358)(0.0944625, 0.0651466)(0.104235, -0.140065)(0.0684039, -0.32899)
				 (129, 314)(-0.0228013, 0.247557)(-0.00977199, -0.394137)(-0.0977199, 0.416938)(-0.0390879, 0.501629)(-0.0977199, 0.416938)(0.0358306, 0.47557)(0.185668, 0.501629)(0.120521, -0.439739)(0.0912052, -0.491857)(0.0162866, -0.491857)(-0.0521173, -0.37785)
descriptor[i][.]=(140, 314)(-0.015625, -0.461039)(0.203125, -0.5)(-0.453125, 0.487013)(0.414063, 0.5)
				 (140, 314)(-0.00649351, -0.461039)(0.0844156, -0.5)(-0.188312, 0.487013)(0.172078, 0.5)
				 (140, 314)(0.0811688, -0.5)(-0.038961, -0.373377)(-0.103896, -0.181818)(-0.123377, 0.0194805)(-0.107143, 0.211039)(-0.181818, 0.386364)(-0.103896, 0.49026)(-0.0811688, 0.344156)(0.00649351, 0.298701)(0.0519481, 0.496753)(0.178571, 0.454545)(0.100649, 0.279221)(0.0974026, 0.0779221)(0.107143, -0.123377)(0.107143, -0.318182)
				 (140, 314)(-0.0779221, 0.13961)(-0.00324675, 0.233766)(0.103896, 0.318182)(-0.00324675, -0.396104)(-0.116883, 0.412338)(0.123377, 0.422078)(-0.0779221, 0.13961)(-0.172078, 0.298701)(-0.207792, 0.435065)(-0.204545, 0.474026)(-0.126623, 0.5)(-0.0779221, 0.487013)(-0.116883, 0.412338)(0.0487013, 0.496753)(0.172078, 0.5)(0.207792, 0.480519)(0.123377, 0.422078)(0.103896, 0.318182)(0.12013, -0.457792)(0.0909091, -0.496753)(0.025974, -0.483766)(-0.0194805, -0.38961)
descriptor[i][.]=(142, 311)(-0.0483871, -0.348243)(0.233871, -0.498403)(-0.370968, 0.488818)(0.41129, 0.501597)
				 (142, 311)(-0.0191693, -0.348243)(0.0926518, -0.498403)(-0.146965, 0.488818)(0.162939, 0.501597)
				 (142, 311)(0.086262, -0.498403)(-0.0127796, -0.348243)(-0.0479233, -0.172524)(-0.0702875, 0.0159744)(0.0159744, 0.172524)(-0.0990415, 0.319489)(-0.178914, 0.466454)(-0.0734824, 0.412141)(0.0415335, 0.41853)(0.153355, 0.501597)(0.111821, 0.389776)(0.134185, 0.201278)(0.159744, 0.0191693)(0.172524, -0.169329)(0.15016, -0.341853)
				 (142, 311)(0.0159744, 0.178914)(0.00638978, 0.335463)(0.0415335, -0.386581)(-0.0734824, 0.408946)(-0.0607029, 0.105431)(0.0159744, 0.178914)(-0.198083, 0.4377)(-0.185304, 0.460064)(-0.153355, 0.485623)(-0.086262, 0.488818)(-0.0638978, 0.460064)(-0.0734824, 0.408946)(0.00319489, 0.338658)(0.0479233, 0.498403)(0.198083, 0.485623)(0.15655, -0.453674)(0.13738, -0.479233)(0.0926518, -0.498403)(0.0415335, -0.460064)(-0.0191693, -0.348243)
descriptor[i][.]=(168, 312)(-0.011236, -0.397436)(0.337079, -0.5)(-0.123596, 0.5)(0.292135, 0.5)
				 (168, 312)(-0.00320513, -0.397436)(0.0961538, -0.5)(-0.0352564, 0.5)(0.0833333, 0.5)
				 (168, 312)(0.0769231, -0.5)(-0.0128205, -0.384615)(-0.0705128, -0.25)(-0.0897436, -0.0897436)(-0.0961538, 0.0705128)(-0.0352564, 0.221154)(-0.112179, 0.355769)(-0.0544872, 0.480769)(0.0961538, 0.490385)(0.0352564, 0.400641)(0.102564, 0.253205)(0.125, 0.102564)(0.137821, -0.0544872)(0.11859, -0.211538)(0.11859, -0.371795)
				 (168, 312)(-0.0352564, 0.221154)(0.0352564, 0.391026)(-0.00320513, -0.394231)(-0.0480769, 0.282051)(0.0544872, 0.455128)(0.0480769, 0.301282)(-0.0352564, 0.221154)(-0.0480769, 0.282051)(-0.141026, 0.403846)(-0.0416667, 0.496795)(0.121795, 0.483974)(0.0352564, 0.391026)(0.0512821, 0.339744)(0.0480769, 0.301282)(0.141026, 0.214744)(0.112179, -0.487179)(0.0384615, -0.496795)(-0.00320513, -0.394231)
descriptor[i][.]=(198, 311)(-0.0714286, -0.5)(0.0102041, -0.5)(-0.418367, 0.5)(0.0408163, 0.5)
				 (198, 311)(-0.022293, -0.5)(0.00318471, -0.5)(-0.130573, 0.5)(0.0127389, 0.5)
				 (198, 311)(-0.022293, -0.5)(-0.0955414, -0.353503)(-0.127389, -0.197452)(-0.149682, -0.0318471)(-0.124204, 0.124204)(-0.121019, 0.283439)(-0.124204, 0.43949)(-0.0382166, 0.5)(0.11465, 0.474522)(0.0764331, 0.39172)(0.0987261, 0.229299)(0.0955414, 0.066879)(0.089172, -0.0955414)(0.0764331, -0.251592)(0.0828025, -0.407643)
				 (198, 311)(-0.10828, 0.140127)(-0.149682, 0.0987261)(-0.143312, 0.493631)(0.140127, 0.474522)(0.066879, -0.477707)(-0.022293, -0.5)
descriptor[i][.]=(227, 311)(-0.118056, -0.498403)(0.0138889, -0.488818)(-0.458333, 0.501597)(0.451389, 0.476038)
				 (227, 311)(-0.0543131, -0.498403)(0.00638978, -0.488818)(-0.210863, 0.501597)(0.207668, 0.476038)
				 (227, 311)(-0.0543131, -0.498403)(-0.15016, -0.325879)(-0.169329, -0.118211)(-0.188498, 0.0894569)(-0.191693, 0.290735)(-0.230032, 0.492013)(-0.086262, 0.463259)(-0.0990415, 0.28754)(-0.00638978, 0.303514)(0.0958466, 0.476038)(0.185304, 0.41853)(0.0798722, 0.258786)(0.0511182, 0.0543131)(0.0479233, -0.146965)(0.0447284, -0.348243)
				 (227, 311)(-0.15655, 0.14377)(-0.0447284, 0.201278)(0.0638978, 0.230032)(-0.0766773, -0.396166)(-0.134185, 0.41853)(0.13738, 0.412141)(-0.15655, 0.14377)(-0.230032, 0.485623)(-0.0798722, 0.501597)(-0.134185, 0.41853)(0.0543131, 0.460064)(0.226837, 0.463259)(0.210863, 0.421725)(0.13738, 0.412141)(0.0830671, 0.261981)(0.0670927, 0.233227)(0.0351438, -0.466454)(-0.0479233, -0.498403)(-0.0830671, -0.42492)
descriptor[i][.]=(230, 313)(-0.0422535, -0.483871)(0.0704225, -0.5)(-0.457746, 0.5)(0.457746, 0.487097)
				 (230, 313)(-0.0193548, -0.483871)(0.0322581, -0.5)(-0.209677, 0.5)(0.209677, 0.487097)
				 (230, 313)(0.0129032, -0.5)(-0.0935484, -0.329032)(-0.109677, -0.129032)(-0.132258, 0.0741935)(-0.148387, 0.26129)(-0.225806, 0.46129)(-0.0870968, 0.464516)(-0.0645161, 0.306452)(0.0387097, 0.270968)(0.083871, 0.470968)(0.190323, 0.448387)(0.129032, 0.26129)(0.116129, 0.0580645)(0.103226, -0.141935)(0.0903226, -0.341935)
				 (230, 313)(-0.1, 0.177419)(0.016129, 0.196774)(-0.132258, 0.425806)(-0.1, 0.177419)(-0.229032, 0.451613)(-0.225806, 0.483871)(-0.0903226, 0.5)(-0.132258, 0.425806)(0.0806452, 0.470968)(0.209677, 0.487097)(0.229032, 0.470968)(0.0870968, -0.474194)(0.0580645, -0.493548)
descriptor[i][.]=(235, 312)(-0.0797101, -0.339744)(0.253623, -0.5)(-0.311594, 0.5)(0.485507, 0.487179)
				 (235, 312)(-0.0352564, -0.339744)(0.112179, -0.5)(-0.137821, 0.5)(0.214744, 0.487179)
				 (235, 312)(0.0929487, -0.5)(-0.00641026, -0.365385)(-0.0576923, -0.182692)(-0.0641026, 0.00641026)(0.0128205, 0.166667)(-0.099359, 0.307692)(-0.198718, 0.439103)(-0.0833333, 0.439103)(0.0544872, 0.352564)(0.137821, 0.487179)(0.144231, 0.429487)(0.137821, 0.237179)(0.169872, 0.0480769)(0.150641, -0.144231)(0.134615, -0.333333)
				 (235, 312)(0.0128205, 0.217949)(0.0224359, 0.320513)(0.00641026, 0.147436)(-0.0769231, 0.397436)(0.0641026, 0.375)(-0.0705128, 0.0608974)(-0.0544872, 0.112179)(0.00641026, 0.147436)(-0.198718, 0.387821)(-0.221154, 0.416667)(-0.160256, 0.490385)(-0.0833333, 0.496795)(0.0192308, 0.323718)(0.0608974, 0.371795)(0.0897436, 0.483974)(0.214744, 0.487179)(0.11859, -0.496795)(0.025641, -0.480769)
descriptor[i][.]=(265, 311)(-0.0113636, -0.488818)(0.136364, -0.498403)(-0.170455, 0.501597)(0.409091, 0.488818)
				 (265, 311)(-0.00319489, -0.488818)(0.0383387, -0.498403)(-0.0479233, 0.501597)(0.115016, 0.488818)
				 (265, 311)(0.0255591, -0.498403)(-0.0319489, -0.373802)(-0.0798722, -0.223642)(-0.108626, -0.0638978)(-0.0926518, 0.0894569)(-0.0255591, 0.207668)(-0.0958466, 0.351438)(-0.0830671, 0.482428)(0.0830671, 0.488818)(0.0415335, 0.402556)(0.115016, 0.255591)(0.121406, 0.102236)(0.121406, -0.0638978)(0.105431, -0.226837)(0.118211, -0.380192)
				 (265, 311)(-0.0191693, 0.230032)(0.0415335, 0.399361)(-0.0127796, -0.392971)(-0.0255591, 0.13099)(-0.0543131, 0.322684)(0.0702875, 0.297125)(-0.0638978, 0.124601)(-0.0191693, 0.230032)(-0.0543131, 0.322684)(-0.086262, 0.341853)(-0.140575, 0.408946)(-0.0543131, 0.498403)(0.115016, 0.488818)(0.0415335, 0.399361)(0.0702875, 0.297125)(0.13738, 0.233227)(0.115016, -0.4377)(0.0830671, -0.485623)(0.0383387, -0.498403)(0.00638978, -0.495208)(-0.0223642, -0.466454)(-0.0319489, -0.421725)(-0.028754, -0.380192)(-0.0798722, -0.325879)
descriptor[i][.]=(302, 312)(-0.142857, -0.5)(0.0714286, -0.49359)(-0.418367, 0.487179)(0.469388, 0.496795)
				 (302, 312)(-0.0448718, -0.5)(0.0224359, -0.49359)(-0.13141, 0.487179)(0.147436, 0.496795)
				 (302, 312)(-0.0448718, -0.5)(-0.099359, -0.362179)(-0.144231, -0.214744)(-0.153846, -0.0544872)(-0.137821, 0.105769)(-0.13141, 0.259615)(-0.137821, 0.423077)(-0.0416667, 0.487179)(0.11859, 0.49359)(0.0833333, 0.403846)(0.0833333, 0.24359)(0.0641026, 0.0801282)(0.0608974, -0.0801282)(0.0544872, -0.24359)(0.0544872, -0.403846)
				 (302, 312)(-0.0673077, -0.394231)(-0.137821, 0.483974)(0.147436, 0.496795)(0.157051, 0.477564)(0.0480769, -0.458333)(0.0320513, -0.487179)(-0.0641026, -0.490385)(-0.0865385, -0.432692)(-0.121795, -0.349359)
descriptor[i][.]=(328, 313)(-0.163121, -0.498382)(0.0070922, -0.491909)(-0.460993, 0.488673)(0.411348, 0.501618)
				 (328, 313)(-0.0744337, -0.498382)(0.00323625, -0.491909)(-0.210356, 0.488673)(0.187702, 0.501618)
				 (328, 313)(-0.0744337, -0.498382)(-0.161812, -0.31068)(-0.161812, -0.10356)(-0.165049, 0.10356)(-0.197411, 0.307443)(-0.190939, 0.488673)(-0.0970874, 0.459547)(-0.0970874, 0.278317)(-0.00970874, 0.355987)(0.12945, 0.501618)(0.145631, 0.440129)(0.0614887, 0.249191)(0.0711974, 0.0517799)(0.0323625, -0.15534)(0.02589, -0.359223)
				 (328, 313)(-0.0550162, 0.220065)(0.0614887, 0.265372)(-0.145631, 0.433657)(0.122977, 0.430421)(0.0355987, 0.106796)(-0.0517799, 0.488673)(-0.00970874, 0.36246)(0.0744337, 0.498382)(0.223301, 0.485437)(0.203883, 0.430421)(0.122977, 0.430421)(0.0679612, 0.275081)(0.0355987, 0.106796)(0.0679612, 0.0614887)(0.00323625, -0.491909)(-0.0744337, -0.498382)(-0.158576, -0.320388)
descriptor[i][.]=(329, 312)(-0.0214286, -0.498392)(0.114286, -0.495177)(-0.478571, 0.488746)(0.464286, 0.498392)
				 (329, 312)(-0.0096463, -0.498392)(0.0514469, -0.495177)(-0.215434, 0.488746)(0.209003, 0.498392)
				 (329, 312)(-0.0096463, -0.498392)(-0.0900322, -0.324759)(-0.0900322, -0.122186)(-0.0900322, 0.0803859)(-0.109325, 0.250804)(-0.192926, 0.430868)(-0.0900322, 0.488746)(-0.0643087, 0.347267)(0.0289389, 0.347267)(0.118971, 0.501608)(0.144695, 0.453376)(0.118971, 0.250804)(0.125402, 0.0482315)(0.102894, -0.154341)(0.0868167, -0.356913)
				 (329, 312)(-0.0514469, 0.196141)(0.0128617, 0.26045)(-0.0418006, -0.385852)(-0.115756, 0.427653)(-0.0900322, 0.0868167)(-0.22508, 0.463023)(-0.221865, 0.485531)(-0.0675241, 0.488746)(-0.115756, 0.427653)(0.0707395, 0.498392)(0.215434, 0.495177)(0.0578778, -0.491961)(-0.00321543, -0.498392)(-0.096463, -0.318328)
descriptor[i][.]=(345, 311)(-0.00917431, -0.493631)(0.0917431, -0.5)(-0.192661, 0.474522)(0.449541, 0.496815)
				 (345, 311)(-0.00318471, -0.493631)(0.0318471, -0.5)(-0.066879, 0.474522)(0.156051, 0.496815)
				 (345, 311)(0.0254777, -0.5)(-0.0541401, -0.356688)(-0.0700637, -0.194268)(-0.0764331, -0.0127389)(-0.0127389, 0.143312)(-0.0859873, 0.312102)(-0.130573, 0.436306)(-0.0477707, 0.401274)(0.0191083, 0.487261)(0.171975, 0.471338)(0.0923567, 0.353503)(0.121019, 0.181529)(0.133758, 0.00318471)(0.111465, -0.178344)(0.089172, -0.359873)
				 (345, 311)(0.00318471, 0.207006)(-0.0191083, 0.363057)(0.0796178, 0.401274)(0.0955414, 0.455414)(0.089172, 0.264331)(-0.171975, 0.401274)(-0.105096, 0.458599)(-0.0318471, 0.474522)(0.0191083, 0.496815)(0.175159, 0.484076)(0.101911, 0.455414)(0.0859873, 0.414013)(0.121019, 0.235669)(0.0859873, -0.480892)(0.0318471, -0.5)(0.00318471, -0.496815)
descriptor[i][.]=(375, 310)(-0.109756, -0.498413)(0.0853659, -0.495238)(-0.243902, 0.501587)(0.0121951, 0.501587)
				 (375, 310)(-0.0285714, -0.498413)(0.0222222, -0.495238)(-0.0634921, 0.501587)(0.0031746, 0.501587)
				 (375, 310)(-0.0285714, -0.498413)(-0.0825397, -0.371429)(-0.104762, -0.238095)(-0.114286, -0.0857143)(-0.120635, 0.0698413)(-0.0730159, 0.212698)(-0.0857143, 0.368254)(-0.0507937, 0.501587)(0.101587, 0.473016)(0.0698413, 0.346032)(0.120635, 0.196825)(0.130159, 0.0571429)(0.0857143, -0.0952381)(0.0603175, -0.247619)(0.0698413, -0.403175)
				 (375, 310)(-0.0603175, -0.393651)(-0.0698413, 0.152381)(0.047619, 0.403175)(0.0571429, 0.320635)(0.0952381, 0.0857143)(-0.0952381, 0.330159)(-0.0698413, 0.498413)(0.104762, 0.473016)(0.047619, 0.403175)(0.0666667, 0.371429)(0.0571429, 0.320635)(0.120635, 0.196825)(0.12381, 0.0666667)(0.0666667, -0.434921)(0.0571429, -0.463492)(0.0285714, -0.492063)(-0.0285714, -0.498413)
descriptor[i][.]=(418, 311)(-0.22963, -0.498403)(0.0148148, -0.447284)(-0.481481, 0.501597)(0.437037, 0.501597)
				 (418, 311)(-0.0990415, -0.498403)(0.00638978, -0.447284)(-0.207668, 0.501597)(0.188498, 0.501597)
				 (418, 311)(-0.0990415, -0.498403)(-0.175719, -0.335463)(-0.182109, -0.13099)(-0.194888, 0.0798722)(-0.191693, 0.277955)(-0.210863, 0.485623)(-0.108626, 0.472843)(-0.0894569, 0.277955)(-0.0159744, 0.373802)(0.140575, 0.501597)(0.118211, 0.43131)(0.0383387, 0.239617)(0.0702875, 0.057508)(0.00958466, -0.15016)(0, -0.357827)
				 (418, 311)(-0.0607029, 0.239617)(0.0383387, 0.249201)(-0.111821, -0.392971)(-0.13738, 0.428115)(0.105431, 0.42492)(0.0159744, 0.115016)(-0.0894569, 0.498403)(-0.0670927, 0.482428)(-0.13738, 0.428115)(0.057508, 0.485623)(0.217252, 0.488818)(0.198083, 0.4377)(0.105431, 0.42492)(0.0383387, 0.249201)(0.0638978, 0.0702875)(-0.0191693, -0.485623)(-0.0990415, -0.498403)(-0.146965, -0.373802)(-0.175719, -0.341853)
descriptor[i][.]=(422, 314)(-0.153846, -0.5)(0.00699301, -0.496835)(-0.482517, 0.487342)(0.475524, 0.5)
				 (422, 314)(-0.0696203, -0.5)(0.00316456, -0.496835)(-0.218354, 0.487342)(0.21519, 0.5)
				 (422, 314)(-0.0696203, -0.5)(-0.14557, -0.325949)(-0.14557, -0.123418)(-0.161392, 0.0822785)(-0.183544, 0.278481)(-0.224684, 0.484177)(-0.123418, 0.452532)(-0.0601266, 0.259494)(0.0126582, 0.367089)(0.155063, 0.496835)(0.126582, 0.43038)(0.0727848, 0.227848)(0.0759494, 0.028481)(0.0443038, -0.170886)(0.0348101, -0.373418)
				 (422, 314)(-0.028481, 0.221519)(0.0759494, 0.265823)(-0.0949367, -0.39557)(-0.136076, 0.405063)(0.132911, 0.439873)(-0.107595, 0.487342)(-0.0759494, 0.468354)(-0.136076, 0.405063)(-0.00949367, 0.338608)(0.0822785, 0.484177)(0.21519, 0.5)(0.212025, 0.449367)(0.132911, 0.439873)(0.0791139, 0.268987)(0.0348101, -0.452532)(0.00949367, -0.493671)(-0.0886076, -0.490506)(-0.10443, -0.455696)(-0.110759, -0.382911)
descriptor[i][.]=(420, 313)(-0.0413793, -0.482759)(0.137931, -0.498433)(-0.462069, 0.485893)(0.489655, 0.498433)
				 (420, 313)(-0.0188088, -0.482759)(0.0626959, -0.498433)(-0.210031, 0.485893)(0.222571, 0.498433)
				 (420, 313)(0.031348, -0.498433)(-0.0532915, -0.354232)(-0.0721003, -0.169279)(-0.0815047, 0.0282132)(-0.0282132, 0.203762)(-0.163009, 0.369906)(-0.15674, 0.485893)(-0.0595611, 0.376176)(0.0501567, 0.357367)(0.147335, 0.485893)(0.141066, 0.438871)(0.125392, 0.241379)(0.137931, 0.0501567)(0.119122, -0.147335)(0.0971787, -0.341693)
				 (420, 313)(-0.0250784, 0.197492)(0.0188088, 0.288401)(-0.0940439, 0.410658)(-0.0783699, 0.100313)(-0.103448, 0.272727)(-0.222571, 0.445141)(-0.216301, 0.482759)(-0.0689655, 0.470219)(-0.0376176, 0.366771)(0.222571, 0.498433)(0.100313, -0.451411)(0.0752351, -0.489028)(-0.0188088, -0.482759)(-0.0846395, -0.316614)
descriptor[i][.]=(440, 315)(-0.00900901, -0.495385)(0.0720721, -0.498462)(-0.153153, 0.501538)(0.36036, 0.501538)
				 (440, 315)(-0.00307692, -0.495385)(0.0246154, -0.498462)(-0.0523077, 0.501538)(0.123077, 0.501538)
				 (440, 315)(0.0123077, -0.498462)(-0.0492308, -0.363077)(-0.0769231, -0.203077)(-0.0830769, -0.0307692)(-0.0338462, 0.123077)(-0.0461538, 0.267692)(-0.169231, 0.396923)(-0.0461538, 0.501538)(0.0830769, 0.486154)(0.12, 0.449231)(0.0769231, 0.304615)(0.12, 0.147692)(0.129231, -0.0246154)(0.104615, -0.196923)(0.0923077, -0.36)
				 (440, 315)(0, 0.221538)(0.0123077, 0.458462)(0.0738462, 0.421538)(-0.0307692, -0.384615)(-0.0123077, 0.132308)(0.0769231, 0.286154)(-0.0738462, 0.0953846)(-0.0123077, 0.132308)(-0.166154, 0.384615)(-0.113846, 0.48)(0.0123077, 0.458462)(0.172308, 0.48)(0.16, 0.461538)(0.116923, 0.252308)(0.135385, 0.0492308)(0.0769231, -0.467692)(0.0246154, -0.498462)(-0.00307692, -0.495385)(-0.0276923, -0.48)(-0.0738462, -0.347692)
descriptor[i][.]=(477, 315)(-0.0882353, -0.498462)(0.0490196, -0.486154)(-0.264706, 0.501538)(0.5, 0.501538)
				 (477, 315)(-0.0276923, -0.498462)(0.0153846, -0.486154)(-0.0830769, 0.501538)(0.156923, 0.501538)
				 (477, 315)(-0.0276923, -0.498462)(-0.107692, -0.387692)(-0.141538, -0.249231)(-0.147692, -0.0861538)(-0.141538, 0.0769231)(-0.101538, 0.224615)(-0.113846, 0.384615)(-0.0430769, 0.501538)(0.12, 0.501538)(0.0523077, 0.430769)(0.0769231, 0.276923)(0.0830769, 0.12)(0.0584615, -0.0430769)(0.04, -0.206154)(0.0338462, -0.369231)
				 (477, 315)(-0.0923077, 0.175385)(0.0492308, 0.424615)(-0.0953846, 0.172308)(-0.113846, 0.467692)(0.156923, 0.501538)(0.107692, 0.209231)(0.0369231, -0.446154)(0.0246154, -0.48)(-0.0246154, -0.498462)(-0.0830769, -0.48)
descriptor[i][.]=(512, 315)(-0.265306, -0.492308)(-1, -1)(-0.408163, 0.501538)(0.462585, 0.501538)
				 (512, 315)(-0.12, -0.492308)(-1, -1)(-0.184615, 0.501538)(0.209231, 0.501538)
				 (512, 315)(-0.0861538, -0.498462)(-0.184615, -0.341538)(-0.196923, -0.135385)(-0.203077, 0.0707692)(-0.193846, 0.273846)(-0.212308, 0.483077)(-0.0738462, 0.458462)(-0.107692, 0.295385)(-0.0307692, 0.356923)(0.0923077, 0.501538)(0.193846, 0.424615)(0.0584615, 0.307692)(0.0246154, 0.0923077)(0.00307692, -0.12)(-0.0307692, -0.329231)
				 (512, 315)(-0.0707692, 0.224615)(0.0369231, 0.258462)(-0.141538, -0.384615)(-0.138462, 0.412308)(0.113846, 0.430769)(-0.0584615, 0.501538)(0.206154, 0.427692)(0.04, 0.261538)(0.04, 0.227692)(-0.0369231, -0.486154)(-0.0769231, -0.498462)(-0.12, -0.492308)(-0.150769, -0.467692)(-0.156923, -0.412308)
descriptor[i][.]=(513, 316)(-0.121622, -0.5)(0.0135135, -0.493827)(-0.371622, 0.5)(0.486486, 0.5)
				 (513, 316)(-0.0555556, -0.5)(0.00617284, -0.493827)(-0.169753, 0.5)(0.222222, 0.5)
				 (513, 316)(-0.0555556, -0.5)(-0.145062, -0.333333)(-0.135802, -0.126543)(-0.141975, 0.0833333)(-0.16358, 0.274691)(-0.216049, 0.472222)(-0.0555556, 0.469136)(-0.0771605, 0.314815)(0.0185185, 0.324074)(0.0925926, 0.5)(0.185185, 0.462963)(0.104938, 0.274691)(0.104938, 0.0648148)(0.0679012, -0.145062)(0.037037, -0.351852)
				 (513, 316)(-0.108025, 0.169753)(-0.00925926, 0.225309)(-0.0864198, -0.391975)(-0.126543, 0.416667)(-0.108025, 0.169753)(-0.228395, 0.447531)(-0.0524691, 0.472222)(-0.126543, 0.416667)(0.222222, 0.5)(0.228395, 0.478395)(0.0277778, -0.478395)(-0.0401235, -0.5)(-0.141975, -0.339506)
descriptor[i][.]=(518, 314)(-0.10219, -0.484756)(0.0729927, -0.5)(-0.291971, 0.5)(0.49635, 0.5)
				 (518, 314)(-0.0426829, -0.484756)(0.0304878, -0.5)(-0.121951, 0.5)(0.207317, 0.5)
				 (518, 314)(0.027439, -0.5)(-0.070122, -0.384146)(-0.0914634, -0.198171)(-0.0914634, -0.00304878)(-0.0213415, 0.170732)(-0.146341, 0.32622)(-0.14939, 0.47561)(-0.0792683, 0.393293)(0.0304878, 0.378049)(0.121951, 0.5)(0.131098, 0.432927)(0.125, 0.237805)(0.152439, 0.0487805)(0.115854, -0.146341)(0.0762195, -0.338415)
				 (518, 314)(-0.0182927, 0.195122)(0.00609756, 0.301829)(0.128049, 0.417683)(-0.0426829, -0.396341)(-0.0945122, 0.414634)(0.118902, 0.182927)(-0.0609756, 0.478659)(-0.0945122, 0.414634)(0.207317, 0.5)(0.128049, 0.417683)(0.118902, 0.182927)(0.0914634, -0.439024)(0.0792683, -0.472561)(0.054878, -0.490854)(0.0304878, -0.5)(-0.0426829, -0.484756)(-0.054878, -0.429878)(-0.070122, -0.384146)
descriptor[i][.]=(537, 311)(-0.0707071, -0.498498)(0.131313, -0.486486)(-0.020202, 0.501502)(0.484848, 0.501502)
				 (537, 311)(-0.021021, -0.498498)(0.039039, -0.486486)(-0.00600601, 0.501502)(0.144144, 0.501502)
				 (537, 311)(-0.021021, -0.498498)(-0.0600601, -0.369369)(-0.0930931, -0.231231)(-0.0930931, -0.0630631)(-0.0780781, 0.0990991)(-0.018018, 0.24024)(-0.126126, 0.378378)(-0.03003, 0.468468)(0.111111, 0.501502)(0.0780781, 0.414414)(0.0990991, 0.261261)(0.135135, 0.105105)(0.12012, -0.0570571)(0.0780781, -0.225225)(0.0780781, -0.387387)
				 (537, 311)(-0.00900901, 0.231231)(0.0780781, 0.447447)(-0.042042, -0.381381)(-0.024024, 0.138138)(0.0810811, 0.276276)(-0.0780781, 0.105105)(-0.024024, 0.138138)(-0.033033, 0.246246)(0.144144, 0.501502)(0.0900901, 0.348348)(0.105105, 0.258258)(0.12012, 0.231231)(0.0660661, -0.462462)(0.045045, -0.483483)(-0.00600601, -0.498498)
descriptor[i][.]=(558, 312)(-0.188119, -0.498489)(0.0594059, -0.498489)(-0.19802, 0.501511)(0.455446, 0.501511)
				 (558, 312)(-0.0574018, -0.498489)(0.0181269, -0.498489)(-0.060423, 0.501511)(0.138973, 0.501511)
				 (558, 312)(-0.0574018, -0.498489)(-0.0996979, -0.362538)(-0.126888, -0.226586)(-0.126888, -0.0634441)(-0.111782, 0.0996979)(-0.0634441, 0.250755)(-0.060423, 0.413897)(0.0151057, 0.501511)(0.123867, 0.465257)(0.0755287, 0.344411)(0.114804, 0.187311)(0.154079, 0.0543807)(0.0845921, -0.0936556)(0.0574018, -0.253776)(0.0574018, -0.416918)
				 (558, 312)(-0.0755287, -0.389728)(-0.060423, 0.145015)(0.0574018, 0.386707)(0.0936556, 0.108761)(-0.123867, -0.350453)(-0.151057, -0.302115)(-0.0785498, 0.332326)(0.138973, 0.501511)(0.145015, 0.0785498)(0.0392749, -0.483384)(-0.0574018, -0.498489)(-0.0845921, -0.483384)
descriptor[i][.]=(573, 313)(-0.205882, -0.492401)(0.00980392, -0.49848)(-0.333333, 0.50152)(0.470588, 0.50152)
				 (573, 313)(-0.0638298, -0.492401)(0.00303951, -0.49848)(-0.103343, 0.50152)(0.145897, 0.50152)
				 (573, 313)(0, -0.49848)(-0.0911854, -0.401216)(-0.136778, -0.255319)(-0.142857, -0.0911854)(-0.139818, 0.0729483)(-0.0851064, 0.218845)(-0.115502, 0.382979)(-0.0577508, 0.50152)(0.0942249, 0.49848)(0.103343, 0.404255)(0.0942249, 0.240122)(0.100304, 0.0851064)(0.103343, -0.0425532)(0.0577508, -0.197568)(0.0486322, -0.358663)
				 (573, 313)(0.0790274, 0.161094)(0.0972644, 0.382979)(-0.106383, 0.49848)(0.145897, 0.50152)(0.100304, 0.386018)(0.0820669, 0.164134)(0.139818, 0.0759878)(0.0395137, -0.483283)(0.00303951, -0.49848)(-0.0638298, -0.492401)(-0.0851064, -0.477204)
descriptor[i][.]=(582, 313)(-0.144444, -0.49697)(0.111111, -0.5)(-0.466667, 0.5)(0.422222, 0.5)
				 (582, 313)(-0.0393939, -0.49697)(0.030303, -0.5)(-0.127273, 0.5)(0.115152, 0.5)
				 (582, 313)(0.00909091, -0.5)(-0.0818182, -0.40303)(-0.118182, -0.251515)(-0.124242, -0.0909091)(-0.124242, 0.069697)(-0.0606061, 0.206061)(-0.118182, 0.363636)(-0.106061, 0.5)(0.0545455, 0.5)(0.0878788, 0.4)(0.0878788, 0.239394)(0.124242, 0.0878788)(0.10303, -0.0636364)(0.0727273, -0.224242)(0.0636364, -0.375758)
				 (582, 313)(0.115152, 0.5)(0.0363636, -0.49697)(-0.0484848, -0.493939)
