walkDescr1.dat
size1 36
size3 37
beh_type.id 10
sizes[]=38 39 41 42 39 50 50 45 47 35 47 40 39 45 34 47 45 40 44 35 45 46 40 44 33 51 52 50 44 47 39 39 38 36 41 41 
thresholds[]=0.16 0.16 0.16 0.16 0.16 0.16 0.16 0.16 0.16 0.16 0.16 0.16 0.16 0.16 0.16 0.16 0.16 0.16 0.16 0.16 0.16 0.16 0.16 0.16 0.16 0.16 0.16 0.16 0.16 0.16 0.16 0.16 0.16 0.16 0.16 0.16 
map[0][.]=0 1 0 0 0 0 0 0 0 0 0 0 0 0 0 0 0 0 0 0 0 0 0 0 0 0 0 0 0 0 0 0 0 0 0 0 0 
map[1][.]=0 0 1 0 0 0 0 0 0 0 0 0 0 0 0 0 0 0 0 0 0 0 0 0 0 0 0 0 0 0 0 0 0 0 0 0 0 
map[2][.]=0 0 0 1 0 0 0 0 0 0 0 0 0 0 0 0 0 0 0 0 0 0 0 0 0 0 0 0 0 0 0 0 0 0 0 0 0 
map[3][.]=0 0 0 0 1 0 0 0 0 0 0 0 0 0 0 0 0 0 0 0 0 0 0 0 0 0 0 0 0 0 0 0 0 0 0 0 0 
map[4][.]=0 0 0 0 0 1 0 0 0 0 0 0 0 0 0 0 0 0 0 0 0 0 0 0 0 0 0 0 0 0 0 0 0 0 0 0 0 
map[5][.]=0 0 0 0 0 0 1 0 0 0 0 0 0 0 0 0 0 0 0 0 0 0 0 0 0 0 0 0 0 0 0 0 0 0 0 0 0 
map[6][.]=0 0 0 0 0 0 0 1 0 0 0 0 0 0 0 0 0 0 0 0 0 0 0 0 0 0 0 0 0 0 0 0 0 0 0 0 0 
map[7][.]=0 0 0 0 0 0 0 0 1 0 0 0 0 0 0 0 0 0 0 0 0 0 0 0 0 0 0 0 0 0 0 0 0 0 0 0 0 
map[8][.]=0 0 0 0 0 0 0 0 0 1 0 0 0 0 0 0 0 0 0 0 0 0 0 0 0 0 0 0 0 0 0 0 0 0 0 0 0 
map[9][.]=0 0 0 0 0 0 0 0 0 0 1 0 0 0 0 0 0 0 0 0 0 0 0 0 0 0 0 0 0 0 0 0 0 0 0 0 0 
map[10][.]=0 0 0 0 0 0 0 0 0 0 0 1 0 0 0 0 0 0 0 0 0 0 0 0 0 0 0 0 0 0 0 0 0 0 0 0 0 
map[11][.]=0 0 0 0 0 0 0 0 0 0 0 0 1 0 0 0 0 0 0 0 0 0 0 0 0 0 0 0 0 0 0 0 0 0 0 0 0 
map[12][.]=0 0 0 0 0 0 0 0 0 0 0 0 0 1 0 0 0 0 0 0 0 0 0 0 0 0 0 0 0 0 0 0 0 0 0 0 0 
map[13][.]=0 0 0 0 0 0 0 0 0 0 0 0 0 0 1 0 0 0 0 0 0 0 0 0 0 0 0 0 0 0 0 0 0 0 0 0 0 
map[14][.]=0 0 0 0 0 0 0 0 0 0 0 0 0 0 0 1 0 0 0 0 0 0 0 0 0 0 0 0 0 0 0 0 0 0 0 0 0 
map[15][.]=0 0 0 0 0 0 0 0 0 0 0 0 0 0 0 0 1 0 0 0 0 0 0 0 0 0 0 0 0 0 0 0 0 0 0 0 0 
map[16][.]=0 0 0 0 0 0 0 0 0 0 0 0 0 0 0 0 0 1 0 0 0 0 0 0 0 0 0 0 0 0 0 0 0 0 0 0 0 
map[17][.]=0 0 0 0 0 0 0 0 0 0 0 0 0 0 0 0 0 0 1 0 0 0 0 0 0 0 0 0 0 0 0 0 0 0 0 0 0 
map[18][.]=0 0 0 0 0 0 0 0 0 0 0 0 0 0 0 0 0 0 0 1 0 0 0 0 0 0 0 0 0 0 0 0 0 0 0 0 0 
map[19][.]=0 0 0 0 0 0 0 0 0 0 0 0 0 0 0 0 0 0 0 0 1 0 0 0 0 0 0 0 0 0 0 0 0 0 0 0 0 
map[20][.]=0 0 0 0 0 0 0 0 0 0 0 0 0 0 0 0 0 0 0 0 0 1 0 0 0 0 0 0 0 0 0 0 0 0 0 0 0 
map[21][.]=0 0 0 0 0 0 0 0 0 0 0 0 0 0 0 0 0 0 0 0 0 0 1 0 0 0 0 0 0 0 0 0 0 0 0 0 0 
map[22][.]=0 0 0 0 0 0 0 0 0 0 0 0 0 0 0 0 0 0 0 0 0 0 0 1 0 0 0 0 0 0 0 0 0 0 0 0 0 
map[23][.]=0 0 0 0 0 0 0 0 0 0 0 0 0 0 0 0 0 0 0 0 0 0 0 0 1 0 0 0 0 0 0 0 0 0 0 0 0 
map[24][.]=0 0 0 0 0 0 0 0 0 0 0 0 0 0 0 0 0 0 0 0 0 0 0 0 0 1 0 0 0 0 0 0 0 0 0 0 0 
map[25][.]=0 0 0 0 0 0 0 0 0 0 0 0 0 0 0 0 0 0 0 0 0 0 0 0 0 0 1 0 0 0 0 0 0 0 0 0 0 
map[26][.]=0 0 0 0 0 0 0 0 0 0 0 0 0 0 0 0 0 0 0 0 0 0 0 0 0 0 0 1 0 0 0 0 0 0 0 0 0 
map[27][.]=0 0 0 0 0 0 0 0 0 0 0 0 0 0 0 0 0 0 0 0 0 0 0 0 0 0 0 0 1 0 0 0 0 0 0 0 0 
map[28][.]=0 0 0 0 0 0 0 0 0 0 0 0 0 0 0 0 0 0 0 0 0 0 0 0 0 0 0 0 0 1 0 0 0 0 0 0 0 
map[29][.]=0 0 0 0 0 0 0 0 0 0 0 0 0 0 0 0 0 0 0 0 0 0 0 0 0 0 0 0 0 0 1 0 0 0 0 0 0 
map[30][.]=0 0 0 0 0 0 0 0 0 0 0 0 0 0 0 0 0 0 0 0 0 0 0 0 0 0 0 0 0 0 0 1 0 0 0 0 0 
map[31][.]=0 0 0 0 0 0 0 0 0 0 0 0 0 0 0 0 0 0 0 0 0 0 0 0 0 0 0 0 0 0 0 0 1 0 0 0 0 
map[32][.]=0 0 0 0 0 0 0 0 0 0 0 0 0 0 0 0 0 0 0 0 0 0 0 0 0 0 0 0 0 0 0 0 0 1 0 0 0 
map[33][.]=0 0 0 0 0 0 0 0 0 0 0 0 0 0 0 0 0 0 0 0 0 0 0 0 0 0 0 0 0 0 0 0 0 0 1 0 0 
map[34][.]=0 0 0 0 0 0 0 0 0 0 0 0 0 0 0 0 0 0 0 0 0 0 0 0 0 0 0 0 0 0 0 0 0 0 0 1 0 
map[35][.]=0 0 0 0 0 0 0 0 0 0 0 0 0 0 0 0 0 0 0 0 0 0 0 0 0 0 0 0 0 0 0 0 0 0 0 0 1 
map[36][.]=0 0 0 0 0 0 0 0 0 0 0 0 0 0 0 0 0 0 0 0 0 0 0 0 0 0 0 0 0 0 0 0 0 0 0 0 0 
isLast[.]=false false false false false false false false false false false false false false false false false false false false false false false false false false false false false false false false false false false false true 
descriptor[i][.]=(59, 302)(-0.0933333, -0.5)(0.28, -0.478261)(-0.453333, 0.5)(0.0933333, 0.485507)
				 (59, 302)(-0.0253623, -0.5)(0.076087, -0.478261)(-0.123188, 0.5)(0.0253623, 0.485507)
				 (59, 302)(-0.0253623, -0.5)(-0.0543478, -0.365942)(-0.0905797, -0.221014)(-0.0905797, -0.0652174)(-0.0869565, 0.0869565)(-0.0978261, 0.246377)(-0.126812, 0.402174)(-0.076087, 0.485507)(0.00724638, 0.442029)(0.0362319, 0.289855)(0.0833333, 0.137681)(0.137681, 0.00362319)(0.123188, -0.152174)(0.0942029, -0.300725)(0.0942029, -0.449275)
				 (59, 302)(0.0217391, 0.318841)(-0.0326087, -0.384058)(0.00362319, 0.434783)(0.0869565, 0.112319)(0.0326087, 0.460145)(0.0217391, 0.318841)(0.0869565, 0.119565)(0.0978261, -0.438406)(-0.0253623, -0.5)(-0.0471014, -0.449275)(-0.0978261, -0.326087)
descriptor[i][.]=(60, 303)(-0.0133333, -0.498168)(0, -0.498168)(-0.466667, 0.501832)(0.08, 0.487179)
				 (60, 303)(-0.003663, -0.498168)(0, -0.498168)(-0.128205, 0.501832)(0.021978, 0.487179)
				 (60, 303)(-0.003663, -0.498168)(-0.047619, -0.3663)(-0.102564, -0.238095)(-0.0915751, -0.0805861)(-0.0879121, 0.0732601)(-0.0695971, 0.227106)(-0.120879, 0.384615)(-0.0989011, 0.490842)(0.021978, 0.461538)(0.029304, 0.315018)(0.0769231, 0.164835)(0.135531, 0.032967)(0.124542, -0.124542)(0.102564, -0.267399)(0.102564, -0.410256)
				 (60, 303)(0.03663, 0.263736)(-0.029304, -0.380952)(-0.003663, 0.421245)(0.0915751, 0.0952381)(-0.128205, 0.501832)(0.021978, 0.487179)(-0.003663, 0.421245)(0.040293, 0.289377)(0.0915751, 0.113553)(0.128205, 0.0769231)(0.0952381, -0.465201)(0, -0.498168)
descriptor[i][.]=(64, 301)(-0.027027, -0.494585)(0.0675676, -0.498195)(-0.459459, 0.501805)(0.0675676, 0.487365)
				 (64, 301)(-0.00722022, -0.494585)(0.0180505, -0.498195)(-0.122744, 0.501805)(0.0180505, 0.487365)
				 (64, 301)(0, -0.498195)(-0.0433213, -0.371841)(-0.115523, -0.245487)(-0.0974729, -0.0974729)(-0.0866426, 0.0577617)(-0.0613718, 0.209386)(-0.104693, 0.361011)(-0.115523, 0.501805)(0.0252708, 0.476534)(0.0108303, 0.33935)(0.0722022, 0.191336)(0.126354, 0.0577617)(0.119134, -0.0974729)(0.0974729, -0.252708)(0.0830325, -0.407942)
				 (64, 301)(-0.0433213, 0.176895)(-0.0144404, 0.422383)(-0.0252708, -0.386282)(0.0758123, 0.115523)(-0.133574, 0.494585)(0.0180505, 0.487365)(-0.0144404, 0.422383)(0.0649819, 0.256318)(0.0758123, 0.129964)(0.122744, 0.0794224)(0.133574, 0.032491)(0.0902527, -0.436823)(0.0180505, -0.498195)(-0.0469314, -0.454874)
descriptor[i][.]=(69, 305)(-0.0289855, -0.498195)(0, -0.498195)(-0.42029, 0.472924)(0.318841, 0.501805)
				 (69, 305)(-0.00722022, -0.498195)(0, -0.498195)(-0.104693, 0.472924)(0.0794224, 0.501805)
				 (69, 305)(-0.00722022, -0.498195)(-0.0469314, -0.364621)(-0.101083, -0.241877)(-0.104693, -0.0866426)(-0.0722022, 0.0685921)(-0.0758123, 0.223827)(-0.119134, 0.379061)(-0.0469314, 0.472924)(0.104693, 0.487365)(0.0469314, 0.350181)(0.104693, 0.194946)(0.126354, 0.0541516)(0.119134, -0.101083)(0.101083, -0.252708)(0.0938628, -0.407942)
				 (69, 305)(-0.0397112, 0.122744)(0.0433213, 0.382671)(-0.032491, -0.379061)(0.0830325, 0.0938628)(-0.0397112, 0.122744)(-0.122744, 0.444043)(0.108303, 0.487365)(0.0433213, 0.382671)(0.108303, 0.220217)(0.101083, 0.158845)(0.0866426, 0.104693)(0.122744, 0.0613718)(0.0974729, -0.451264)(0, -0.498195)(-0.0505415, -0.440433)
descriptor[i][.]=(83, 305)(-0.0416667, -0.498195)(0.15625, -0.480144)(-0.479167, 0.472924)(0.385417, 0.501805)
				 (83, 305)(-0.0144404, -0.498195)(0.0541516, -0.480144)(-0.166065, 0.472924)(0.133574, 0.501805)
				 (83, 305)(-0.0144404, -0.498195)(-0.0758123, -0.357401)(-0.126354, -0.220217)(-0.126354, -0.0505415)(-0.0830325, 0.111913)(-0.129964, 0.277978)(-0.173285, 0.444043)(-0.0361011, 0.483755)(0.122744, 0.494585)(0.104693, 0.400722)(0.0758123, 0.245487)(0.0541516, 0.0830325)(0.0938628, -0.0685921)(0.0830325, -0.234657)(0.0685921, -0.389892)
				 (83, 305)(0.0685921, 0.353791)(-0.0577617, -0.364621)(0.0505415, 0.0902527)(0.0541516, -0.267148)(0.133574, 0.501805)(0.162455, 0.483755)(0.0902527, 0.0649819)(0.0577617, -0.263538)(0.0613718, -0.476534)(-0.0144404, -0.498195)(-0.0577617, -0.462094)(-0.0938628, -0.357401)
descriptor[i][.]=(91, 308)(-0.0982143, -0.494465)(0.0357143, -0.498155)(-0.482143, 0.472325)(0.428571, 0.494465)
				 (91, 308)(-0.0405904, -0.494465)(0.0147601, -0.498155)(-0.199262, 0.472325)(0.177122, 0.494465)
				 (91, 308)(0.00369004, -0.498155)(-0.0885609, -0.372694)(-0.129151, -0.191882)(-0.125461, 0.00369004)(-0.114391, 0.188192)(-0.188192, 0.376384)(-0.107011, 0.472325)(-0.0848708, 0.376384)(0.00369004, 0.365314)(0.125461, 0.501845)(0.125461, 0.394834)(0.0885609, 0.202952)(0.103321, 0.0295203)(0.0885609, -0.166052)(0.0885609, -0.354244)
				 (91, 308)(-0.0848708, 0.099631)(-0.0258303, 0.284133)(0.0811808, 0.321033)(-0.0516605, -0.391144)(-0.103321, 0.409594)(0.136531, 0.420664)(0.0553506, 0.0922509)(-0.118081, 0.0553506)(-0.0848708, 0.099631)(-0.206642, 0.468635)(-0.0479705, 0.487085)(-0.103321, 0.409594)(0.0442804, 0.472325)(0.206642, 0.476015)(0.136531, 0.420664)(0.0848708, 0.324723)(0.0922509, 0.232472)(0.0922509, 0.0738007)(0.0848708, -0.464945)(0.0147601, -0.498155)(-0.0405904, -0.494465)(-0.0664207, -0.439114)(-0.095941, -0.372694)
descriptor[i][.]=(92, 305)(-0.026087, -0.462094)(0.0782609, -0.498195)(-0.478261, 0.472924)(0.486957, 0.501805)
				 (92, 305)(-0.0108303, -0.462094)(0.032491, -0.498195)(-0.198556, 0.472924)(0.202166, 0.501805)
				 (92, 305)(0.0288809, -0.498195)(-0.0541516, -0.33935)(-0.0794224, -0.148014)(-0.0758123, 0.0469314)(-0.0866426, 0.231047)(-0.191336, 0.404332)(-0.0758123, 0.487365)(-0.0541516, 0.33935)(0.0252708, 0.393502)(0.158845, 0.501805)(0.119134, 0.379061)(0.108303, 0.184116)(0.148014, 0.0288809)(0.129964, -0.169675)(0.111913, -0.353791)
				 (92, 305)(-0.0361011, 0.111913)(-0.00361011, 0.277978)(0.0974729, 0.292419)(0.00361011, -0.382671)(-0.0974729, 0.415162)(0.144404, 0.436823)(0.0902527, 0.0974729)(-0.0758123, 0.0685921)(-0.0361011, 0.111913)(-0.205776, 0.469314)(-0.0649819, 0.487365)(-0.0974729, 0.415162)(0.0830325, 0.498195)(0.202166, 0.501805)(0.144404, 0.436823)(0.101083, 0.296029)(0.133574, 0.0830325)(0.122744, -0.440433)(0.032491, -0.498195)(0.00722022, -0.487365)(-0.0144404, -0.444043)(-0.0613718, -0.33574)(-0.0758123, -0.306859)
descriptor[i][.]=(98, 305)(-0.0686275, -0.352518)(0.27451, -0.5)(-0.362745, 0.485612)(0.470588, 0.5)
				 (98, 305)(-0.0251799, -0.352518)(0.100719, -0.5)(-0.133094, 0.485612)(0.172662, 0.5)
				 (98, 305)(0.100719, -0.5)(0.0251799, -0.406475)(-0.0467626, -0.248201)(-0.0431655, -0.0611511)(-0.00719424, 0.115108)(-0.0755396, 0.276978)(-0.172662, 0.428058)(-0.0647482, 0.435252)(0.00359712, 0.392086)(0.133094, 0.5)(0.111511, 0.395683)(0.111511, 0.21223)(0.183453, 0.0431655)(0.151079, -0.143885)(0.147482, -0.327338)
				 (98, 305)(0.00719424, 0.201439)(-0.0107914, 0.334532)(0.0899281, 0.284173)(0.0251799, -0.392086)(0.122302, 0.428058)(0.125899, 0.125899)(-0.169065, 0.471223)(-0.0899281, 0.485612)(0.00359712, 0.395683)(0.0611511, 0.496403)(0.172662, 0.5)(0.107914, 0.266187)(0.125899, 0.125899)(0.179856, 0.0647482)(0.140288, -0.471223)(0.107914, -0.496403)(0.0251799, -0.482014)(-0.0503597, -0.309353)
descriptor[i][.]=(125, 305)(-0.047619, -0.494585)(0.261905, -0.494585)(-0.142857, 0.501805)(0.297619, 0.501805)
				 (125, 305)(-0.0144404, -0.494585)(0.0794224, -0.494585)(-0.0433213, 0.501805)(0.0902527, 0.501805)
				 (125, 305)(0.00361011, -0.498195)(-0.0469314, -0.361011)(-0.0866426, -0.209386)(-0.104693, -0.0541516)(-0.0649819, 0.0758123)(-0.0649819, 0.241877)(-0.151625, 0.375451)(-0.0469314, 0.498195)(0.0866426, 0.480144)(0.00722022, 0.350181)(0.137184, 0.238267)(0.133574, 0.0758123)(0.129964, -0.0866426)(0.119134, -0.252708)(0.104693, -0.411552)
				 (125, 305)(-0.0541516, 0.198556)(0.00722022, 0.350181)(-0.0180505, -0.382671)(-0.0830325, -0.0685921)(-0.0649819, 0.0722022)(-0.0758123, 0.292419)(0.0361011, 0.451264)(-0.0685921, 0.0685921)(-0.0685921, 0.101083)(-0.0541516, 0.198556)(-0.0758123, 0.292419)(-0.151625, 0.386282)(-0.0505415, 0.498195)(0.0902527, 0.501805)(0.0794224, 0.469314)(0.151625, 0.191336)(0.0938628, -0.487365)(0.00722022, -0.498195)(-0.0144404, -0.494585)(-0.0794224, -0.33574)
descriptor[i][.]=(148, 303)(-0.0568182, -0.5)(0.147727, -0.475177)(-0.443182, 0.5)(0.477273, 0.471631)
				 (148, 303)(-0.0177305, -0.5)(0.0460993, -0.475177)(-0.138298, 0.5)(0.148936, 0.471631)
				 (148, 303)(-0.0177305, -0.5)(-0.0496454, -0.37234)(-0.120567, -0.241135)(-0.113475, -0.0780142)(-0.106383, 0.0851064)(-0.124113, 0.248227)(-0.152482, 0.407801)(-0.070922, 0.5)(0.0815603, 0.468085)(0.0886525, 0.414894)(0.124113, 0.255319)(0.113475, 0.0957447)(0.0886525, -0.0673759)(0.0744681, -0.22695)(0.0673759, -0.390071)
				 (148, 303)(0.0744681, 0.37234)(-0.0425532, -0.382979)(0.148936, 0.471631)(0.0780142, 0.375887)(0.0673759, -0.450355)(-0.0035461, -0.5)(-0.0425532, -0.489362)(-0.070922, -0.446809)
descriptor[i][.]=(173, 305)(-0.145038, -0.498195)(0.0305344, -0.490975)(-0.458015, 0.501805)(0.473282, 0.487365)
				 (173, 305)(-0.0685921, -0.498195)(0.0144404, -0.490975)(-0.216606, 0.501805)(0.223827, 0.487365)
				 (173, 305)(-0.0685921, -0.498195)(-0.151625, -0.3213)(-0.155235, -0.108303)(-0.151625, 0.101083)(-0.209386, 0.310469)(-0.198556, 0.501805)(-0.137184, 0.418773)(-0.0649819, 0.212996)(0.0180505, 0.296029)(0.108303, 0.476534)(0.194946, 0.425993)(0.0974729, 0.241877)(0.0649819, 0.0361011)(0.0613718, -0.169675)(0.0252708, -0.371841)
				 (173, 305)(-0.0361011, 0.158845)(0.0649819, 0.119134)(-0.0830325, -0.393502)(-0.140794, 0.422383)(0.137184, 0.382671)(0.0397112, -0.122744)(0.0180505, -0.274368)(-0.0974729, 0.501805)(-0.140794, 0.422383)(0.0758123, 0.469314)(0.223827, 0.487365)(0.238267, 0.458484)(0.137184, 0.382671)(0.0794224, 0.137184)(0.0469314, -0.111913)(0.0613718, -0.169675)(0.0361011, -0.245487)(0.0252708, -0.483755)(-0.0685921, -0.498195)(-0.0938628, -0.451264)
descriptor[i][.]=(175, 307)(-0.0634921, -0.485401)(0.142857, -0.5)(-0.452381, 0.5)(0.47619, 0.478102)
				 (175, 307)(-0.0291971, -0.485401)(0.0656934, -0.5)(-0.208029, 0.5)(0.218978, 0.478102)
				 (175, 307)(0.0583942, -0.5)(-0.0547445, -0.372263)(-0.0875912, -0.178832)(-0.0948905, 0.0218978)(-0.127737, 0.226277)(-0.222628, 0.419708)(-0.0839416, 0.49635)(-0.0729927, 0.321168)(0.040146, 0.186131)(0.0693431, 0.394161)(0.211679, 0.478102)(0.149635, 0.306569)(0.124088, 0.0985401)(0.124088, -0.10219)(0.080292, -0.30292)
				 (175, 307)(0.0218978, 0.164234)(-0.040146, -0.394161)(-0.10219, 0.178832)(-0.131387, 0.423358)(-0.218978, 0.492701)(-0.0912409, 0.5)(0.080292, 0.467153)(0.226277, 0.474453)(0.0839416, -0.489051)(-0.0291971, -0.485401)(-0.040146, -0.394161)(-0.109489, -0.0145985)(-0.10219, 0.178832)
descriptor[i][.]=(181, 306)(-0.0454545, -0.369565)(0.290909, -0.48913)(-0.4, 0.5)(0.481818, 0.478261)
				 (181, 306)(-0.0181159, -0.369565)(0.115942, -0.48913)(-0.15942, 0.5)(0.192029, 0.478261)
				 (181, 306)(0.0326087, -0.5)(-0.0362319, -0.34058)(-0.0398551, -0.152174)(-0.0362319, 0.0326087)(-0.00362319, 0.221014)(-0.166667, 0.347826)(-0.137681, 0.5)(-0.0362319, 0.358696)(0.0615942, 0.369565)(0.141304, 0.485507)(0.144928, 0.355072)(0.15942, 0.17029)(0.17029, -0.0181159)(0.152174, -0.202899)(0.134058, -0.391304)
				 (181, 306)(0.00724638, 0.199275)(0.0434783, 0.293478)(0.0108696, -0.394928)(-0.0905797, 0.416667)(-0.199275, 0.394928)(-0.166667, 0.496377)(-0.0833333, 0.481884)(0.0398551, 0.297101)(0.0652174, 0.481884)(0.192029, 0.478261)(0.126812, -0.481884)(0.0326087, -0.5)
descriptor[i][.]=(207, 305)(-0.0246914, -0.498195)(0.0123457, -0.498195)(-0.37037, 0.501805)(0.481481, 0.501805)
				 (207, 305)(-0.00722022, -0.498195)(0.00361011, -0.498195)(-0.108303, 0.501805)(0.140794, 0.501805)
				 (207, 305)(-0.00722022, -0.498195)(-0.0613718, -0.34657)(-0.0794224, -0.187726)(-0.0722022, -0.0252708)(-0.00361011, 0.129964)(-0.0505415, 0.285199)(-0.140794, 0.422383)(-0.0252708, 0.501805)(0.140794, 0.501805)(0.0613718, 0.382671)(0.126354, 0.231047)(0.129964, 0.0758123)(0.126354, -0.0758123)(0.108303, -0.241877)(0.0974729, -0.407942)
				 (207, 305)(0.00361011, 0.194946)(0.0577617, 0.418773)(-0.0252708, -0.393502)(0, 0.133574)(0.0758123, 0.285199)(0.108303, 0.0902527)(-0.0108303, 0.122744)(0.00361011, 0.194946)(-0.115523, 0.498195)(0.140794, 0.501805)(0.0758123, 0.292419)(0.0974729, 0.270758)(0.140794, 0.0722022)(0.0866426, -0.480144)(-0.00722022, -0.498195)(-0.0288809, -0.472924)(-0.0252708, -0.393502)(-0.0722022, -0.34296)
descriptor[i][.]=(231, 305)(-0.130435, -0.498246)(0.0144928, -0.494737)(-0.434783, 0.487719)(0.449275, 0.501754)
				 (231, 305)(-0.0315789, -0.498246)(0.00350877, -0.494737)(-0.105263, 0.487719)(0.108772, 0.501754)
				 (231, 305)(-0.0315789, -0.498246)(-0.0807018, -0.357895)(-0.112281, -0.210526)(-0.108772, -0.0561404)(-0.0561404, 0.0912281)(-0.077193, 0.245614)(-0.108772, 0.396491)(-0.045614, 0.487719)(0.105263, 0.498246)(0.0701754, 0.361404)(0.119298, 0.207018)(0.101754, 0.0561404)(0.077193, -0.0982456)(0.0631579, -0.252632)(0.0631579, -0.403509)
				 (231, 305)(0.0701754, 0.368421)(-0.112281, 0.484211)(0.108772, 0.501754)(0.0736842, 0.37193)(0.0666667, -0.438596)(0.00350877, -0.494737)(-0.0315789, -0.498246)
descriptor[i][.]=(262, 306)(-0.165354, -0.5)(0, -0.485816)(-0.480315, 0.489362)(0.440945, 0.489362)
				 (262, 306)(-0.0744681, -0.5)(0, -0.485816)(-0.216312, 0.489362)(0.198582, 0.489362)
				 (262, 306)(-0.0744681, -0.5)(-0.14539, -0.322695)(-0.141844, -0.124113)(-0.109929, 0.0744681)(-0.166667, 0.27305)(-0.219858, 0.471631)(-0.0780142, 0.464539)(-0.0780142, 0.287234)(0.0141844, 0.379433)(0.14539, 0.496454)(0.134752, 0.421986)(0.0673759, 0.230496)(0.0496454, 0.0319149)(0.0248227, -0.163121)(0.0141844, -0.361702)
				 (262, 306)(-0.0390071, 0.244681)(0.0638298, 0.276596)(-0.102837, -0.368794)(-0.109929, 0.109929)(-0.124113, 0.375887)(0.12766, 0.414894)(-0.0638298, 0.485816)(-0.124113, 0.375887)(0.0531915, 0.485816)(0.152482, 0.5)(0.219858, 0.475177)(0.12766, 0.414894)(0.0673759, 0.280142)(0.0070922, -0.478723)(-0.0212766, -0.496454)(-0.0744681, -0.5)(-0.106383, -0.379433)(-0.138298, -0.333333)(-0.109929, 0.109929)(-0.212766, 0.379433)
descriptor[i][.]=(262, 307)(-0.0409836, -0.5)(0, -0.5)(-0.360656, 0.485816)(0.393443, 0.5)
				 (262, 307)(-0.0177305, -0.5)(0, -0.5)(-0.156028, 0.485816)(0.170213, 0.5)
				 (262, 307)(-0.0177305, -0.5)(-0.0744681, -0.322695)(-0.070922, -0.134752)(-0.0531915, 0.0496454)(-0.0957447, 0.237589)(-0.20922, 0.41844)(-0.0638298, 0.48227)(-0.0425532, 0.312057)(0.0425532, 0.368794)(0.148936, 0.5)(0.131206, 0.386525)(0.117021, 0.198582)(0.106383, 0.0070922)(0.0957447, -0.180851)(0.0744681, -0.37234)
				 (262, 307)(-0.0460993, 0.166667)(0.0141844, 0.258865)(-0.0425532, -0.375887)(-0.0390071, 0.070922)(-0.0921986, 0.375887)(-0.0390071, 0.070922)(-0.0496454, 0.138298)(-0.0460993, 0.166667)(-0.0957447, 0.230496)(-0.216312, 0.443262)(-0.163121, 0.48227)(-0.0673759, 0.485816)(-0.0921986, 0.375887)(0.0638298, 0.464539)(0.0851064, 0.48227)(0.216312, 0.478723)(-0.0177305, -0.5)(-0.0425532, -0.375887)
descriptor[i][.]=(270, 304)(-0.0105263, -0.479167)(0.147368, -0.5)(-0.389474, 0.482639)(0.378947, 0.5)
				 (270, 304)(-0.00347222, -0.479167)(0.0486111, -0.5)(-0.128472, 0.482639)(0.125, 0.5)
				 (270, 304)(0.0381944, -0.5)(-0.0173611, -0.350694)(-0.0381944, -0.1875)(-0.0381944, -0.0138889)(0.0173611, 0.163194)(-0.0833333, 0.302083)(-0.142361, 0.4375)(-0.0625, 0.40625)(0.03125, 0.416667)(0.145833, 0.482639)(0.100694, 0.340278)(0.121528, 0.166667)(0.135417, -0.0104167)(0.131944, -0.180556)(0.100694, -0.354167)
				 (270, 304)(0.0208333, 0.201389)(0, 0.336806)(-0.0381944, 0.357639)(-0.15625, 0.34375)(-0.135417, 0.479167)(-0.0902778, 0.486111)(-0.0381944, 0.361111)(0.0381944, 0.472222)(0.107639, 0.5)(0.166667, 0.475694)(0.111111, -0.440972)(0.0659722, -0.493056)(0.0104167, -0.493056)
descriptor[i][.]=(296, 303)(-0.0133333, -0.49481)(0.08, -0.49827)(-0.2, 0.477509)(0.133333, 0.50173)
				 (296, 303)(-0.00346021, -0.49481)(0.0207612, -0.49827)(-0.0519031, 0.477509)(0.0346021, 0.50173)
				 (296, 303)(0.0207612, -0.49827)(-0.0519031, -0.380623)(-0.100346, -0.238754)(-0.0795848, -0.0934256)(-0.0622837, 0.0588235)(-0.0380623, 0.207612)(-0.0968858, 0.352941)(-0.0726644, 0.463668)(0.0692042, 0.480969)(0.0276817, 0.33564)(0.124567, 0.224913)(0.110727, 0.0761246)(0.083045, -0.0761246)(0.0795848, -0.224913)(0.0692042, -0.373702)
				 (296, 303)(-0.0380623, 0.207612)(0.0276817, 0.321799)(-0.0588235, 0.301038)(0.0242215, 0.394464)(-0.0380623, 0.207612)(-0.0588235, 0.301038)(-0.128028, 0.397924)(-0.0968858, 0.456747)(0.0346021, 0.50173)(0.0692042, 0.480969)(0.0276817, 0.397924)(0.0276817, 0.33564)(0.117647, 0.249135)(0.131488, 0.211073)(0.083045, -0.453287)(0.0449827, -0.487889)(-0.00346021, -0.49481)
descriptor[i][.]=(321, 304)(-0.160494, -0.5)(0.037037, -0.493056)(-0.296296, 0.5)(0.382716, 0.486111)
				 (321, 304)(-0.0451389, -0.5)(0.0104167, -0.493056)(-0.0833333, 0.5)(0.107639, 0.486111)
				 (321, 304)(-0.0451389, -0.5)(-0.0902778, -0.350694)(-0.121528, -0.197917)(-0.121528, -0.0416667)(-0.09375, 0.111111)(-0.121528, 0.267361)(-0.131944, 0.423611)(-0.0347222, 0.486111)(0.114583, 0.479167)(0.0729167, 0.364583)(0.114583, 0.208333)(0.0833333, 0.0520833)(0.0486111, -0.0972222)(0.0416667, -0.253472)(0.0486111, -0.409722)
				 (321, 304)(-0.00347222, 0.472222)(0.0694444, 0.381944)(-0.0173611, 0.482639)(0.107639, 0.486111)(0.142361, 0.461806)(0.09375, 0.402778)(0.0173611, -0.489583)(-0.0451389, -0.5)
descriptor[i][.]=(345, 305)(-0.15748, -0.5)(0.0629921, -0.454545)(-0.377953, 0.5)(0.433071, 0.5)
				 (345, 305)(-0.0699301, -0.5)(0.027972, -0.454545)(-0.167832, 0.5)(0.192308, 0.5)
				 (345, 305)(-0.0699301, -0.5)(-0.13986, -0.314685)(-0.143357, -0.115385)(-0.129371, 0.0804196)(-0.181818, 0.276224)(-0.20979, 0.472028)(-0.122378, 0.402098)(-0.0384615, 0.20979)(0.0174825, 0.388112)(0.13986, 0.5)(0.146853, 0.41958)(0.0769231, 0.234266)(0.0454545, 0.0384615)(0.027972, -0.160839)(0.0104895, -0.36014)
				 (345, 305)(-0.0314685, 0.206294)(0.0909091, 0.353147)(-0.108392, -0.356643)(-0.122378, 0.377622)(0.13986, 0.41958)(-0.206294, 0.482517)(-0.136364, 0.5)(-0.104895, 0.475524)(-0.122378, 0.377622)(0.034965, 0.472028)(0.192308, 0.5)(0.223776, 0.447552)(0.146853, 0.41958)(0.0944056, 0.356643)(-0.0034965, -0.486014)(-0.0699301, -0.5)(-0.108392, -0.356643)(-0.13986, -0.314685)
descriptor[i][.]=(344, 305)(-0.0166667, -0.491228)(0.108333, -0.498246)(-0.425, 0.501754)(0.45, 0.501754)
				 (344, 305)(-0.00701754, -0.491228)(0.045614, -0.498246)(-0.178947, 0.501754)(0.189474, 0.501754)
				 (344, 305)(0.0175439, -0.498246)(-0.0631579, -0.333333)(-0.0736842, -0.14386)(-0.0666667, 0.0421053)(-0.0807018, 0.22807)(-0.189474, 0.4)(-0.112281, 0.484211)(-0.0385965, 0.312281)(0.0491228, 0.382456)(0.129825, 0.501754)(0.147368, 0.407018)(0.122807, 0.217544)(0.0877193, 0.0280702)(0.101754, -0.161404)(0.0807018, -0.350877)
				 (344, 305)(-0.0491228, 0.154386)(0.0175439, 0.266667)(-0.0385965, -0.368421)(-0.0877193, 0.37193)(-0.0491228, 0.154386)(-0.210526, 0.442105)(-0.185965, 0.498246)(-0.133333, 0.501754)(-0.0877193, 0.37193)(0.0526316, 0.494737)(0.189474, 0.501754)(0.210526, 0.473684)(0.0947368, -0.445614)(0.0526316, -0.494737)(-0.00701754, -0.491228)(-0.0315789, -0.470175)(-0.045614, -0.407018)(-0.0385965, -0.368421)(-0.0807018, -0.305263)
descriptor[i][.]=(352, 305)(-0.0105263, -0.468531)(0.147368, -0.5)(-0.389474, 0.5)(0.463158, 0.5)
				 (352, 305)(-0.0034965, -0.468531)(0.048951, -0.5)(-0.129371, 0.5)(0.153846, 0.5)
				 (352, 305)(0.0314685, -0.5)(-0.0314685, -0.335664)(-0.0384615, -0.160839)(-0.034965, 0.0174825)(0.034965, 0.195804)(-0.0944056, 0.328671)(-0.13986, 0.475524)(-0.0524476, 0.405594)(0.0314685, 0.433566)(0.15035, 0.5)(0.115385, 0.339161)(0.129371, 0.160839)(0.118881, -0.020979)(0.129371, -0.199301)(0.115385, -0.377622)
				 (352, 305)(0.034965, 0.199301)(0.013986, 0.342657)(-0.0559441, 0.409091)(-0.157343, 0.370629)(-0.136364, 0.496503)(-0.0769231, 0.5)(-0.0559441, 0.409091)(0.0384615, 0.496503)(0.153846, 0.5)(0.122378, -0.454545)(0.0734266, -0.493007)(0.0314685, -0.5)(0.0034965, -0.479021)
descriptor[i][.]=(380, 304)(-0.04, -0.498258)(0, -0.498258)(-0.253333, 0.501742)(0.293333, 0.501742)
				 (380, 304)(-0.010453, -0.498258)(0, -0.498258)(-0.0662021, 0.501742)(0.0766551, 0.501742)
				 (380, 304)(-0.010453, -0.498258)(-0.0627178, -0.358885)(-0.101045, -0.219512)(-0.087108, -0.0696864)(-0.0452962, 0.0836237)(-0.0452962, 0.236934)(-0.118467, 0.376307)(-0.0487805, 0.501742)(0.0696864, 0.477352)(0.0418118, 0.327526)(0.132404, 0.205575)(0.0940767, 0.0557491)(0.0731707, -0.0801394)(0.0731707, -0.233449)(0.0766551, -0.38676)
				 (380, 304)(-0.0383275, 0.198606)(0.0209059, 0.372822)(-0.0522648, -0.383275)(-0.0452962, 0.0731707)(-0.0627178, 0.320557)(-0.0801394, 0.0243902)(-0.0487805, 0.0696864)(-0.0383275, 0.198606)(-0.0731707, 0.498258)(0.0766551, 0.501742)(0.0209059, 0.372822)(0.118467, 0.261324)(0.0696864, -0.452962)(0.0278746, -0.491289)(-0.010453, -0.498258)(-0.0592334, -0.421603)(-0.0522648, -0.383275)
descriptor[i][.]=(402, 307)(-0.0869565, -0.5)(0.119565, -0.465517)(-0.402174, 0.486207)(0.478261, 0.5)
				 (402, 307)(-0.0275862, -0.5)(0.037931, -0.465517)(-0.127586, 0.486207)(0.151724, 0.5)
				 (402, 307)(-0.0275862, -0.5)(-0.0931034, -0.362069)(-0.117241, -0.206897)(-0.12069, -0.0482759)(-0.0862069, 0.110345)(-0.113793, 0.272414)(-0.144828, 0.431034)(-0.0344828, 0.486207)(0.110345, 0.5)(0.0896552, 0.413793)(0.103448, 0.255172)(0.0862069, 0.0931034)(0.0586207, -0.062069)(0.0517241, -0.224138)(0.0448276, -0.386207)
				 (402, 307)(0.0310345, 0.472414)(0.0482759, 0.496552)(0.151724, 0.5)(0.0448276, -0.455172)(-0.00344828, -0.493103)(-0.0586207, -0.486207)
descriptor[i][.]=(425, 308)(-0.0902256, -0.5)(0.0300752, -0.482639)(-0.481203, 0.486111)(0.428571, 0.5)
				 (425, 308)(-0.0416667, -0.5)(0.0138889, -0.482639)(-0.222222, 0.486111)(0.197917, 0.5)
				 (425, 308)(-0.0416667, -0.5)(-0.135417, -0.329861)(-0.145833, -0.131944)(-0.121528, 0.0694444)(-0.173611, 0.270833)(-0.229167, 0.475694)(-0.0972222, 0.447917)(-0.0625, 0.25)(0.00694444, 0.368056)(0.114583, 0.496528)(0.173611, 0.444444)(0.0694444, 0.274306)(0.0381944, 0.0729167)(0.0277778, -0.131944)(0.0208333, -0.336806)
				 (425, 308)(-0.118056, 0.0659722)(-0.0381944, 0.215278)(0.0694444, 0.295139)(-0.104167, -0.378472)(-0.138889, -0.211806)(-0.121528, 0.361111)(0.138889, 0.434028)(-0.152778, -0.0451389)(-0.118056, 0.0659722)(-0.190972, 0.309028)(-0.229167, 0.46875)(-0.0798611, 0.486111)(-0.121528, 0.361111)(0.0486111, 0.496528)(0.232639, 0.482639)(0.222222, 0.444444)(0.145833, 0.434028)(0.0729167, 0.298611)(0.0243056, -0.475694)(-0.0277778, -0.5)(-0.0659722, -0.496528)(-0.0972222, -0.465278)(-0.107639, -0.420139)(-0.104167, -0.378472)
descriptor[i][.]=(428, 307)(-0.0314961, -0.49827)(0.023622, -0.49827)(-0.464567, 0.474048)(0.488189, 0.50173)
				 (428, 307)(-0.0138408, -0.49827)(0.0103806, -0.49827)(-0.204152, 0.474048)(0.214533, 0.50173)
				 (428, 307)(-0.0138408, -0.49827)(-0.0795848, -0.33218)(-0.100346, -0.145329)(-0.0726644, 0.0484429)(-0.0968858, 0.242215)(-0.211073, 0.418685)(-0.083045, 0.474048)(-0.0346021, 0.287197)(0.0346021, 0.429066)(0.152249, 0.50173)(0.131488, 0.415225)(0.107266, 0.221453)(0.083045, 0.0276817)(0.0692042, -0.16263)(0.0622837, -0.356401)
				 (428, 307)(-0.0588235, 0.183391)(-0.00346021, 0.273356)(0.100346, 0.32872)(-0.0553633, -0.370242)(-0.0622837, 0.0692042)(-0.100346, 0.384083)(0.0415225, 0.446367)(0.141869, 0.449827)(-0.0657439, 0.0657439)(-0.0588235, 0.183391)(-0.217993, 0.432526)(-0.211073, 0.470588)(-0.0899654, 0.487889)(-0.100346, 0.384083)(0.0346021, 0.435986)(0.0242215, 0.477509)(0.0380623, 0.49827)(0.214533, 0.50173)(0.141869, 0.449827)(0.103806, 0.33218)(0.0588235, -0.470588)(0.017301, -0.49481)(-0.0380623, -0.487889)(-0.0588235, -0.384083)(-0.107266, -0.301038)
descriptor[i][.]=(442, 306)(-0.030303, -0.498282)(0.040404, -0.498282)(-0.010101, 0.498282)(0.484848, 0.501718)
				 (442, 306)(-0.0103093, -0.498282)(0.0137457, -0.498282)(-0.00343643, 0.498282)(0.164948, 0.501718)
				 (442, 306)(-0.0103093, -0.498282)(-0.0687285, -0.333333)(-0.0790378, -0.154639)(-0.0652921, 0.024055)(0, 0.199313)(-0.14433, 0.333333)(-0.0756014, 0.474227)(-0.0171821, 0.378007)(0.0515464, 0.498282)(0.123711, 0.47079)(0.0790378, 0.305842)(0.103093, 0.130584)(0.120275, -0.0412371)(0.0927835, -0.209622)(0.0859107, -0.388316)
				 (442, 306)(0, 0.199313)(-0.0343643, 0.357388)(0.0721649, 0.364261)(-0.0446735, -0.371134)(-0.0618557, 0.388316)(0.0996564, 0.450172)(0.0996564, 0.106529)(-0.0721649, 0.00687285)(-0.164948, 0.350515)(-0.158076, 0.402062)(-0.116838, 0.457045)(-0.0515464, 0.474227)(-0.0618557, 0.388316)(-0.00687285, 0.487973)(0.164948, 0.501718)(0.0824742, 0.37457)(0.0996564, 0.106529)(0.130584, 0.0618557)(0.0859107, -0.446735)(0.0412371, -0.491409)(-0.0103093, -0.498282)(-0.0343643, -0.477663)(-0.0446735, -0.371134)
descriptor[i][.]=(461, 306)(-0.0694444, -0.5)(0.125, -0.489726)(-0.263889, 0.5)(0.402778, 0.5)
				 (461, 306)(-0.0171233, -0.5)(0.0308219, -0.489726)(-0.0650685, 0.5)(0.0993151, 0.5)
				 (461, 306)(-0.0171233, -0.5)(-0.0719178, -0.363014)(-0.10274, -0.212329)(-0.106164, -0.0582192)(-0.0582192, 0.0890411)(-0.0513699, 0.243151)(-0.0890411, 0.39726)(-0.0205479, 0.493151)(0.0924658, 0.479452)(0.0376712, 0.342466)(0.123288, 0.202055)(0.123288, 0.0547945)(0.0924658, -0.0890411)(0.0684932, -0.239726)(0.0684932, -0.393836)
				 (461, 306)(0.0273973, 0.363014)(0.0924658, 0.0924658)(-0.0650685, -0.376712)(0.0376712, 0.428082)(-0.0719178, 0.496575)(0.0993151, 0.5)(0.0616438, 0.438356)(0.0376712, 0.428082)(0.0273973, 0.363014)(0.113014, 0.243151)(0.0547945, -0.472603)(-0.00684932, -0.5)(-0.0513699, -0.482877)(-0.0616438, -0.462329)(-0.0684932, -0.400685)(-0.0650685, -0.376712)(-0.113014, -0.291096)
descriptor[i][.]=(494, 306)(-0.234234, -0.498282)(0.018018, -0.460481)(-0.468468, 0.501718)(0.486486, 0.487973)
				 (494, 306)(-0.0893471, -0.498282)(0.00687285, -0.460481)(-0.178694, 0.501718)(0.185567, 0.487973)
				 (494, 306)(-0.0893471, -0.498282)(-0.151203, -0.319588)(-0.171821, -0.123711)(-0.127148, 0.0687285)(-0.147766, 0.261168)(-0.189003, 0.453608)(-0.0412371, 0.501718)(-0.0721649, 0.350515)(-0.00687285, 0.415808)(0.147766, 0.4811)(0.0859107, 0.395189)(0.0515464, 0.202749)(0.0515464, 0.024055)(0.0137457, -0.168385)(0.00343643, -0.364261)
				 (494, 306)(-0.0446735, 0.292096)(0.0584192, 0.340206)(-0.113402, -0.381443)(-0.0893471, 0.436426)(0.109966, 0.436426)(0.024055, 0.103093)(-0.185567, 0.498282)(-0.0274914, 0.501718)(0.0378007, 0.484536)(0.185567, 0.487973)(0.19244, 0.460481)(0.0618557, 0.343643)(0.0618557, 0.323024)(0.0652921, 0.0721649)(0.0103093, -0.450172)(-0.0171821, -0.484536)(-0.0893471, -0.498282)(-0.123711, -0.443299)(-0.113402, -0.381443)(-0.154639, -0.316151)
descriptor[i][.]=(491, 307)(-0.0824742, -0.49827)(0.0412371, -0.491349)(-0.350515, 0.50173)(0.360825, 0.487889)
				 (491, 307)(-0.0276817, -0.49827)(0.0138408, -0.491349)(-0.117647, 0.50173)(0.121107, 0.487889)
				 (491, 307)(-0.0276817, -0.49827)(-0.0899654, -0.342561)(-0.107266, -0.176471)(-0.0968858, 0.00692042)(-0.0553633, 0.186851)(-0.138408, 0.359862)(-0.100346, 0.49481)(-0.0657439, 0.422145)(0.0207612, 0.404844)(0.128028, 0.477509)(0.100346, 0.352941)(0.100346, 0.16955)(0.0968858, -0.00346021)(0.0657439, -0.186851)(0.0553633, -0.370242)
				 (491, 307)(-0.0484429, 0.17301)(-0.00692042, 0.33218)(-0.0622837, -0.377163)(-0.0657439, 0.411765)(-0.0484429, 0.17301)(-0.16609, 0.460208)(-0.017301, 0.50173)(-0.0657439, 0.411765)(0.0311419, 0.484429)(0.16955, 0.470588)(0.0657439, -0.449827)(-0.0449827, -0.491349)
descriptor[i][.]=(496, 307)(-0.0481928, -0.49827)(0.204819, -0.484429)(-0.277108, 0.50173)(0.361446, 0.487889)
				 (496, 307)(-0.0138408, -0.49827)(0.0588235, -0.484429)(-0.0795848, 0.50173)(0.103806, 0.487889)
				 (496, 307)(-0.0138408, -0.49827)(-0.0588235, -0.363322)(-0.0899654, -0.211073)(-0.083045, -0.0519031)(-0.0242215, 0.103806)(-0.0207612, 0.259516)(-0.131488, 0.397924)(-0.0449827, 0.49827)(0.107266, 0.484429)(0.083045, 0.373702)(0.131488, 0.224913)(0.117647, 0.0657439)(0.100346, -0.0899654)(0.083045, -0.245675)(0.0761246, -0.404844)
				 (496, 307)(0.00346021, 0.224913)(0.0795848, 0.342561)(0.103806, 0.435986)(0.00346021, 0.224913)(-0.138408, 0.408304)(-0.0865052, 0.49827)(0.145329, 0.460208)(0.103806, 0.435986)(0.083045, 0.346021)(0.0795848, -0.467128)(-0.00346021, -0.49827)(-0.0311419, -0.49481)
descriptor[i][.]=(513, 307)(-0.123457, -0.498316)(0.0123457, -0.488215)(-0.0246914, 0.488215)(0.222222, 0.501684)
				 (513, 307)(-0.03367, -0.498316)(0.003367, -0.488215)(-0.00673401, 0.488215)(0.0606061, 0.501684)
				 (513, 307)(-0.03367, -0.498316)(-0.0774411, -0.37037)(-0.131313, -0.228956)(-0.104377, -0.0841751)(-0.0740741, 0.0572391)(-0.037037, 0.205387)(-0.0538721, 0.353535)(-0.026936, 0.474747)(0.0841751, 0.454545)(0.0639731, 0.333333)(0.138047, 0.195286)(0.0976431, 0.047138)(0.0639731, -0.10101)(0.0606061, -0.242424)(0.047138, -0.390572)
				 (513, 307)(0.03367, 0.383838)(-0.0774411, -0.37037)(0.0606061, 0.501684)(0.0841751, 0.454545)(0.03367, 0.383838)(0.043771, -0.454545)(-0.016835, -0.498316)(-0.0707071, -0.478114)(-0.0875421, -0.407407)(-0.0774411, -0.37037)(-0.104377, -0.340067)
descriptor[i][.]=(539, 310)(-0.247788, -0.498328)(-1, -1)(-0.0176991, 0.48495)(0.451327, 0.501672)
				 (539, 310)(-0.0936455, -0.498328)(-1, -1)(-0.00668896, 0.48495)(0.170569, 0.501672)
				 (539, 310)(-0.0936455, -0.498328)(-0.150502, -0.354515)(-0.170569, -0.200669)(-0.167224, -0.0401338)(-0.117057, 0.117057)(-0.130435, 0.280936)(-0.140468, 0.441472)(0.00668896, 0.48495)(0.167224, 0.501672)(0.0936455, 0.414716)(0.0735786, 0.254181)(0.0568562, 0.0936455)(0.0234114, -0.0668896)(0.00334448, -0.22408)(-0.0100334, -0.384615)
				 (539, 310)(0.0635452, 0.354515)(0.103679, 0.448161)(-0.120401, 0.458194)(0.170569, 0.501672)(0.190635, 0.48495)(0.16388, 0.454849)(0.0668896, 0.35786)(-0.0802676, -0.498328)(-0.12709, -0.478261)
descriptor[i][.]=(555, 312)(-0.261905, -0.5)(-1, -1)(-0.396825, 0.447368)(0.468254, 0.5)
				 (555, 312)(-0.108553, -0.5)(-1, -1)(-0.164474, 0.447368)(0.194079, 0.5)
				 (555, 312)(-0.108553, -0.5)(-0.154605, -0.361842)(-0.190789, -0.207237)(-0.184211, -0.0427632)(-0.144737, 0.121711)(-0.171053, 0.286184)(-0.164474, 0.447368)(-0.00328947, 0.476974)(0.157895, 0.476974)(0.138158, 0.434211)(0.0657895, 0.286184)(0.0427632, 0.118421)(0.00986842, -0.0460526)(-0.0164474, -0.213816)(-0.0296053, -0.378289)
				 (555, 312)(0.128289, 0.470395)(0.0888158, 0.378289)(-0.151316, -0.368421)(-0.177632, 0.434211)(0.128289, 0.470395)(0.194079, 0.5)(0.207237, 0.470395)(0.190789, 0.444079)(0.0888158, 0.378289)(-0.0263158, -0.447368)(-0.101974, -0.5)(-0.154605, -0.476974)(-0.161184, -0.398026)(-0.151316, -0.368421)
descriptor[i][.]=(558, 310)(-0.241379, -0.498328)(0, -0.464883)(-0.456897, 0.461538)(0.482759, 0.488294)
				 (558, 310)(-0.0936455, -0.498328)(0, -0.464883)(-0.177258, 0.461538)(0.187291, 0.488294)
				 (558, 310)(-0.0936455, -0.498328)(-0.160535, -0.317726)(-0.167224, -0.117057)(-0.123746, 0.0869565)(-0.16388, 0.284281)(-0.150502, 0.461538)(-0.0602007, 0.438127)(-0.0602007, 0.254181)(-0.00668896, 0.35786)(0.0802676, 0.501672)(0.117057, 0.444816)(0.0802676, 0.250836)(0.0568562, 0.0468227)(0.0200669, -0.160535)(-0.00334448, -0.361204)
				 (558, 310)(-0.123746, 0.197324)(-0.0267559, 0.214047)(-0.120401, -0.381271)(-0.123746, 0.0635452)(-0.107023, 0.381271)(-0.12709, 0.0602007)(-0.123746, 0.197324)(-0.190635, 0.448161)(-0.0334448, 0.488294)(0.0167224, 0.498328)(0.187291, 0.488294)(0, -0.464883)(-0.107023, -0.494983)(-0.133779, -0.451505)
