walkDescr7.dat
size1 45
size3 46
beh_type.id 10
sizes[]=32 41 42 47 46 47 43 40 42 39 39 39 46 38 35 44 44 41 45 45 40 39 43 44 45 38 31 38 45 40 45 39 38 40 41 40 41 44 46 48 39 34 44 42 39 
thresholds[]=0.16 0.16 0.16 0.16 0.16 0.16 0.16 0.16 0.16 0.16 0.16 0.16 0.16 0.16 0.16 0.16 0.16 0.16 0.16 0.16 0.16 0.16 0.16 0.16 0.16 0.16 0.16 0.16 0.16 0.16 0.16 0.16 0.16 0.16 0.16 0.16 0.16 0.16 0.16 0.16 0.16 0.16 0.16 0.16 0.16 
map[0][.]=0 1 0 0 0 0 0 0 0 0 0 0 0 0 0 0 0 0 0 0 0 0 0 0 0 0 0 0 0 0 0 0 0 0 0 0 0 0 0 0 0 0 0 0 0 0 
map[1][.]=0 0 1 0 0 0 0 0 0 0 0 0 0 0 0 0 0 0 0 0 0 0 0 0 0 0 0 0 0 0 0 0 0 0 0 0 0 0 0 0 0 0 0 0 0 0 
map[2][.]=0 0 0 1 0 0 0 0 0 0 0 0 0 0 0 0 0 0 0 0 0 0 0 0 0 0 0 0 0 0 0 0 0 0 0 0 0 0 0 0 0 0 0 0 0 0 
map[3][.]=0 0 0 0 1 0 0 0 0 0 0 0 0 0 0 0 0 0 0 0 0 0 0 0 0 0 0 0 0 0 0 0 0 0 0 0 0 0 0 0 0 0 0 0 0 0 
map[4][.]=0 0 0 0 0 1 0 0 0 0 0 0 0 0 0 0 0 0 0 0 0 0 0 0 0 0 0 0 0 0 0 0 0 0 0 0 0 0 0 0 0 0 0 0 0 0 
map[5][.]=0 0 0 0 0 0 1 0 0 0 0 0 0 0 0 0 0 0 0 0 0 0 0 0 0 0 0 0 0 0 0 0 0 0 0 0 0 0 0 0 0 0 0 0 0 0 
map[6][.]=0 0 0 0 0 0 0 1 0 0 0 0 0 0 0 0 0 0 0 0 0 0 0 0 0 0 0 0 0 0 0 0 0 0 0 0 0 0 0 0 0 0 0 0 0 0 
map[7][.]=0 0 0 0 0 0 0 0 1 0 0 0 0 0 0 0 0 0 0 0 0 0 0 0 0 0 0 0 0 0 0 0 0 0 0 0 0 0 0 0 0 0 0 0 0 0 
map[8][.]=0 0 0 0 0 0 0 0 0 1 0 0 0 0 0 0 0 0 0 0 0 0 0 0 0 0 0 0 0 0 0 0 0 0 0 0 0 0 0 0 0 0 0 0 0 0 
map[9][.]=0 0 0 0 0 0 0 0 0 0 1 0 0 0 0 0 0 0 0 0 0 0 0 0 0 0 0 0 0 0 0 0 0 0 0 0 0 0 0 0 0 0 0 0 0 0 
map[10][.]=0 0 0 0 0 0 0 0 0 0 0 1 0 0 0 0 0 0 0 0 0 0 0 0 0 0 0 0 0 0 0 0 0 0 0 0 0 0 0 0 0 0 0 0 0 0 
map[11][.]=0 0 0 0 0 0 0 0 0 0 0 0 1 0 0 0 0 0 0 0 0 0 0 0 0 0 0 0 0 0 0 0 0 0 0 0 0 0 0 0 0 0 0 0 0 0 
map[12][.]=0 0 0 0 0 0 0 0 0 0 0 0 0 1 0 0 0 0 0 0 0 0 0 0 0 0 0 0 0 0 0 0 0 0 0 0 0 0 0 0 0 0 0 0 0 0 
map[13][.]=0 0 0 0 0 0 0 0 0 0 0 0 0 0 1 0 0 0 0 0 0 0 0 0 0 0 0 0 0 0 0 0 0 0 0 0 0 0 0 0 0 0 0 0 0 0 
map[14][.]=0 0 0 0 0 0 0 0 0 0 0 0 0 0 0 1 0 0 0 0 0 0 0 0 0 0 0 0 0 0 0 0 0 0 0 0 0 0 0 0 0 0 0 0 0 0 
map[15][.]=0 0 0 0 0 0 0 0 0 0 0 0 0 0 0 0 1 0 0 0 0 0 0 0 0 0 0 0 0 0 0 0 0 0 0 0 0 0 0 0 0 0 0 0 0 0 
map[16][.]=0 0 0 0 0 0 0 0 0 0 0 0 0 0 0 0 0 1 0 0 0 0 0 0 0 0 0 0 0 0 0 0 0 0 0 0 0 0 0 0 0 0 0 0 0 0 
map[17][.]=0 0 0 0 0 0 0 0 0 0 0 0 0 0 0 0 0 0 1 0 0 0 0 0 0 0 0 0 0 0 0 0 0 0 0 0 0 0 0 0 0 0 0 0 0 0 
map[18][.]=0 0 0 0 0 0 0 0 0 0 0 0 0 0 0 0 0 0 0 1 0 0 0 0 0 0 0 0 0 0 0 0 0 0 0 0 0 0 0 0 0 0 0 0 0 0 
map[19][.]=0 0 0 0 0 0 0 0 0 0 0 0 0 0 0 0 0 0 0 0 1 0 0 0 0 0 0 0 0 0 0 0 0 0 0 0 0 0 0 0 0 0 0 0 0 0 
map[20][.]=0 0 0 0 0 0 0 0 0 0 0 0 0 0 0 0 0 0 0 0 0 1 0 0 0 0 0 0 0 0 0 0 0 0 0 0 0 0 0 0 0 0 0 0 0 0 
map[21][.]=0 0 0 0 0 0 0 0 0 0 0 0 0 0 0 0 0 0 0 0 0 0 1 0 0 0 0 0 0 0 0 0 0 0 0 0 0 0 0 0 0 0 0 0 0 0 
map[22][.]=0 0 0 0 0 0 0 0 0 0 0 0 0 0 0 0 0 0 0 0 0 0 0 1 0 0 0 0 0 0 0 0 0 0 0 0 0 0 0 0 0 0 0 0 0 0 
map[23][.]=0 0 0 0 0 0 0 0 0 0 0 0 0 0 0 0 0 0 0 0 0 0 0 0 1 0 0 0 0 0 0 0 0 0 0 0 0 0 0 0 0 0 0 0 0 0 
map[24][.]=0 0 0 0 0 0 0 0 0 0 0 0 0 0 0 0 0 0 0 0 0 0 0 0 0 1 0 0 0 0 0 0 0 0 0 0 0 0 0 0 0 0 0 0 0 0 
map[25][.]=0 0 0 0 0 0 0 0 0 0 0 0 0 0 0 0 0 0 0 0 0 0 0 0 0 0 1 0 0 0 0 0 0 0 0 0 0 0 0 0 0 0 0 0 0 0 
map[26][.]=0 0 0 0 0 0 0 0 0 0 0 0 0 0 0 0 0 0 0 0 0 0 0 0 0 0 0 1 0 0 0 0 0 0 0 0 0 0 0 0 0 0 0 0 0 0 
map[27][.]=0 0 0 0 0 0 0 0 0 0 0 0 0 0 0 0 0 0 0 0 0 0 0 0 0 0 0 0 1 0 0 0 0 0 0 0 0 0 0 0 0 0 0 0 0 0 
map[28][.]=0 0 0 0 0 0 0 0 0 0 0 0 0 0 0 0 0 0 0 0 0 0 0 0 0 0 0 0 0 1 0 0 0 0 0 0 0 0 0 0 0 0 0 0 0 0 
map[29][.]=0 0 0 0 0 0 0 0 0 0 0 0 0 0 0 0 0 0 0 0 0 0 0 0 0 0 0 0 0 0 1 0 0 0 0 0 0 0 0 0 0 0 0 0 0 0 
map[30][.]=0 0 0 0 0 0 0 0 0 0 0 0 0 0 0 0 0 0 0 0 0 0 0 0 0 0 0 0 0 0 0 1 0 0 0 0 0 0 0 0 0 0 0 0 0 0 
map[31][.]=0 0 0 0 0 0 0 0 0 0 0 0 0 0 0 0 0 0 0 0 0 0 0 0 0 0 0 0 0 0 0 0 1 0 0 0 0 0 0 0 0 0 0 0 0 0 
map[32][.]=0 0 0 0 0 0 0 0 0 0 0 0 0 0 0 0 0 0 0 0 0 0 0 0 0 0 0 0 0 0 0 0 0 1 0 0 0 0 0 0 0 0 0 0 0 0 
map[33][.]=0 0 0 0 0 0 0 0 0 0 0 0 0 0 0 0 0 0 0 0 0 0 0 0 0 0 0 0 0 0 0 0 0 0 1 0 0 0 0 0 0 0 0 0 0 0 
map[34][.]=0 0 0 0 0 0 0 0 0 0 0 0 0 0 0 0 0 0 0 0 0 0 0 0 0 0 0 0 0 0 0 0 0 0 0 1 0 0 0 0 0 0 0 0 0 0 
map[35][.]=0 0 0 0 0 0 0 0 0 0 0 0 0 0 0 0 0 0 0 0 0 0 0 0 0 0 0 0 0 0 0 0 0 0 0 0 1 0 0 0 0 0 0 0 0 0 
map[36][.]=0 0 0 0 0 0 0 0 0 0 0 0 0 0 0 0 0 0 0 0 0 0 0 0 0 0 0 0 0 0 0 0 0 0 0 0 0 1 0 0 0 0 0 0 0 0 
map[37][.]=0 0 0 0 0 0 0 0 0 0 0 0 0 0 0 0 0 0 0 0 0 0 0 0 0 0 0 0 0 0 0 0 0 0 0 0 0 0 1 0 0 0 0 0 0 0 
map[38][.]=0 0 0 0 0 0 0 0 0 0 0 0 0 0 0 0 0 0 0 0 0 0 0 0 0 0 0 0 0 0 0 0 0 0 0 0 0 0 0 1 0 0 0 0 0 0 
map[39][.]=0 0 0 0 0 0 0 0 0 0 0 0 0 0 0 0 0 0 0 0 0 0 0 0 0 0 0 0 0 0 0 0 0 0 0 0 0 0 0 0 1 0 0 0 0 0 
map[40][.]=0 0 0 0 0 0 0 0 0 0 0 0 0 0 0 0 0 0 0 0 0 0 0 0 0 0 0 0 0 0 0 0 0 0 0 0 0 0 0 0 0 1 0 0 0 0 
map[41][.]=0 0 0 0 0 0 0 0 0 0 0 0 0 0 0 0 0 0 0 0 0 0 0 0 0 0 0 0 0 0 0 0 0 0 0 0 0 0 0 0 0 0 1 0 0 0 
map[42][.]=0 0 0 0 0 0 0 0 0 0 0 0 0 0 0 0 0 0 0 0 0 0 0 0 0 0 0 0 0 0 0 0 0 0 0 0 0 0 0 0 0 0 0 1 0 0 
map[43][.]=0 0 0 0 0 0 0 0 0 0 0 0 0 0 0 0 0 0 0 0 0 0 0 0 0 0 0 0 0 0 0 0 0 0 0 0 0 0 0 0 0 0 0 0 1 0 
map[44][.]=0 0 0 0 0 0 0 0 0 0 0 0 0 0 0 0 0 0 0 0 0 0 0 0 0 0 0 0 0 0 0 0 0 0 0 0 0 0 0 0 0 0 0 0 0 1 
map[45][.]=0 0 0 0 0 0 0 0 0 0 0 0 0 0 0 0 0 0 0 0 0 0 0 0 0 0 0 0 0 0 0 0 0 0 0 0 0 0 0 0 0 0 0 0 0 0 
isLast[.]=false false false false false false false false false false false false false false false false false false false false false false false false false false false false false false false false false false false false false false false false false false false false false true 
descriptor[i][.]=(151, 247)(-0.127907, -0.461847)(0.0813953, -0.497992)(-0.476744, 0.485944)(0.476744, 0.502008)
				 (151, 247)(-0.0441767, -0.461847)(0.0281124, -0.497992)(-0.164659, 0.485944)(0.164659, 0.502008)
				 (151, 247)(0.0281124, -0.497992)(-0.0562249, -0.381526)(-0.128514, -0.232932)(-0.124498, -0.0682731)(-0.0883534, 0.0963855)(-0.136546, 0.253012)(-0.172691, 0.417671)(-0.0682731, 0.48996)(0.060241, 0.502008)(0.140562, 0.453815)(0.120482, 0.289157)(0.11245, 0.124498)(0.0923695, -0.0401606)(0.0883534, -0.204819)(0.0843373, -0.373494)
				 (151, 247)(-0.060241, -0.365462)(0.164659, 0.502008)(0.100402, -0.46988)(-0.0441767, -0.461847)(-0.120482, -0.317269)
descriptor[i][.]=(158, 246)(-0.11, -0.498008)(0.18, -0.47012)(-0.47, 0.486056)(0.4, 0.501992)
				 (158, 246)(-0.0438247, -0.498008)(0.0717131, -0.47012)(-0.187251, 0.486056)(0.159363, 0.501992)
				 (158, 246)(-0.0438247, -0.498008)(-0.111554, -0.330677)(-0.14741, -0.143426)(-0.12749, 0.0557769)(-0.155378, 0.243028)(-0.195219, 0.434263)(-0.0557769, 0.478088)(-0.0478088, 0.290837)(0.00398406, 0.430279)(0.14741, 0.498008)(0.119522, 0.378486)(0.103586, 0.179283)(0.0717131, -0.0119522)(0.0717131, -0.211155)(0.0876494, -0.398406)
				 (158, 246)(-0.111554, 0.151394)(-0.0199203, 0.270916)(-0.063745, -0.370518)(-0.0836653, 0.38247)(-0.111554, 0.151394)(-0.195219, 0.482072)(-0.0836653, 0.501992)(-0.0557769, 0.482072)(-0.0836653, 0.38247)(0.0239044, 0.498008)(0.199203, 0.482072)(0.0796813, -0.466135)(-0.0318725, -0.498008)(-0.0756972, -0.40239)
descriptor[i][.]=(166, 247)(-0.118644, -0.493976)(0.110169, -0.497992)(-0.483051, 0.485944)(0.483051, 0.502008)
				 (166, 247)(-0.0562249, -0.493976)(0.0522088, -0.497992)(-0.228916, 0.485944)(0.228916, 0.502008)
				 (166, 247)(0.0481928, -0.497992)(-0.0803213, -0.409639)(-0.15261, -0.232932)(-0.160643, -0.0361446)(-0.140562, 0.156627)(-0.216867, 0.345382)(-0.176707, 0.485944)(-0.0963855, 0.35743)(-0.00401606, 0.333333)(0.0843373, 0.502008)(0.220884, 0.457831)(0.100402, 0.285141)(0.0562249, 0.0883534)(0.0562249, -0.108434)(0.0441767, -0.309237)
				 (166, 247)(-0.0321285, 0.261044)(0.0481928, 0.0763052)(-0.0803213, -0.37751)(-0.11245, 0.39759)(0.104418, 0.313253)(-0.100402, 0.481928)(-0.11245, 0.39759)(0.060241, 0.497992)(0.228916, 0.502008)(0.104418, 0.212851)(0.0522088, 0.0803213)(0.0722892, -0.401606)(0.0682731, -0.473896)(-0.0562249, -0.493976)(-0.0883534, -0.441767)
descriptor[i][.]=(169, 244)(-0.105691, -0.478431)(0.0569106, -0.498039)(-0.471545, 0.486275)(0.455285, 0.501961)
				 (169, 244)(-0.0509804, -0.478431)(0.027451, -0.498039)(-0.227451, 0.486275)(0.219608, 0.501961)
				 (169, 244)(0.00784314, -0.498039)(-0.0862745, -0.352941)(-0.152941, -0.176471)(-0.152941, 0.0196078)(-0.14902, 0.207843)(-0.231373, 0.392157)(-0.129412, 0.482353)(-0.0941176, 0.321569)(0.0117647, 0.376471)(0.133333, 0.501961)(0.192157, 0.435294)(0.0901961, 0.258824)(0.0509804, 0.0666667)(0.054902, -0.129412)(0.0470588, -0.32549)
				 (169, 244)(-0.0313725, 0.262745)(0.0470588, 0.0862745)(-0.0862745, -0.34902)(-0.12549, 0.101961)(-0.0980392, 0.329412)(0.109804, 0.32549)(-0.145098, 0.2)(-0.113725, 0.482353)(-0.0941176, 0.352941)(0.054902, 0.494118)(0.219608, 0.501961)(0.109804, 0.32549)(0.0509804, 0.0901961)(0.0666667, -0.458824)(0.0352941, -0.494118)(-0.0509804, -0.478431)(-0.133333, -0.309804)(-0.152941, 0.054902)(-0.12549, 0.101961)(-0.145098, 0.2)
descriptor[i][.]=(171, 247)(-0.047619, -0.5)(0.166667, -0.472)(-0.492063, 0.48)(0.404762, 0.5)
				 (171, 247)(-0.024, -0.5)(0.084, -0.472)(-0.248, 0.48)(0.204, 0.5)
				 (171, 247)(-0.024, -0.5)(-0.108, -0.332)(-0.14, -0.144)(-0.132, 0.048)(-0.176, 0.236)(-0.24, 0.416)(-0.116, 0.484)(-0.072, 0.292)(0.04, 0.38)(0.172, 0.5)(0.168, 0.4)(0.104, 0.204)(0.076, 0.008)(0.076, -0.188)(0.084, -0.384)
				 (171, 247)(-0.112, 0.096)(-0.02, 0.252)(0.068, 0.092)(-0.06, -0.368)(-0.108, 0.352)(0.12, 0.316)(-0.112, 0.096)(-0.252, 0.46)(-0.116, 0.484)(-0.108, 0.352)(0.104, 0.496)(0.204, 0.5)(0.252, 0.464)(0.12, 0.316)(0.072, 0.096)(0.092, -0.468)(-0.02, -0.5)(-0.048, -0.488)(-0.068, -0.404)
descriptor[i][.]=(169, 244)(-0.0655738, -0.457031)(0.0983607, -0.5)(-0.45082, 0.484375)(0.434426, 0.5)
				 (169, 244)(-0.03125, -0.457031)(0.046875, -0.5)(-0.214844, 0.484375)(0.207031, 0.5)
				 (169, 244)(0.0234375, -0.5)(-0.0390625, -0.34375)(-0.113281, -0.175781)(-0.113281, 0.015625)(-0.117188, 0.199219)(-0.21875, 0.375)(-0.140625, 0.484375)(-0.0703125, 0.335938)(0.0351563, 0.339844)(0.144531, 0.5)(0.175781, 0.40625)(0.125, 0.214844)(0.105469, 0.0273438)(0.0976563, -0.167969)(0.101563, -0.359375)
				 (169, 244)(-0.0976563, 0.144531)(-0.00390625, 0.253906)(0.0898438, 0.113281)(-0.0390625, -0.34375)(-0.09375, 0.371094)(0.144531, 0.359375)(-0.0976563, 0.144531)(-0.238281, 0.445313)(-0.222656, 0.480469)(-0.105469, 0.484375)(-0.09375, 0.371094)(0.105469, 0.492188)(0.207031, 0.5)(0.144531, 0.359375)(0.101563, 0.125)(0.105469, -0.464844)(0.0234375, -0.5)(-0.03125, -0.457031)(-0.0429688, -0.394531)(-0.113281, -0.28125)
descriptor[i][.]=(169, 244)(-0.017094, -0.431373)(0.119658, -0.498039)(-0.435897, 0.482353)(0.452991, 0.501961)
				 (169, 244)(-0.00784314, -0.431373)(0.054902, -0.498039)(-0.2, 0.482353)(0.207843, 0.501961)
				 (169, 244)(0.0431373, -0.498039)(-0.0313725, -0.329412)(-0.0862745, -0.152941)(-0.0823529, 0.0352941)(-0.101961, 0.223529)(-0.211765, 0.396078)(-0.101961, 0.482353)(-0.0352941, 0.305882)(0.0627451, 0.376471)(0.172549, 0.501961)(0.164706, 0.368627)(0.129412, 0.180392)(0.12549, 0)(0.129412, -0.192157)(0.137255, -0.376471)
				 (169, 244)(-0.054902, 0.109804)(0.0196078, 0.258824)(-0.00784314, -0.34902)(-0.0941176, 0.4)(-0.054902, 0.109804)(-0.227451, 0.431373)(-0.207843, 0.478431)(-0.105882, 0.486275)(-0.0941176, 0.403922)(0.109804, 0.498039)(0.207843, 0.501961)(0.231373, 0.482353)(0.137255, -0.45098)(0.054902, -0.498039)(0.0196078, -0.486275)(-0.0823529, -0.286275)
descriptor[i][.]=(169, 243)(-0.0434783, -0.329457)(0.226087, -0.5)(-0.478261, 0.484496)(0.46087, 0.5)
				 (169, 243)(-0.0193798, -0.329457)(0.100775, -0.5)(-0.213178, 0.484496)(0.205426, 0.5)
				 (169, 243)(0.0891473, -0.5)(0.00387597, -0.352713)(-0.0697674, -0.182171)(-0.0658915, 0.00387597)(-0.0542636, 0.189922)(-0.178295, 0.337209)(-0.182171, 0.484496)(-0.0697674, 0.383721)(0.0581395, 0.317829)(0.116279, 0.492248)(0.189922, 0.414729)(0.155039, 0.224806)(0.139535, 0.0387597)(0.139535, -0.151163)(0.139535, -0.341085)
				 (169, 243)(0.0271318, 0.275194)(0.00387597, -0.348837)(-0.0465116, 0.158915)(-0.0426357, 0.325581)(-0.0426357, 0.329457)(0.100775, 0.484496)(0.205426, 0.5)(0.224806, 0.468992)(0.135659, -0.472868)(0.100775, -0.5)(0.0348837, -0.48062)(0, -0.364341)(-0.0465116, 0.158915)
descriptor[i][.]=(172, 242)(-0.0176991, -0.323077)(0.238938, -0.5)(-0.380531, 0.484615)(0.442478, 0.5)
				 (172, 242)(-0.00769231, -0.323077)(0.103846, -0.5)(-0.165385, 0.484615)(0.192308, 0.5)
				 (172, 242)(0.0961538, -0.5)(0.0192308, -0.346154)(-0.05, -0.173077)(-0.05, 0.0115385)(-0.0115385, 0.192308)(-0.153846, 0.338462)(-0.157692, 0.484615)(-0.0307692, 0.373077)(0.0615385, 0.353846)(0.138462, 0.496154)(0.173077, 0.388462)(0.157692, 0.203846)(0.176923, 0.0230769)(0.157692, -0.161538)(0.165385, -0.346154)
				 (172, 242)(0, 0.165385)(0.0423077, 0.288462)(0.0230769, -0.35)(0, 0.165385)(-0.207692, 0.403846)(-0.173077, 0.480769)(-0.1, 0.484615)(0.0884615, 0.484615)(0.192308, 0.5)(0.219231, 0.480769)(0.103846, -0.5)(0.0461538, -0.469231)(0.0192308, -0.392308)(-0.00769231, -0.323077)(-0.0423077, -0.280769)
descriptor[i][.]=(176, 242)(-0.0576923, -0.307692)(0.288462, -0.5)(-0.346154, 0.480769)(0.480769, 0.5)
				 (176, 242)(-0.0230769, -0.307692)(0.115385, -0.5)(-0.138462, 0.480769)(0.192308, 0.5)
				 (176, 242)(0.103846, -0.5)(0.0230769, -0.373077)(-0.0423077, -0.207692)(-0.0423077, -0.0230769)(0.0115385, 0.157692)(-0.1, 0.296154)(-0.169231, 0.446154)(-0.0461538, 0.392308)(0.0461538, 0.380769)(0.15, 0.5)(0.165385, 0.369231)(0.146154, 0.188462)(0.173077, 0.0192308)(0.157692, -0.161538)(0.153846, -0.342308)
				 (176, 242)(0.0115385, 0.192308)(0.0307692, 0.311538)(0.0230769, -0.35)(-0.0153846, 0.211538)(-0.188462, 0.365385)(-0.2, 0.403846)(-0.146154, 0.476923)(0.0769231, 0.492308)(0.192308, 0.5)(0.134615, -0.492308)(0.0192308, -0.392308)(-0.0230769, -0.307692)
descriptor[i][.]=(187, 244)(-0.0568182, -0.341176)(0.181818, -0.498039)(-0.284091, 0.470588)(0.443182, 0.501961)
				 (187, 244)(-0.0196078, -0.341176)(0.0627451, -0.498039)(-0.0980392, 0.470588)(0.152941, 0.501961)
				 (187, 244)(0.054902, -0.498039)(-0.00392157, -0.34902)(-0.0588235, -0.192157)(-0.0509804, -0.0196078)(0.00392157, 0.141176)(-0.0745098, 0.278431)(-0.160784, 0.411765)(-0.0392157, 0.435294)(0.027451, 0.47451)(0.14902, 0.470588)(0.121569, 0.294118)(0.137255, 0.121569)(0.152941, -0.0470588)(0.145098, -0.219608)(0.14902, -0.388235)
				 (187, 244)(0.0235294, 0.196078)(0.00392157, 0.384314)(0.0117647, -0.368627)(-0.172549, 0.388235)(-0.133333, 0.454902)(-0.0470588, 0.470588)(0.0313725, 0.486275)(0.152941, 0.501961)(0.172549, 0.0470588)(0.156863, -0.458824)(0.054902, -0.498039)(0.00392157, -0.403922)
descriptor[i][.]=(201, 241)(-0.0821918, -0.383142)(0.287671, -0.498084)(-0.273973, 0.467433)(0.287671, 0.501916)
				 (201, 241)(-0.0229885, -0.383142)(0.0804598, -0.498084)(-0.0766284, 0.467433)(0.0804598, 0.501916)
				 (201, 241)(0.0536398, -0.498084)(-0.0229885, -0.371648)(-0.0881226, -0.237548)(-0.0804598, -0.0804598)(-0.0651341, 0.0727969)(-0.0114943, 0.222222)(-0.114943, 0.344828)(-0.0804598, 0.463602)(0.0689655, 0.501916)(0.0727969, 0.375479)(0.1341, 0.233716)(0.126437, 0.0766284)(0.122605, -0.0804598)(0.114943, -0.237548)(0.122605, -0.386973)
				 (201, 241)(-0.0114943, 0.237548)(0.0727969, 0.314176)(-0.0229885, -0.340996)(-0.045977, 0.091954)(-0.0842912, 0.0574713)(-0.045977, 0.091954)(-0.1341, 0.356322)(-0.0842912, 0.463602)(0.0804598, 0.501916)(0.103448, 0.482759)(0.0957854, -0.490421)(0.0536398, -0.498084)
descriptor[i][.]=(212, 241)(-0.125, -0.463602)(0.1875, -0.498084)(-0.1875, 0.501916)(0.15625, 0.501916)
				 (212, 241)(-0.0306513, -0.463602)(0.045977, -0.498084)(-0.045977, 0.501916)(0.0383142, 0.501916)
				 (212, 241)(0.0344828, -0.498084)(-0.045977, -0.390805)(-0.118774, -0.256705)(-0.10728, -0.103448)(-0.114943, 0.0498084)(-0.0498084, 0.187739)(-0.0881226, 0.337165)(-0.0881226, 0.452107)(0.045977, 0.494253)(0.0689655, 0.371648)(0.122605, 0.237548)(0.103448, 0.0842912)(0.091954, -0.0689655)(0.0842912, -0.222222)(0.091954, -0.371648)
				 (212, 241)(-0.045977, 0.237548)(0.0344828, 0.394636)(-0.0421456, -0.348659)(-0.0651341, 0.10728)(-0.0651341, 0.310345)(0.0536398, 0.32567)(-0.0689655, 0.130268)(-0.045977, 0.237548)(-0.0651341, 0.306513)(-0.122605, 0.440613)(-0.0536398, 0.498084)(0.0383142, 0.501916)(0.0689655, 0.478927)(0.0689655, 0.375479)(0.114943, 0.252874)(0.0689655, -0.482759)(0.0114943, -0.494253)(-0.0306513, -0.463602)(-0.0498084, -0.386973)
descriptor[i][.]=(225, 241)(-0.0138889, -0.496183)(0.0694444, -0.5)(-0.361111, 0.5)(0.430556, 0.484733)
				 (225, 241)(-0.00381679, -0.496183)(0.019084, -0.5)(-0.0992366, 0.5)(0.118321, 0.484733)
				 (225, 241)(0.00381679, -0.5)(-0.0687023, -0.370229)(-0.133588, -0.229008)(-0.125954, -0.0725191)(-0.110687, 0.0801527)(-0.0877863, 0.232824)(-0.118321, 0.389313)(-0.0572519, 0.5)(0.0954198, 0.484733)(0.0916031, 0.385496)(0.110687, 0.232824)(0.0877863, 0.0763359)(0.0687023, -0.0801527)(0.0610687, -0.236641)(0.0687023, -0.389313)
				 (225, 241)(-0.0877863, 0.183206)(-0.0648855, -0.354962)(-0.0877863, 0.183206)(-0.122137, 0.461832)(-0.10687, 0.496183)(0.118321, 0.484733)(0.0534351, -0.48855)(0.00381679, -0.5)(-0.0343511, -0.477099)(-0.0687023, -0.366412)(-0.129771, -0.274809)
descriptor[i][.]=(241, 247)(-0.0208333, -0.5)(0.104167, -0.5)(-0.416667, 0.5)(0.427083, 0.496)
				 (241, 247)(-0.008, -0.5)(0.04, -0.5)(-0.16, 0.5)(0.164, 0.496)
				 (241, 247)(-0.008, -0.5)(-0.112, -0.376)(-0.168, -0.196)(-0.176, -0.008)(-0.136, 0.18)(-0.18, 0.368)(-0.108, 0.5)(-0.072, 0.372)(-0.012, 0.392)(0.112, 0.484)(0.132, 0.392)(0.096, 0.208)(0.072, 0.016)(0.036, -0.172)(0.024, -0.364)
				 (241, 247)(-0.036, 0.296)(-0.076, 0.38)(-0.04, 0.48)(-0.076, 0.38)(0.008, 0.48)(0.164, 0.496)(0.048, -0.496)(-0.08, -0.48)
descriptor[i][.]=(248, 246)(-0.214953, -0.5)(0.0280374, -0.480159)(-0.439252, 0.5)(0.383178, 0.5)
				 (248, 246)(-0.0912698, -0.5)(0.0119048, -0.480159)(-0.186508, 0.5)(0.162698, 0.5)
				 (248, 246)(-0.0912698, -0.5)(-0.15873, -0.329365)(-0.174603, -0.142857)(-0.186508, 0.047619)(-0.162698, 0.230159)(-0.206349, 0.424603)(-0.0952381, 0.47619)(-0.0515873, 0.285714)(0.0198413, 0.448413)(0.194444, 0.484127)(0.126984, 0.34127)(0.0674603, 0.154762)(0.031746, -0.031746)(0.0198413, -0.22619)(0.0277778, -0.416667)
				 (248, 246)(-0.0396825, 0.281746)(0.0833333, 0.281746)(-0.107143, -0.388889)(-0.0952381, 0.380952)(0.146825, 0.404762)(-0.206349, 0.484127)(-0.103175, 0.5)(-0.0952381, 0.380952)(0.146825, 0.5)(0.198413, 0.484127)(0.214286, 0.448413)(0.146825, 0.404762)(0.0873016, 0.285714)(0.0277778, -0.472222)(-0.0714286, -0.5)(-0.111111, -0.400794)(-0.18254, -0.309524)
descriptor[i][.]=(256, 242)(-0.0909091, -0.5)(0.0578512, -0.442308)(-0.471074, 0.5)(0.31405, 0.484615)
				 (256, 242)(-0.0423077, -0.5)(0.0269231, -0.442308)(-0.219231, 0.5)(0.146154, 0.484615)
				 (256, 242)(-0.0423077, -0.5)(-0.111538, -0.330769)(-0.176923, -0.15)(-0.180769, 0.0423077)(-0.173077, 0.230769)(-0.230769, 0.423077)(-0.115385, 0.480769)(-0.0846154, 0.303846)(0.0115385, 0.373077)(0.157692, 0.473077)(0.157692, 0.388462)(0.0769231, 0.207692)(0.0538462, 0.0230769)(0.0230769, -0.165385)(0.0307692, -0.353846)
				 (256, 242)(-0.0346154, 0.253846)(0.0538462, 0.169231)(-0.1, -0.342308)(-0.1, 0.338462)(0.15, 0.380769)(-0.226923, 0.496154)(-0.130769, 0.5)(-0.1, 0.338462)(0.226923, 0.45)(0.234615, 0.415385)(0.15, 0.380769)(0.0576923, 0.173077)(0.0692308, 0.0615385)(0.0307692, -0.434615)(-0.0269231, -0.496154)(-0.107692, -0.423077)(-0.142308, -0.307692)
descriptor[i][.]=(256, 248)(-0.154472, -0.465587)(0.0731707, -0.497976)(-0.463415, 0.502024)(0.504065, 0.449393)
				 (256, 248)(-0.0769231, -0.465587)(0.0364372, -0.497976)(-0.230769, 0.502024)(0.251012, 0.449393)
				 (256, 248)(0.0202429, -0.497976)(-0.105263, -0.376518)(-0.157895, -0.198381)(-0.174089, 0)(-0.157895, 0.190283)(-0.230769, 0.376518)(-0.165992, 0.502024)(-0.0931174, 0.34413)(0.0121457, 0.311741)(0.121457, 0.48583)(0.226721, 0.404858)(0.105263, 0.251012)(0.0647773, 0.0607287)(0.0445344, -0.125506)(0.0283401, -0.319838)
				 (256, 248)(-0.0202429, 0.242915)(0.0607287, 0.101215)(-0.0890688, 0.311741)(0.161943, 0.376518)(-0.238866, 0.497976)(-0.133603, 0.502024)(-0.0890688, 0.319838)(0.0688259, 0.449393)(0.101215, 0.477733)(0.251012, 0.417004)(0.161943, 0.376518)(0.0728745, 0.121457)(0.0526316, -0.481781)(-0.0769231, -0.465587)
descriptor[i][.]=(259, 244)(-0.096, -0.466667)(0.08, -0.498039)(-0.432, 0.501961)(0.448, 0.486275)
				 (259, 244)(-0.0470588, -0.466667)(0.0392157, -0.498039)(-0.211765, 0.501961)(0.219608, 0.486275)
				 (259, 244)(0.0156863, -0.498039)(-0.0784314, -0.345098)(-0.133333, -0.164706)(-0.141176, 0.027451)(-0.141176, 0.211765)(-0.219608, 0.388235)(-0.141176, 0.501961)(-0.0705882, 0.329412)(0.0235294, 0.364706)(0.14902, 0.486275)(0.172549, 0.423529)(0.117647, 0.235294)(0.0941176, 0.0470588)(0.0745098, -0.145098)(0.054902, -0.337255)
				 (259, 244)(-0.109804, 0.117647)(-0.00392157, 0.266667)(0.0862745, 0.137255)(-0.101961, 0.368627)(0.172549, 0.423529)(-0.211765, 0.341176)(-0.243137, 0.470588)(-0.219608, 0.498039)(-0.137255, 0.501961)(-0.101961, 0.368627)(0.0588235, 0.466667)(0.219608, 0.486275)(0.247059, 0.466667)(0.172549, 0.423529)(0.0941176, 0.14902)(0.0705882, -0.47451)(-0.0470588, -0.466667)(-0.12549, -0.282353)
descriptor[i][.]=(259, 249)(-0.096, -0.457143)(0.16, -0.497959)(-0.424, 0.502041)(0.488, 0.481633)
				 (259, 249)(-0.0489796, -0.457143)(0.0816327, -0.497959)(-0.216327, 0.502041)(0.24898, 0.481633)
				 (259, 249)(0.0204082, -0.497959)(-0.0897959, -0.346939)(-0.110204, -0.159184)(-0.122449, 0.0367347)(-0.134694, 0.228571)(-0.236735, 0.404082)(-0.126531, 0.497959)(-0.0571429, 0.318367)(0.0367347, 0.363265)(0.163265, 0.485714)(0.179592, 0.420408)(0.138776, 0.228571)(0.110204, 0.0326531)(0.0979592, -0.167347)(0.0653061, -0.367347)
				 (259, 249)(-0.0979592, 0.163265)(0.00408163, 0.257143)(0.130612, 0.293878)(-0.0979592, 0.367347)(0.179592, 0.42449)(-0.253061, 0.44898)(-0.22449, 0.497959)(-0.134694, 0.502041)(-0.0979592, 0.37551)(-0.077551, 0.359184)(0.0857143, 0.481633)(0.240816, 0.485714)(0.179592, 0.42449)(0.17551, 0.395918)(0.134694, 0.297959)(0.0897959, -0.493878)(0.0204082, -0.497959)(-0.0489796, -0.457143)
descriptor[i][.]=(258, 248)(-0.0254237, -0.421053)(0.254237, -0.497976)(-0.381356, 0.502024)(0.466102, 0.48583)
				 (258, 248)(-0.0121457, -0.421053)(0.121457, -0.497976)(-0.182186, 0.502024)(0.222672, 0.48583)
				 (258, 248)(0.0121457, -0.497976)(-0.0566802, -0.323887)(-0.0688259, -0.137652)(-0.0566802, 0.0566802)(-0.0688259, 0.230769)(-0.198381, 0.384615)(-0.137652, 0.493927)(-0.0202429, 0.336032)(0.0647773, 0.421053)(0.218623, 0.48583)(0.165992, 0.336032)(0.149798, 0.1417)(0.153846, -0.0445344)(0.129555, -0.238866)(0.133603, -0.425101)
				 (258, 248)(-0.0323887, 0.174089)(0.0283401, 0.295547)(-0.0161943, -0.368421)(-0.0323887, 0.174089)(-0.238866, 0.453441)(-0.190283, 0.497976)(-0.145749, 0.502024)(0.0769231, 0.465587)(0.222672, 0.48583)(0.238866, 0.461538)(0.133603, -0.489879)(0.0121457, -0.497976)(-0.0161943, -0.376518)
descriptor[i][.]=(264, 243)(-0.138614, -0.280156)(0.277228, -0.498054)(-0.326733, 0.498054)(0.475248, 0.486381)
				 (264, 243)(-0.0544747, -0.280156)(0.108949, -0.498054)(-0.128405, 0.498054)(0.18677, 0.486381)
				 (264, 243)(0.0933852, -0.498054)(0, -0.36965)(-0.0505837, -0.202335)(-0.0583658, -0.0233463)(0.00389105, 0.151751)(-0.0856031, 0.299611)(-0.175097, 0.435798)(-0.07393, 0.459144)(0.0389105, 0.40856)(0.163424, 0.486381)(0.132296, 0.354086)(0.140078, 0.178988)(0.167315, 0.0116732)(0.140078, -0.167315)(0.124514, -0.346304)
				 (264, 243)(0.0194553, 0.190661)(0.0155642, 0.365759)(-0.0583658, 0.420233)(-0.18677, 0.36965)(-0.136187, 0.494163)(-0.0856031, 0.501946)(-0.0583658, 0.420233)(0.0116732, 0.36965)(0.0428016, 0.466926)(0.18677, 0.486381)(0.116732, -0.494163)(-0.0544747, -0.280156)
descriptor[i][.]=(270, 247)(-0.021978, -0.46)(0.32967, -0.5)(-0.307692, 0.5)(0.461538, 0.484)
				 (270, 247)(-0.008, -0.46)(0.12, -0.5)(-0.112, 0.5)(0.168, 0.484)
				 (270, 247)(0.072, -0.5)(-0.012, -0.38)(-0.06, -0.216)(-0.064, -0.04)(0.004, 0.12)(-0.068, 0.272)(-0.164, 0.408)(-0.044, 0.48)(0.028, 0.424)(0.156, 0.484)(0.116, 0.336)(0.136, 0.156)(0.164, -0.012)(0.136, -0.192)(0.12, -0.372)
				 (270, 247)(0.016, 0.204)(-0.004, 0.376)(0.116, 0.344)(-0.012, -0.376)(0.012, 0.132)(0.132, 0.056)(0.008, 0.128)(-0.172, 0.356)(-0.12, 0.496)(-0.064, 0.5)(0.036, 0.48)(0.168, 0.484)(0.12, 0.348)(0.136, -0.48)(0.02, -0.496)(-0.06, -0.328)
descriptor[i][.]=(284, 244)(-0.0138889, -0.489879)(0.125, -0.497976)(-0.138889, 0.502024)(0.388889, 0.502024)
				 (284, 244)(-0.00404858, -0.489879)(0.0364372, -0.497976)(-0.0404858, 0.502024)(0.11336, 0.502024)
				 (284, 244)(0.00809717, -0.497976)(-0.048583, -0.352227)(-0.0890688, -0.198381)(-0.0890688, -0.0404858)(-0.0364372, 0.105263)(-0.0323887, 0.267206)(-0.137652, 0.388664)(-0.0404858, 0.502024)(0.121457, 0.497976)(0.0728745, 0.360324)(0.1417, 0.214575)(0.121457, 0.0566802)(0.121457, -0.097166)(0.101215, -0.259109)(0.109312, -0.417004)
				 (284, 244)(-0.0161943, 0.226721)(0.0688259, 0.368421)(-0.0283401, 0.117409)(-0.0526316, 0.303644)(0.0809717, 0.441296)(-0.0809717, 0.0526316)(-0.0283401, 0.117409)(-0.0161943, 0.226721)(-0.0526316, 0.303644)(-0.133603, 0.368421)(-0.0809717, 0.489879)(0.11336, 0.502024)(0.0809717, 0.441296)(0.0688259, 0.368421)(0.137652, 0.259109)(0.105263, -0.481781)(0.00809717, -0.497976)
descriptor[i][.]=(294, 244)(-0.117647, -0.497976)(0.264706, -0.481781)(-0.191176, 0.502024)(0.264706, 0.502024)
				 (294, 244)(-0.0323887, -0.497976)(0.0728745, -0.481781)(-0.0526316, 0.502024)(0.0728745, 0.502024)
				 (294, 244)(-0.0323887, -0.497976)(-0.0769231, -0.356275)(-0.11336, -0.206478)(-0.11336, -0.048583)(-0.0566802, 0.105263)(-0.0607287, 0.259109)(-0.137652, 0.396761)(-0.0404858, 0.502024)(0.0688259, 0.465587)(0.0688259, 0.323887)(0.133603, 0.186235)(0.117409, 0.0283401)(0.097166, -0.129555)(0.0688259, -0.287449)(0.0850202, -0.441296)
				 (294, 244)(-0.048583, 0.194332)(0.0364372, 0.392713)(-0.0566802, -0.37247)(-0.0566802, 0.097166)(-0.0647773, 0.303644)(-0.0607287, 0.0931174)(-0.048583, 0.194332)(-0.0647773, 0.303644)(-0.129555, 0.376518)(-0.137652, 0.441296)(-0.0607287, 0.497976)(0.0728745, 0.502024)(0.0364372, 0.392713)(0.0850202, -0.461538)(-0.0202429, -0.497976)(-0.0607287, -0.404858)(-0.0769231, -0.356275)(-0.109312, -0.315789)
descriptor[i][.]=(305, 239)(-0.0144928, -0.494163)(0.057971, -0.498054)(-0.333333, 0.501946)(0.304348, 0.501946)
				 (305, 239)(-0.00389105, -0.494163)(0.0155642, -0.498054)(-0.0894942, 0.501946)(0.0817121, 0.501946)
				 (305, 239)(0.00389105, -0.498054)(-0.07393, -0.377432)(-0.124514, -0.241245)(-0.120623, -0.0894942)(-0.108949, 0.0661479)(-0.077821, 0.210117)(-0.108949, 0.357977)(-0.0856031, 0.501946)(0.0700389, 0.501946)(0.0933852, 0.385214)(0.136187, 0.233463)(0.0933852, 0.0817121)(0.077821, -0.07393)(0.0622568, -0.22179)(0.0661479, -0.373541)
				 (305, 239)(0.0817121, 0.44358)(-0.0700389, -0.338521)(-0.0972763, 0.498054)(0.0817121, 0.501946)(0.105058, 0.48249)(0.136187, 0.237354)(0.0544747, -0.478599)(0.0155642, -0.498054)(-0.0622568, -0.451362)(-0.077821, -0.36965)(-0.116732, -0.284047)
descriptor[i][.]=(323, 249)(-0.247312, -0.497959)(0.0215054, -0.497959)(-0.44086, 0.485714)(0.451613, 0.502041)
				 (323, 249)(-0.0938776, -0.497959)(0.00816327, -0.497959)(-0.167347, 0.485714)(0.171429, 0.502041)
				 (323, 249)(-0.0938776, -0.497959)(-0.155102, -0.342857)(-0.17551, -0.179592)(-0.163265, -0.0122449)(-0.138776, 0.15102)(-0.167347, 0.318367)(-0.17551, 0.481633)(-0.0122449, 0.469388)(0.146939, 0.502041)(0.126531, 0.391837)(0.110204, 0.22449)(0.0571429, 0.0571429)(0.044898, -0.110204)(0.0163265, -0.277551)(0.0285714, -0.440816)
				 (323, 249)(-0.17551, 0.481633)(0.171429, 0.502041)(0.0285714, -0.489796)(-0.0938776, -0.497959)
descriptor[i][.]=(333, 242)(-0.159292, -0.498069)(-1, -1)(-0.477876, 0.486486)(0.486726, 0.482625)
				 (333, 242)(-0.0694981, -0.498069)(-1, -1)(-0.208494, 0.486486)(0.212355, 0.482625)
				 (333, 242)(-0.0694981, -0.498069)(-0.138996, -0.335907)(-0.181467, -0.142857)(-0.177606, 0.0540541)(-0.177606, 0.247104)(-0.216216, 0.440154)(-0.0656371, 0.478764)(-0.0888031, 0.289575)(-0.003861, 0.409266)(0.131274, 0.498069)(0.135135, 0.432432)(0.0810811, 0.243243)(0.023166, 0.046332)(0.003861, -0.150579)(-0.011583, -0.339768)
				 (333, 242)(-0.042471, 0.266409)(-0.135135, -0.343629)(-0.108108, 0.382239)(-0.0733591, 0.486486)(-0.108108, 0.382239)(0.03861, 0.498069)(0.212355, 0.482625)(-0.011583, -0.474903)(-0.0579151, -0.498069)(-0.142857, -0.378378)(-0.135135, -0.343629)
descriptor[i][.]=(340, 244)(-0.0416667, -0.497976)(0.00833333, -0.461538)(-0.458333, 0.502024)(0.416667, 0.502024)
				 (340, 244)(-0.0202429, -0.497976)(0.00404858, -0.461538)(-0.222672, 0.502024)(0.202429, 0.502024)
				 (340, 244)(-0.0202429, -0.497976)(-0.137652, -0.384615)(-0.190283, -0.190283)(-0.194332, 0)(-0.174089, 0.202429)(-0.242915, 0.396761)(-0.133603, 0.502024)(-0.125506, 0.34413)(0, 0.331984)(0.0931174, 0.497976)(0.226721, 0.42915)(0.0931174, 0.295547)(0.0404858, 0.0931174)(0.0121457, -0.101215)(-0.0202429, -0.303644)
				 (340, 244)(-0.0445344, 0.255061)(0.0283401, 0.0769231)(-0.125506, 0.340081)(0.109312, 0.327935)(-0.0242915, -0.307692)(-0.238866, 0.493927)(-0.11336, 0.502024)(-0.125506, 0.340081)(0.0647773, 0.497976)(0.202429, 0.502024)(0.242915, 0.441296)(0.109312, 0.327935)(0.0445344, 0.101215)(-0.0202429, -0.303644)(0.00809717, -0.384615)(-0.00809717, -0.489879)(-0.109312, -0.465587)(-0.182186, -0.299595)
descriptor[i][.]=(341, 247)(-0.2, -0.491736)(0.024, -0.491736)(-0.496, 0.495868)(0.496, 0.479339)
				 (341, 247)(-0.103306, -0.491736)(0.0123967, -0.491736)(-0.256198, 0.495868)(0.256198, 0.479339)
				 (341, 247)(-0.00826446, -0.5)(-0.136364, -0.396694)(-0.190083, -0.202479)(-0.181818, 0.00413223)(-0.181818, 0.198347)(-0.243802, 0.400826)(-0.144628, 0.5)(-0.115702, 0.330579)(0.00826446, 0.31405)(0.0991736, 0.5)(0.252066, 0.438017)(0.115702, 0.301653)(0.053719, 0.103306)(0.0247934, -0.103306)(0, -0.305785)
				 (341, 247)(-0.0413223, 0.235537)(0.0495868, 0.0950413)(-0.132231, 0.371901)(0.123967, 0.326446)(-0.11157, 0.483471)(-0.132231, 0.371901)(0.0826446, 0.495868)(0.256198, 0.479339)(0.260331, 0.442149)(0.123967, 0.326446)(0.0619835, 0.107438)(0.0165289, -0.479339)(-0.103306, -0.491736)
descriptor[i][.]=(344, 242)(-0.124031, -0.5)(0.0387597, -0.448413)(-0.496124, 0.496032)(0.503876, 0.480159)
				 (344, 242)(-0.0634921, -0.5)(0.0198413, -0.448413)(-0.253968, 0.496032)(0.257937, 0.480159)
				 (344, 242)(-0.0634921, -0.5)(-0.138889, -0.313492)(-0.178571, -0.111111)(-0.146825, 0.0912698)(-0.206349, 0.289683)(-0.253968, 0.492063)(-0.146825, 0.444444)(-0.0555556, 0.25)(0.0238095, 0.392857)(0.150794, 0.5)(0.178571, 0.436508)(0.103175, 0.238095)(0.047619, 0.0357143)(0.0238095, -0.166667)(0.0238095, -0.369048)
				 (344, 242)(-0.142857, 0.126984)(-0.0357143, 0.230159)(0.047619, 0.103175)(-0.142857, 0.404762)(0.0238095, 0.357143)(0.166667, 0.420635)(-0.142857, 0.126984)(-0.253968, 0.488095)(-0.126984, 0.5)(-0.142857, 0.404762)(0.0119048, 0.34127)(0.015873, 0.404762)(0.0674603, 0.496032)(0.257937, 0.480159)(0.238095, 0.444444)(0.166667, 0.420635)(0.0515873, 0.107143)(-0.0634921, -0.5)
descriptor[i][.]=(345, 244)(-0.047619, -0.5)(0.0396825, -0.496094)(-0.5, 0.472656)(0.484127, 0.5)
				 (345, 244)(-0.0234375, -0.5)(0.0195313, -0.496094)(-0.246094, 0.472656)(0.238281, 0.5)
				 (345, 244)(-0.0234375, -0.5)(-0.0859375, -0.335938)(-0.148438, -0.148438)(-0.121094, 0.046875)(-0.164063, 0.242188)(-0.242188, 0.433594)(-0.0976563, 0.46875)(-0.078125, 0.292969)(0.0351563, 0.359375)(0.15625, 0.484375)(0.183594, 0.433594)(0.125, 0.242188)(0.0742188, 0.046875)(0.0625, -0.148438)(0.0429688, -0.347656)
				 (345, 244)(-0.015625, 0.242188)(-0.0820313, -0.34375)(-0.113281, 0.144531)(-0.144531, 0.414063)(-0.105469, 0.484375)(-0.144531, 0.414063)(0.0742188, 0.46875)(0.21875, 0.5)(0.0507813, -0.449219)(0.03125, -0.488281)(-0.0234375, -0.5)(-0.0859375, -0.359375)
descriptor[i][.]=(346, 248)(-0.0625, -0.495968)(0.132813, -0.5)(-0.484375, 0.479839)(0.460938, 0.5)
				 (346, 248)(-0.0322581, -0.495968)(0.0685484, -0.5)(-0.25, 0.479839)(0.237903, 0.5)
				 (346, 248)(0.0483871, -0.5)(-0.0524194, -0.399194)(-0.120968, -0.205645)(-0.104839, -0.00403226)(-0.0927419, 0.193548)(-0.225806, 0.366935)(-0.165323, 0.479839)(-0.0725806, 0.334677)(0.0362903, 0.318548)(0.104839, 0.483871)(0.233871, 0.451613)(0.149194, 0.278226)(0.116935, 0.0766129)(0.0967742, -0.125)(0.0604839, -0.326613)
				 (346, 248)(-0.0766129, 0.177419)(0.016129, 0.241935)(-0.0524194, -0.383065)(-0.116935, 0.395161)(-0.258065, 0.471774)(-0.129032, 0.483871)(-0.116935, 0.395161)(0.0766129, 0.479839)(0.237903, 0.5)(0.0846774, -0.487903)(-0.0322581, -0.495968)
descriptor[i][.]=(348, 244)(-0.00806452, -0.496094)(0.0322581, -0.5)(-0.362903, 0.484375)(0.483871, 0.5)
				 (348, 244)(-0.00390625, -0.496094)(0.015625, -0.5)(-0.175781, 0.484375)(0.234375, 0.5)
				 (348, 244)(0.00390625, -0.5)(-0.0585938, -0.332031)(-0.109375, -0.140625)(-0.078125, 0.0507813)(-0.0898438, 0.226563)(-0.222656, 0.382813)(-0.125, 0.46875)(-0.0234375, 0.300781)(0.046875, 0.402344)(0.179688, 0.5)(0.164063, 0.402344)(0.144531, 0.210938)(0.117188, 0.015625)(0.0976563, -0.175781)(0.0859375, -0.371094)
				 (348, 244)(-0.0507813, 0.1875)(0.015625, 0.265625)(-0.0429688, -0.351563)(-0.109375, 0.40625)(-0.242188, 0.441406)(-0.132813, 0.484375)(-0.109375, 0.40625)(0.0703125, 0.480469)(0.234375, 0.5)(0.09375, -0.464844)(0.015625, -0.5)(-0.0351563, -0.472656)(-0.0507813, -0.390625)
descriptor[i][.]=(352, 246)(-0.0172414, -0.498008)(0, -0.498008)(-0.198276, 0.486056)(0.474138, 0.501992)
				 (352, 246)(-0.00796813, -0.498008)(0, -0.498008)(-0.0916335, 0.486056)(0.219124, 0.501992)
				 (352, 246)(-0.00796813, -0.498008)(-0.0717131, -0.314741)(-0.0956175, -0.12749)(-0.0438247, 0.059761)(-0.059761, 0.23506)(-0.219124, 0.374502)(-0.0996016, 0.482072)(-0.0239044, 0.346614)(0.0398406, 0.446215)(0.203187, 0.501992)(0.159363, 0.370518)(0.14741, 0.175299)(0.139442, -0.0159363)(0.115538, -0.211155)(0.10757, -0.40239)
				 (352, 246)(-0.00796813, 0.179283)(0.0119522, 0.310757)(-0.0278884, -0.374502)(-0.0876494, 0.414343)(-0.231076, 0.386454)(-0.14741, 0.466135)(-0.059761, 0.482072)(0.0517928, 0.482072)(0.219124, 0.501992)(0.231076, 0.478088)(0.10757, -0.458167)(-0.00796813, -0.498008)(-0.0278884, -0.374502)(-0.0717131, -0.318725)
descriptor[i][.]=(360, 247)(-0.0784314, -0.493976)(0.147059, -0.497992)(-0.264706, 0.485944)(0.441176, 0.502008)
				 (360, 247)(-0.0321285, -0.493976)(0.060241, -0.497992)(-0.108434, 0.485944)(0.180723, 0.502008)
				 (360, 247)(0.0562249, -0.497992)(-0.0481928, -0.405622)(-0.108434, -0.2249)(-0.108434, -0.0441767)(-0.0200803, 0.124498)(-0.120482, 0.277108)(-0.176707, 0.417671)(-0.0722892, 0.39759)(0.0160643, 0.421687)(0.144578, 0.497992)(0.13253, 0.401606)(0.136546, 0.220884)(0.124498, 0.0361446)(0.104418, -0.144578)(0.064257, -0.329317)
				 (360, 247)(-0.0120482, 0.172691)(-0.00803213, 0.337349)(-0.0481928, -0.381526)(-0.064257, 0.373494)(-0.116466, 0.481928)(-0.0763052, 0.465863)(-0.064257, 0.373494)(0.0200803, 0.481928)(0.180723, 0.502008)(0.204819, 0.481928)(0.060241, -0.497992)(-0.0321285, -0.493976)(-0.0481928, -0.381526)
descriptor[i][.]=(370, 245)(-0.113924, -0.5)(0.21519, -0.480315)(-0.0632911, 0.484252)(0.481013, 0.5)
				 (370, 245)(-0.0354331, -0.5)(0.0669291, -0.480315)(-0.019685, 0.484252)(0.149606, 0.5)
				 (370, 245)(-0.0354331, -0.5)(-0.0748031, -0.350394)(-0.122047, -0.192913)(-0.11811, -0.0275591)(-0.0314961, 0.106299)(-0.0708661, 0.26378)(-0.149606, 0.405512)(-0.011811, 0.484252)(0.153543, 0.496063)(0.0984252, 0.374016)(0.106299, 0.208661)(0.129921, 0.0511811)(0.0944882, -0.102362)(0.0708661, -0.267717)(0.0708661, -0.429134)
				 (370, 245)(-0.019685, 0.192913)(0.0905512, 0.437008)(-0.0590551, -0.366142)(-0.0354331, 0.0984252)(0.0944882, 0.0826772)(-0.019685, 0.192913)(-0.137795, 0.437008)(-0.0905512, 0.464567)(0.149606, 0.5)(0.15748, 0.468504)(0.0905512, 0.437008)(0.133858, 0.0511811)(0.0748031, -0.476378)(-0.0354331, -0.5)
descriptor[i][.]=(379, 240)(-0.028169, -0.498099)(0.126761, -0.498099)(-0.15493, 0.486692)(0.197183, 0.501901)
				 (379, 240)(-0.00760456, -0.498099)(0.0342205, -0.498099)(-0.0418251, 0.486692)(0.0532319, 0.501901)
				 (379, 240)(-0.00760456, -0.498099)(-0.0646388, -0.414449)(-0.114068, -0.26616)(-0.121673, -0.110266)(-0.106464, 0.0380228)(-0.0418251, 0.174905)(-0.0608365, 0.326996)(-0.0722433, 0.460076)(0.0646388, 0.48289)(0.0570342, 0.330798)(0.110266, 0.190114)(0.129278, 0.0646388)(0.0760456, -0.0798479)(0.0608365, -0.235741)(0.0570342, -0.387833)
				 (379, 240)(-0.0304183, 0.220532)(0.0570342, 0.323194)(0.0836502, 0.0874525)(-0.00380228, -0.437262)(-0.0608365, 0.095057)(-0.102662, 0.0608365)(-0.0608365, 0.095057)(-0.0342205, 0.21673)(-0.0988593, 0.437262)(-0.0494297, 0.48289)(0.0532319, 0.501901)(0.0722433, 0.471483)(0.0570342, 0.323194)(0.117871, 0.21673)(0.0456274, -0.490494)(-0.00760456, -0.498099)(-0.0570342, -0.437262)
descriptor[i][.]=(387, 242)(-0.180556, -0.498069)(0.138889, -0.471042)(-0.0972222, 0.501931)(0.0416667, 0.501931)
				 (387, 242)(-0.0501931, -0.498069)(0.03861, -0.471042)(-0.027027, 0.501931)(0.011583, 0.501931)
				 (387, 242)(-0.0501931, -0.498069)(-0.0810811, -0.351351)(-0.135135, -0.204633)(-0.135135, -0.0501931)(-0.0772201, 0.0965251)(-0.0617761, 0.250965)(-0.0849421, 0.405405)(-0.00772201, 0.501931)(0.138996, 0.46332)(0.0888031, 0.332046)(0.111969, 0.177606)(0.123552, 0.042471)(0.0656371, -0.108108)(0.046332, -0.262548)(0.0540541, -0.416988)
				 (387, 242)(-0.0540541, 0.185328)(0.0849421, 0.328185)(0.023166, -0.312741)(-0.0810811, -0.34749)(0.0888031, 0.416988)(0.0810811, 0.0772201)(0.0733591, -0.0617761)(-0.0617761, 0.173745)(-0.0810811, 0.482625)(0.138996, 0.467181)(0.0888031, 0.332046)(0.119691, 0.0540541)(0.0772201, -0.0579151)(0.027027, -0.30888)(0.046332, -0.467181)(-0.042471, -0.498069)(-0.0926641, -0.378378)(-0.0810811, -0.34749)(-0.108108, -0.316602)
descriptor[i][.]=(395, 246)(-0.1625, -0.5)(0.0625, -0.5)(-0.15, 0.5)(0.475, 0.468254)
				 (395, 246)(-0.0515873, -0.5)(0.0198413, -0.5)(-0.047619, 0.5)(0.150794, 0.468254)
				 (395, 246)(-0.0515873, -0.5)(-0.115079, -0.361111)(-0.150794, -0.210317)(-0.15873, -0.047619)(-0.0952381, 0.0992063)(-0.0873016, 0.257937)(-0.115079, 0.416667)(-0.0198413, 0.5)(0.130952, 0.468254)(0.107143, 0.353175)(0.103175, 0.198413)(0.0833333, 0.0436508)(0.0515873, -0.0952381)(0.0357143, -0.253968)(0.031746, -0.412698)
				 (395, 246)(-0.0793651, 0.15873)(0.0833333, 0.305556)(0.00396825, -0.325397)(-0.0793651, 0.246032)(0.0992063, 0.40873)(0.0714286, 0.0555556)(0.0515873, -0.0873016)(-0.0833333, 0.154762)(-0.0833333, 0.186508)(-0.0793651, 0.246032)(-0.115079, 0.480159)(0.150794, 0.468254)(0.107143, 0.349206)(0.0873016, 0.309524)(0.103175, 0.210317)(0.103175, 0.0357143)(0.0555556, -0.0833333)(0.00793651, -0.321429)(0.0277778, -0.496032)(-0.0515873, -0.5)(-0.146825, -0.301587)
descriptor[i][.]=(400, 246)(-0.2625, -0.5)(0.0375, -0.5)(-0.2, 0.5)(0.45, 0.468254)
				 (400, 246)(-0.0833333, -0.5)(0.0119048, -0.5)(-0.0634921, 0.5)(0.142857, 0.468254)
				 (400, 246)(-0.0833333, -0.5)(-0.123016, -0.353175)(-0.154762, -0.206349)(-0.150794, -0.0436508)(-0.0992063, 0.0992063)(-0.103175, 0.261905)(-0.138889, 0.416667)(-0.031746, 0.496032)(0.123016, 0.468254)(0.130952, 0.337302)(0.0992063, 0.178571)(0.103175, 0.031746)(0.047619, -0.126984)(0.031746, -0.289683)(0.031746, -0.440476)
				 (400, 246)(-0.103175, -0.376984)(-0.0912698, 0.174603)(0.0634921, 0.0714286)(-0.15873, -0.289683)(-0.0992063, 0.162698)(-0.134921, 0.47619)(0.142857, 0.468254)(0.15873, 0.444444)(0.0674603, 0.0753968)(0.103175, 0.031746)(0.031746, -0.488095)(-0.0833333, -0.5)
descriptor[i][.]=(403, 241)(-0.1, -0.5)(0.0125, -0.492366)(-0.2625, 0.5)(0.4125, 0.469466)
				 (403, 241)(-0.0305344, -0.5)(0.00381679, -0.492366)(-0.0801527, 0.5)(0.125954, 0.469466)
				 (403, 241)(-0.0305344, -0.5)(-0.10687, -0.385496)(-0.148855, -0.236641)(-0.148855, -0.0801527)(-0.125954, 0.0687023)(-0.0954198, 0.221374)(-0.133588, 0.377863)(-0.0877863, 0.496183)(0.0572519, 0.469466)(0.141221, 0.39313)(0.110687, 0.240458)(0.0648855, 0.0839695)(0.0572519, -0.0610687)(0.0343511, -0.217557)(0.0343511, -0.370229)
				 (403, 241)(-0.0916031, 0.187023)(-0.0992366, 0.175573)(-0.141221, 0.469466)(0.125954, 0.469466)(0.152672, 0.446565)(0.00381679, -0.492366)(-0.0877863, -0.454198)
descriptor[i][.]=(404, 242)(-0.166667, -0.498069)(0.0641026, -0.467181)(-0.294872, 0.501931)(0.384615, 0.471042)
				 (404, 242)(-0.0501931, -0.498069)(0.019305, -0.467181)(-0.0888031, 0.501931)(0.11583, 0.471042)
				 (404, 242)(-0.0501931, -0.498069)(-0.0965251, -0.339768)(-0.150579, -0.177606)(-0.135135, -0.00772201)(-0.0888031, 0.15444)(-0.123552, 0.324324)(-0.131274, 0.486486)(-0.019305, 0.455598)(0.042471, 0.401544)(0.150579, 0.444015)(0.131274, 0.281853)(0.100386, 0.119691)(0.0733591, -0.0501931)(0.0501931, -0.220077)(0.0501931, -0.389961)
				 (404, 242)(-0.0849421, 0.220077)(0.00772201, 0.355212)(-0.0926641, -0.343629)(-0.0965251, 0.0888031)(-0.034749, 0.428571)(-0.0965251, 0.0888031)(-0.0888031, 0.212355)(-0.142857, 0.482625)(-0.003861, 0.482625)(-0.034749, 0.428571)(0.0579151, 0.467181)(0.11583, 0.471042)(0.03861, -0.455598)(-0.0501931, -0.498069)(-0.0810811, -0.467181)(-0.0965251, -0.382239)(-0.138996, -0.285714)
descriptor[i][.]=(404, 244)(-0.126582, -0.486275)(0.0886076, -0.498039)(-0.227848, 0.501961)(0.43038, 0.470588)
				 (404, 244)(-0.0392157, -0.486275)(0.027451, -0.498039)(-0.0705882, 0.501961)(0.133333, 0.470588)
				 (404, 244)(0.0235294, -0.498039)(-0.0823529, -0.403922)(-0.145098, -0.243137)(-0.129412, -0.0705882)(-0.0941176, 0.0980392)(-0.101961, 0.266667)(-0.14902, 0.439216)(-0.0196078, 0.482353)(0.00392157, 0.352941)(0.101961, 0.470588)(0.14902, 0.337255)(0.133333, 0.168627)(0.101961, 0.00392157)(0.0666667, -0.168627)(0.0313725, -0.337255)
				 (404, 244)(-0.0823529, 0.227451)(0.0156863, 0.34902)(-0.0784314, -0.364706)(-0.0352941, 0.423529)(-0.0823529, 0.227451)(-0.152941, 0.407843)(-0.145098, 0.47451)(-0.0705882, 0.501961)(0, 0.482353)(-0.0352941, 0.423529)(0.0588235, 0.454902)(0.133333, 0.470588)(0.0470588, -0.482353)(-0.0392157, -0.486275)(-0.129412, -0.305882)
descriptor[i][.]=(404, 243)(-0.0933333, -0.466926)(0.146667, -0.498054)(-0.226667, 0.501946)(0.426667, 0.470817)
				 (404, 243)(-0.0272374, -0.466926)(0.0428016, -0.498054)(-0.0661479, 0.501946)(0.124514, 0.470817)
				 (404, 243)(0.0311284, -0.498054)(-0.0583658, -0.373541)(-0.124514, -0.225681)(-0.105058, -0.0583658)(-0.077821, 0.105058)(-0.0972763, 0.268482)(-0.140078, 0.431907)(-0.0233463, 0.486381)(0.0311284, 0.377432)(0.116732, 0.470817)(0.140078, 0.322957)(0.14786, 0.155642)(0.11284, -0.0155642)(0.0894942, -0.182879)(0.0505837, -0.350195)
				 (404, 243)(-0.0661479, 0.202335)(0.0077821, 0.361868)(-0.0583658, -0.357977)(-0.0233463, 0.389105)(-0.0661479, 0.202335)(-0.143969, 0.474708)(-0.0661479, 0.501946)(-0.0116732, 0.48249)(0.00389105, 0.365759)(0.0428016, 0.466926)(0.124514, 0.470817)(0.07393, -0.470817)
