walkDescr6.dat
size1 40
size3 41
beh_type.id 10
sizes[]=48 48 48 48 48 40 45 46 50 43 48 49 47 47 40 42 43 49 46 45 45 43 40 43 51 45 46 46 49 43 45 44 46 43 40 43 45 45 41 47 
thresholds[]=0.16 0.16 0.16 0.16 0.16 0.16 0.16 0.16 0.16 0.16 0.16 0.16 0.16 0.16 0.16 0.16 0.16 0.16 0.16 0.16 0.16 0.16 0.16 0.16 0.16 0.16 0.16 0.16 0.16 0.16 0.16 0.16 0.16 0.16 0.16 0.16 0.16 0.16 0.16 0.16 
map[0][.]=0 1 0 0 0 0 0 0 0 0 0 0 0 0 0 0 0 0 0 0 0 0 0 0 0 0 0 0 0 0 0 0 0 0 0 0 0 0 0 0 0 
map[1][.]=0 0 1 0 0 0 0 0 0 0 0 0 0 0 0 0 0 0 0 0 0 0 0 0 0 0 0 0 0 0 0 0 0 0 0 0 0 0 0 0 0 
map[2][.]=0 0 0 1 0 0 0 0 0 0 0 0 0 0 0 0 0 0 0 0 0 0 0 0 0 0 0 0 0 0 0 0 0 0 0 0 0 0 0 0 0 
map[3][.]=0 0 0 0 1 0 0 0 0 0 0 0 0 0 0 0 0 0 0 0 0 0 0 0 0 0 0 0 0 0 0 0 0 0 0 0 0 0 0 0 0 
map[4][.]=0 0 0 0 0 1 0 0 0 0 0 0 0 0 0 0 0 0 0 0 0 0 0 0 0 0 0 0 0 0 0 0 0 0 0 0 0 0 0 0 0 
map[5][.]=0 0 0 0 0 0 1 0 0 0 0 0 0 0 0 0 0 0 0 0 0 0 0 0 0 0 0 0 0 0 0 0 0 0 0 0 0 0 0 0 0 
map[6][.]=0 0 0 0 0 0 0 1 0 0 0 0 0 0 0 0 0 0 0 0 0 0 0 0 0 0 0 0 0 0 0 0 0 0 0 0 0 0 0 0 0 
map[7][.]=0 0 0 0 0 0 0 0 1 0 0 0 0 0 0 0 0 0 0 0 0 0 0 0 0 0 0 0 0 0 0 0 0 0 0 0 0 0 0 0 0 
map[8][.]=0 0 0 0 0 0 0 0 0 1 0 0 0 0 0 0 0 0 0 0 0 0 0 0 0 0 0 0 0 0 0 0 0 0 0 0 0 0 0 0 0 
map[9][.]=0 0 0 0 0 0 0 0 0 0 1 0 0 0 0 0 0 0 0 0 0 0 0 0 0 0 0 0 0 0 0 0 0 0 0 0 0 0 0 0 0 
map[10][.]=0 0 0 0 0 0 0 0 0 0 0 1 0 0 0 0 0 0 0 0 0 0 0 0 0 0 0 0 0 0 0 0 0 0 0 0 0 0 0 0 0 
map[11][.]=0 0 0 0 0 0 0 0 0 0 0 0 1 0 0 0 0 0 0 0 0 0 0 0 0 0 0 0 0 0 0 0 0 0 0 0 0 0 0 0 0 
map[12][.]=0 0 0 0 0 0 0 0 0 0 0 0 0 1 0 0 0 0 0 0 0 0 0 0 0 0 0 0 0 0 0 0 0 0 0 0 0 0 0 0 0 
map[13][.]=0 0 0 0 0 0 0 0 0 0 0 0 0 0 1 0 0 0 0 0 0 0 0 0 0 0 0 0 0 0 0 0 0 0 0 0 0 0 0 0 0 
map[14][.]=0 0 0 0 0 0 0 0 0 0 0 0 0 0 0 1 0 0 0 0 0 0 0 0 0 0 0 0 0 0 0 0 0 0 0 0 0 0 0 0 0 
map[15][.]=0 0 0 0 0 0 0 0 0 0 0 0 0 0 0 0 1 0 0 0 0 0 0 0 0 0 0 0 0 0 0 0 0 0 0 0 0 0 0 0 0 
map[16][.]=0 0 0 0 0 0 0 0 0 0 0 0 0 0 0 0 0 1 0 0 0 0 0 0 0 0 0 0 0 0 0 0 0 0 0 0 0 0 0 0 0 
map[17][.]=0 0 0 0 0 0 0 0 0 0 0 0 0 0 0 0 0 0 1 0 0 0 0 0 0 0 0 0 0 0 0 0 0 0 0 0 0 0 0 0 0 
map[18][.]=0 0 0 0 0 0 0 0 0 0 0 0 0 0 0 0 0 0 0 1 0 0 0 0 0 0 0 0 0 0 0 0 0 0 0 0 0 0 0 0 0 
map[19][.]=0 0 0 0 0 0 0 0 0 0 0 0 0 0 0 0 0 0 0 0 1 0 0 0 0 0 0 0 0 0 0 0 0 0 0 0 0 0 0 0 0 
map[20][.]=0 0 0 0 0 0 0 0 0 0 0 0 0 0 0 0 0 0 0 0 0 1 0 0 0 0 0 0 0 0 0 0 0 0 0 0 0 0 0 0 0 
map[21][.]=0 0 0 0 0 0 0 0 0 0 0 0 0 0 0 0 0 0 0 0 0 0 1 0 0 0 0 0 0 0 0 0 0 0 0 0 0 0 0 0 0 
map[22][.]=0 0 0 0 0 0 0 0 0 0 0 0 0 0 0 0 0 0 0 0 0 0 0 1 0 0 0 0 0 0 0 0 0 0 0 0 0 0 0 0 0 
map[23][.]=0 0 0 0 0 0 0 0 0 0 0 0 0 0 0 0 0 0 0 0 0 0 0 0 1 0 0 0 0 0 0 0 0 0 0 0 0 0 0 0 0 
map[24][.]=0 0 0 0 0 0 0 0 0 0 0 0 0 0 0 0 0 0 0 0 0 0 0 0 0 1 0 0 0 0 0 0 0 0 0 0 0 0 0 0 0 
map[25][.]=0 0 0 0 0 0 0 0 0 0 0 0 0 0 0 0 0 0 0 0 0 0 0 0 0 0 1 0 0 0 0 0 0 0 0 0 0 0 0 0 0 
map[26][.]=0 0 0 0 0 0 0 0 0 0 0 0 0 0 0 0 0 0 0 0 0 0 0 0 0 0 0 1 0 0 0 0 0 0 0 0 0 0 0 0 0 
map[27][.]=0 0 0 0 0 0 0 0 0 0 0 0 0 0 0 0 0 0 0 0 0 0 0 0 0 0 0 0 1 0 0 0 0 0 0 0 0 0 0 0 0 
map[28][.]=0 0 0 0 0 0 0 0 0 0 0 0 0 0 0 0 0 0 0 0 0 0 0 0 0 0 0 0 0 1 0 0 0 0 0 0 0 0 0 0 0 
map[29][.]=0 0 0 0 0 0 0 0 0 0 0 0 0 0 0 0 0 0 0 0 0 0 0 0 0 0 0 0 0 0 1 0 0 0 0 0 0 0 0 0 0 
map[30][.]=0 0 0 0 0 0 0 0 0 0 0 0 0 0 0 0 0 0 0 0 0 0 0 0 0 0 0 0 0 0 0 1 0 0 0 0 0 0 0 0 0 
map[31][.]=0 0 0 0 0 0 0 0 0 0 0 0 0 0 0 0 0 0 0 0 0 0 0 0 0 0 0 0 0 0 0 0 1 0 0 0 0 0 0 0 0 
map[32][.]=0 0 0 0 0 0 0 0 0 0 0 0 0 0 0 0 0 0 0 0 0 0 0 0 0 0 0 0 0 0 0 0 0 1 0 0 0 0 0 0 0 
map[33][.]=0 0 0 0 0 0 0 0 0 0 0 0 0 0 0 0 0 0 0 0 0 0 0 0 0 0 0 0 0 0 0 0 0 0 1 0 0 0 0 0 0 
map[34][.]=0 0 0 0 0 0 0 0 0 0 0 0 0 0 0 0 0 0 0 0 0 0 0 0 0 0 0 0 0 0 0 0 0 0 0 1 0 0 0 0 0 
map[35][.]=0 0 0 0 0 0 0 0 0 0 0 0 0 0 0 0 0 0 0 0 0 0 0 0 0 0 0 0 0 0 0 0 0 0 0 0 1 0 0 0 0 
map[36][.]=0 0 0 0 0 0 0 0 0 0 0 0 0 0 0 0 0 0 0 0 0 0 0 0 0 0 0 0 0 0 0 0 0 0 0 0 0 1 0 0 0 
map[37][.]=0 0 0 0 0 0 0 0 0 0 0 0 0 0 0 0 0 0 0 0 0 0 0 0 0 0 0 0 0 0 0 0 0 0 0 0 0 0 1 0 0 
map[38][.]=0 0 0 0 0 0 0 0 0 0 0 0 0 0 0 0 0 0 0 0 0 0 0 0 0 0 0 0 0 0 0 0 0 0 0 0 0 0 0 1 0 
map[39][.]=0 0 0 0 0 0 0 0 0 0 0 0 0 0 0 0 0 0 0 0 0 0 0 0 0 0 0 0 0 0 0 0 0 0 0 0 0 0 0 0 1 
map[40][.]=0 0 0 0 0 0 0 0 0 0 0 0 0 0 0 0 0 0 0 0 0 0 0 0 0 0 0 0 0 0 0 0 0 0 0 0 0 0 0 0 0 
isLast[.]=false false false false false false false false false false false false false false false false false false false false false false false false false false false false false false false false false false false false false false false false true 
descriptor[i][.]=(214, 253)(-0.047619, -0.487805)(0.114286, -0.5)(-0.466667, 0.46748)(0.228571, 0.5)
				 (214, 253)(-0.0203252, -0.487805)(0.0487805, -0.5)(-0.199187, 0.46748)(0.097561, 0.5)
				 (214, 253)(0.0406504, -0.5)(-0.0528455, -0.357724)(-0.121951, -0.162602)(-0.126016, 0.0406504)(-0.138211, 0.231707)(-0.211382, 0.422764)(-0.0731707, 0.443089)(-0.0243902, 0.349593)(0.0772358, 0.5)(0.0894309, 0.361789)(0.0528455, 0.162602)(0.0487805, -0.0406504)(0.191057, 0.0365854)(0.117886, -0.126016)(0.0934959, -0.329268)
				 (214, 253)(-0.097561, 0.154472)(-0.0487805, 0.313008)(0.0325203, 0.0203252)(0.097561, -0.158537)(-0.0365854, -0.378049)(-0.109756, 0.402439)(0.0731707, -0.0772358)(-0.097561, 0.154472)(-0.211382, 0.455285)(-0.0813008, 0.46748)(-0.109756, 0.402439)(0.0203252, 0.495935)(0.138211, 0.479675)(0.0325203, 0.0203252)(0.182927, 0.0365854)(0.207317, -0.0121951)(0.101626, -0.154472)(0.0934959, -0.46748)(0.0487805, -0.5)(-0.0203252, -0.487805)(-0.0365854, -0.378049)
descriptor[i][.]=(215, 252)(-0.0288462, -0.479839)(0.192308, -0.5)(-0.480769, 0.467742)(0.365385, 0.5)
				 (215, 252)(-0.0120968, -0.479839)(0.0806452, -0.5)(-0.201613, 0.467742)(0.153226, 0.5)
				 (215, 252)(0.0524194, -0.5)(-0.0403226, -0.354839)(-0.0806452, -0.16129)(-0.0846774, 0.0322581)(-0.100806, 0.221774)(-0.201613, 0.387097)(-0.0927419, 0.467742)(-0.0282258, 0.383065)(0.0887097, 0.5)(0.0766129, 0.403226)(0.0725806, 0.205645)(0.0604839, 0.0120968)(0.209677, 0.0443548)(0.108871, -0.137097)(0.104839, -0.334677)
				 (215, 252)(-0.0645161, 0.169355)(-0.0524194, 0.354839)(0.0564516, 0.016129)(0.0927419, -0.16129)(-0.145161, 0.302419)(-0.0967742, 0.41129)(0.0766129, 0.419355)(0.0967742, -0.0322581)(-0.0645161, 0.169355)(-0.145161, 0.298387)(-0.209677, 0.46371)(-0.0685484, 0.467742)(-0.0967742, 0.41129)(0.016129, 0.495968)(0.153226, 0.5)(0.0564516, 0.016129)(0.181452, 0.0564516)(0.0967742, -0.157258)(0.116935, -0.415323)(0.0967742, -0.483871)(0.00403226, -0.487903)
descriptor[i][.]=(215, 252)(-0.01, -0.465587)(0.22, -0.497976)(-0.36, 0.469636)(0.4, 0.502024)
				 (215, 252)(-0.00404858, -0.465587)(0.0890688, -0.497976)(-0.145749, 0.469636)(0.161943, 0.502024)
				 (215, 252)(0.0526316, -0.497976)(-0.0202429, -0.356275)(-0.0607287, -0.186235)(-0.0809717, -0.00809717)(-0.0445344, 0.174089)(-0.153846, 0.323887)(-0.137652, 0.469636)(0.0283401, 0.502024)(0.149798, 0.465587)(0.0728745, 0.315789)(0.0769231, 0.133603)(0.11336, -0.0161943)(0.178138, -0.0121457)(0.105263, -0.182186)(0.117409, -0.364372)
				 (215, 252)(-0.048583, 0.194332)(-0.0323887, 0.45749)(0.0688259, 0.0364372)(0.105263, -0.149798)(0.00404858, -0.380567)(0.0769231, 0.417004)(0.097166, -0.0242915)(-0.048583, 0.194332)(-0.202429, 0.40081)(-0.174089, 0.453441)(-0.0688259, 0.469636)(0.0161943, 0.497976)(0.161943, 0.502024)(0.0688259, 0.0364372)(0.178138, 0.0607287)(0.202429, 0.0242915)(0.117409, -0.137652)(0.109312, -0.489879)(0.0161943, -0.48583)(-0.0161943, -0.445344)(-0.048583, -0.331984)
descriptor[i][.]=(217, 252)(-0.0240964, -0.358871)(0.337349, -0.5)(-0.240964, 0.467742)(0.373494, 0.5)
				 (217, 252)(-0.00806452, -0.358871)(0.112903, -0.5)(-0.0806452, 0.467742)(0.125, 0.5)
				 (217, 252)(0.0887097, -0.5)(0.0201613, -0.387097)(-0.0403226, -0.229839)(-0.0645161, -0.0604839)(-0.0282258, 0.104839)(-0.0685484, 0.262097)(-0.165323, 0.407258)(-0.0443548, 0.415323)(0.0766129, 0.5)(0.0725806, 0.419355)(0.0887097, 0.25)(0.0967742, 0.0806452)(0.149194, -0.0241935)(0.120968, -0.189516)(0.133065, -0.358871)
				 (217, 252)(-0.0120968, 0.205645)(-0.0282258, 0.415323)(0.0725806, 0.407258)(0.108871, -0.141129)(0.0201613, -0.383065)(-0.0282258, -0.16129)(0.0967742, 0.0725806)(-0.0282258, -0.16129)(-0.0604839, -0.0806452)(-0.0645161, 0.0282258)(-0.0806452, 0.467742)(0.00806452, 0.495968)(0.125, 0.5)(0.0725806, 0.407258)(0.157258, 0.0685484)(0.112903, -0.137097)(0.145161, -0.419355)(0.137097, -0.475806)(0.0282258, -0.487903)(-0.00806452, -0.358871)(-0.0322581, -0.314516)
descriptor[i][.]=(224, 251)(-0.027027, -0.36)(0.310811, -0.5)(-0.108108, 0.484)(0.310811, 0.5)
				 (224, 251)(-0.008, -0.36)(0.092, -0.5)(-0.032, 0.484)(0.092, 0.5)
				 (224, 251)(0.076, -0.5)(0.02, -0.396)(-0.044, -0.256)(-0.052, -0.1)(-0.052, 0.056)(-0.028, 0.212)(-0.128, 0.348)(-0.052, 0.464)(0.092, 0.5)(0.06, 0.376)(0.108, 0.236)(0.124, 0.08)(0.104, -0.064)(0.12, -0.22)(0.124, -0.372)
				 (224, 251)(-0.024, 0.208)(0.048, 0.412)(0.096, -0.088)(0.024, -0.384)(-0.064, 0.296)(0.06, 0.288)(0.116, 0.092)(-0.024, 0.208)(-0.064, 0.292)(-0.144, 0.352)(-0.04, 0.48)(0.092, 0.5)(0.048, 0.412)(0.124, 0.204)(0.1, -0.084)(0.108, -0.116)(0.128, -0.468)(0.092, -0.5)(0.028, -0.492)(0, -0.42)(-0.04, -0.316)
descriptor[i][.]=(244, 249)(-0.197183, -0.454545)(0.0704225, -0.498024)(-0.323944, 0.501976)(0.0704225, 0.501976)
				 (244, 249)(-0.055336, -0.454545)(0.0197628, -0.498024)(-0.0909091, 0.501976)(0.0197628, 0.501976)
				 (244, 249)(0.00790514, -0.498024)(-0.0395257, -0.383399)(-0.0988142, -0.249012)(-0.110672, -0.0909091)(-0.106719, 0.0632411)(-0.0988142, 0.221344)(-0.130435, 0.371542)(-0.083004, 0.498024)(0.0355731, 0.466403)(0.0355731, 0.320158)(0.083004, 0.16996)(0.106719, 0.0671937)(0.0909091, -0.055336)(0.0632411, -0.209486)(0.0632411, -0.363636)
				 (244, 249)(0.055336, 0.0671937)(0.0474308, -0.126482)(-0.0434783, -0.359684)(-0.00790514, 0.391304)(-0.0988142, 0.498024)(0.0197628, 0.501976)(0.0434783, 0.482213)(-0.00790514, 0.391304)(0.0592885, 0.0790514)(0.12253, 0.0671937)(0.0474308, -0.126482)(0.0592885, -0.470356)(0.0197628, -0.498024)
descriptor[i][.]=(252, 249)(-0.0352941, -0.5)(0.129412, -0.476378)(-0.317647, 0.5)(0.305882, 0.468504)
				 (252, 249)(-0.011811, -0.5)(0.0433071, -0.476378)(-0.106299, 0.5)(0.102362, 0.468504)
				 (252, 249)(-0.011811, -0.5)(-0.0669291, -0.354331)(-0.102362, -0.188976)(-0.137795, -0.015748)(-0.114173, 0.15748)(-0.153543, 0.322835)(-0.125984, 0.488189)(0.019685, 0.46063)(0.0472441, 0.42126)(0.0669291, 0.244094)(0.0551181, 0.0708661)(0.0905512, -0.00393701)(0.133858, -0.0433071)(0.0433071, -0.188976)(0.0551181, -0.362205)
				 (252, 249)(-0.110236, 0.173228)(0.023622, -0.00393701)(0.0433071, -0.153543)(-0.0511811, -0.366142)(0.0354331, 0.401575)(0.0590551, -0.0354331)(-0.110236, 0.173228)(-0.165354, 0.366142)(-0.153543, 0.468504)(0.110236, 0.464567)(0.0826772, 0.192913)(0.145669, 0.0433071)(0.169291, 0.00393701)(0.0433071, -0.153543)(0.0669291, -0.448819)(0.0511811, -0.472441)(-0.00787402, -0.5)(-0.0669291, -0.429134)
descriptor[i][.]=(259, 251)(-0.134021, -0.488)(0.0721649, -0.5)(-0.371134, 0.5)(0.298969, 0.48)
				 (259, 251)(-0.052, -0.488)(0.028, -0.5)(-0.144, 0.5)(0.116, 0.48)
				 (259, 251)(0.016, -0.5)(-0.04, -0.408)(-0.108, -0.248)(-0.128, -0.06)(-0.12, 0.124)(-0.168, 0.304)(-0.18, 0.484)(-0.008, 0.464)(0.16, 0.452)(0.072, 0.304)(0.06, 0.116)(0.048, -0.064)(0.196, 0)(0.064, -0.152)(0.044, -0.336)
				 (259, 251)(-0.016, 0.464)(0.028, -0.04)(0.04, -0.188)(-0.036, -0.388)(0.08, 0.404)(0.068, -0.064)(0.044, -0.36)(-0.052, 0.5)(0.16, 0.464)(0.08, 0.404)(0.068, -0.064)(0.156, 0.02)(0.196, -0.016)(0.044, -0.184)(0.056, -0.232)(0.072, -0.42)(0.036, -0.496)(-0.052, -0.488)(-0.08, -0.36)
descriptor[i][.]=(264, 252)(-0.0194175, -0.495968)(0.106796, -0.5)(-0.359223, 0.5)(0.417476, 0.483871)
				 (264, 252)(-0.00806452, -0.495968)(0.0443548, -0.5)(-0.149194, 0.5)(0.173387, 0.483871)
				 (264, 252)(0, -0.5)(-0.0846774, -0.350806)(-0.100806, -0.137097)(-0.112903, 0.0766129)(-0.165323, 0.290323)(-0.177419, 0.483871)(-0.0887097, 0.391129)(-0.00806452, 0.330645)(0.0685484, 0.471774)(0.133065, 0.427419)(0.0806452, 0.21371)(0.0403226, 0)(0.165323, 0.0120968)(0.100806, -0.129032)(0.0524194, -0.334677)
				 (264, 252)(-0.0282258, 0.262097)(0.0322581, -0.0564516)(0.0524194, -0.193548)(-0.0362903, -0.391129)(-0.0887097, 0.379032)(0.0201613, 0.419355)(0.116935, 0.403226)(0.0685484, -0.0725806)(-0.0967742, 0.5)(-0.0887097, 0.379032)(0.016129, 0.415323)(-0.00403226, 0.455645)(0.173387, 0.483871)(0.197581, 0.455645)(0.165323, 0.0120968)(0.205645, 0.0120968)(0.0564516, -0.189516)(0.0725806, -0.423387)(0.0645161, -0.479839)(0, -0.5)(-0.0524194, -0.471774)(-0.0645161, -0.443548)(-0.0725806, -0.366935)
descriptor[i][.]=(265, 251)(-0.0980392, -0.46988)(0.127451, -0.497992)(-0.460784, 0.485944)(0.431373, 0.485944)
				 (265, 251)(-0.0401606, -0.46988)(0.0522088, -0.497992)(-0.188755, 0.485944)(0.176707, 0.485944)
				 (265, 251)(0.0240964, -0.497992)(-0.0763052, -0.341365)(-0.0923695, -0.128514)(-0.0963855, 0.0843373)(-0.148594, 0.285141)(-0.188755, 0.485944)(-0.0963855, 0.437751)(-0.00401606, 0.285141)(0.0361446, 0.481928)(0.15261, 0.441767)(0.0843373, 0.236948)(0.0522088, 0.0240964)(0.15261, 0.0200803)(0.116466, -0.116466)(0.064257, -0.317269)
				 (265, 251)(-0.0240964, 0.269076)(0.0441767, -0.0160643)(0.064257, -0.180723)(-0.100402, 0.421687)(0.124498, 0.417671)(0.0803213, -0.060241)(-0.196787, 0.481928)(-0.060241, 0.502008)(0.0240964, 0.477912)(0.176707, 0.485944)(0.0441767, -0.0160643)(0.15261, 0.0200803)(0.196787, 0.0240964)(0.0682731, -0.176707)(0.060241, -0.493976)(-0.0401606, -0.46988)
descriptor[i][.]=(267, 251)(-0.06, -0.472)(0.17, -0.5)(-0.34, 0.5)(0.42, 0.484)
				 (267, 251)(-0.024, -0.472)(0.068, -0.5)(-0.136, 0.5)(0.168, 0.484)
				 (267, 251)(0.044, -0.5)(-0.036, -0.356)(-0.072, -0.172)(-0.084, 0.024)(-0.084, 0.216)(-0.188, 0.384)(-0.084, 0.5)(-0.012, 0.372)(0.104, 0.484)(0.108, 0.404)(0.112, 0.212)(0.076, 0.016)(0.2, 0.02)(0.088, -0.14)(0.088, -0.336)
				 (267, 251)(-0.032, 0.352)(0.072, -0.008)(0.08, -0.156)(-0.06, 0.172)(-0.084, 0.424)(0.104, 0.42)(0.108, -0.024)(-0.084, 0.5)(-0.084, 0.424)(0.02, 0.48)(0.168, 0.484)(0.104, 0.42)(0.112, 0.212)(0.108, -0.024)(0.168, 0.044)(0.196, -0.016)(0.08, -0.156)(0.084, -0.492)(-0.032, -0.468)(-0.096, -0.024)(-0.06, 0.172)
descriptor[i][.]=(269, 249)(-0.021978, -0.45749)(0.197802, -0.497976)(-0.362637, 0.497976)(0.472527, 0.497976)
				 (269, 249)(-0.00809717, -0.45749)(0.0728745, -0.497976)(-0.133603, 0.497976)(0.174089, 0.497976)
				 (269, 249)(0.0688259, -0.497976)(0.0121457, -0.380567)(-0.0445344, -0.222672)(-0.0566802, -0.0404858)(-0.0161943, 0.137652)(-0.0850202, 0.291498)(-0.178138, 0.449393)(-0.0647773, 0.433198)(0.0404858, 0.497976)(0.153846, 0.465587)(0.109312, 0.315789)(0.11336, 0.133603)(0.178138, 0.00809717)(0.11336, -0.157895)(0.109312, -0.340081)
				 (269, 249)(-0.00404858, 0.198381)(-0.0161943, 0.40081)(0.101215, 0.37247)(0.109312, -0.0931174)(0.0161943, -0.368421)(0.105263, 0.441296)(0.105263, 0.0931174)(-0.0607287, 0.0323887)(-0.174089, 0.388664)(-0.182186, 0.433198)(-0.153846, 0.48583)(-0.0850202, 0.502024)(0.00809717, 0.48583)(0.174089, 0.497976)(0.105263, 0.441296)(0.101215, 0.37247)(0.121457, 0.214575)(0.17004, 0.0769231)(0.186235, 0.0202429)(0.11336, -0.477733)(0.0728745, -0.497976)(-0.0202429, -0.425101)
descriptor[i][.]=(277, 248)(-0.0125, -0.465587)(0.25, -0.497976)(-0.325, 0.502024)(0.4625, 0.502024)
				 (277, 248)(-0.00404858, -0.465587)(0.0809717, -0.497976)(-0.105263, 0.502024)(0.149798, 0.502024)
				 (277, 248)(0.0728745, -0.497976)(-0.00404858, -0.388664)(-0.048583, -0.251012)(-0.0566802, -0.0850202)(-0.0202429, 0.0850202)(-0.0202429, 0.246964)(-0.157895, 0.360324)(-0.0850202, 0.502024)(0.0809717, 0.502024)(0.0931174, 0.461538)(0.0809717, 0.295547)(0.117409, 0.133603)(0.133603, -0.00809717)(0.109312, -0.174089)(0.109312, -0.34413)
				 (277, 248)(0.00809717, 0.210526)(0.0728745, 0.392713)(0.0121457, -0.368421)(-0.0161943, 0.0890688)(0.0850202, 0.45749)(0.0809717, 0.295547)(0.11336, 0.109312)(-0.0202429, 0.0850202)(-0.11336, 0.497976)(0.149798, 0.502024)(0.157895, 0.473684)(0.0890688, 0.45749)(0.0728745, 0.392713)(0.0809717, 0.295547)(0.11336, 0.251012)(0.125506, 0.202429)(0.157895, 0.0728745)(0.097166, -0.489879)(-0.00404858, -0.465587)(-0.0242915, -0.441296)
descriptor[i][.]=(292, 248)(-0.0384615, -0.497976)(0.128205, -0.493927)(-0.346154, 0.502024)(0.205128, 0.502024)
				 (292, 248)(-0.0121457, -0.497976)(0.0404858, -0.493927)(-0.109312, 0.502024)(0.0647773, 0.502024)
				 (292, 248)(-0.0121457, -0.497976)(-0.0404858, -0.356275)(-0.0850202, -0.206478)(-0.0931174, -0.0445344)(-0.0566802, 0.11336)(-0.0647773, 0.275304)(-0.157895, 0.408907)(-0.048583, 0.502024)(0.0526316, 0.465587)(0.0445344, 0.323887)(0.11336, 0.174089)(0.133603, 0.0607287)(0.101215, -0.0769231)(0.0769231, -0.230769)(0.0809717, -0.392713)
				 (292, 248)(-0.0445344, 0.218623)(0.0121457, 0.40081)(0.0688259, -0.121457)(-0.0242915, -0.376518)(-0.0809717, 0.311741)(0.0850202, 0.0647773)(-0.0445344, 0.218623)(-0.0809717, 0.311741)(-0.129555, 0.348178)(-0.117409, 0.497976)(0.0647773, 0.502024)(0.0121457, 0.40081)(0.097166, 0.259109)(0.109312, 0.230769)(0.149798, 0.0607287)(0.157895, 0.0242915)(0.0688259, -0.477733)(-0.00404858, -0.497976)(-0.0526316, -0.417004)(-0.0809717, -0.311741)
descriptor[i][.]=(308, 249)(-0.08, -0.5)(0.04, -0.5)(-0.466667, 0.5)(0.04, 0.5)
				 (308, 249)(-0.0243902, -0.5)(0.0121951, -0.5)(-0.142276, 0.5)(0.0121951, 0.5)
				 (308, 249)(-0.0243902, -0.5)(-0.0731707, -0.361789)(-0.121951, -0.215447)(-0.126016, -0.0487805)(-0.0934959, 0.117886)(-0.121951, 0.284553)(-0.150407, 0.45122)(-0.0284553, 0.5)(0.0243902, 0.386179)(0.0853659, 0.223577)(0.0569106, 0.0569106)(0.097561, 0.0121951)(0.105691, -0.0609756)(0.0406504, -0.211382)(0.0406504, -0.378049)
				 (308, 249)(0.0243902, -0.0203252)(0.0406504, -0.150407)(-0.0650407, -0.373984)(0.00813008, 0.434959)(0.0121951, 0.5)(0.0325203, 0.47561)(0.00813008, 0.434959)(0.150407, 0.0365854)(0.0487805, -0.329268)(0.0406504, -0.48374)(-0.0243902, -0.5)(-0.0853659, -0.447154)(-0.121951, -0.313008)
descriptor[i][.]=(315, 247)(-0.0681818, -0.5)(0, -0.5)(-0.431818, 0.5)(0.352273, 0.5)
				 (315, 247)(-0.024, -0.5)(0, -0.5)(-0.152, 0.5)(0.124, 0.5)
				 (315, 247)(-0.024, -0.5)(-0.076, -0.352)(-0.132, -0.192)(-0.14, -0.016)(-0.116, 0.156)(-0.152, 0.328)(-0.16, 0.496)(0.016, 0.496)(0.084, 0.444)(0.076, 0.272)(0.06, 0.096)(0.076, -0.028)(0.152, -0.032)(0.04, -0.176)(0.04, -0.352)
				 (315, 247)(0.024, -0.004)(0.04, -0.156)(-0.072, -0.356)(-0.108, 0.212)(0.072, 0.432)(0.048, -0.04)(0.124, 0.5)(0.024, -0.004)(0.048, -0.04)(0.144, 0.036)(0.176, -0.004)(0.024, -0.484)(-0.024, -0.5)(-0.084, -0.456)(-0.108, 0.212)
descriptor[i][.]=(320, 250)(-0.113402, -0.481928)(0.0618557, -0.497992)(-0.463918, 0.48996)(0.391753, 0.502008)
				 (320, 250)(-0.0441767, -0.481928)(0.0240964, -0.497992)(-0.180723, 0.48996)(0.15261, 0.502008)
				 (320, 250)(0.00803213, -0.497992)(-0.100402, -0.341365)(-0.140562, -0.13253)(-0.128514, 0.0803213)(-0.148594, 0.285141)(-0.180723, 0.48996)(-0.060241, 0.453815)(-0.0240964, 0.26506)(0.0160643, 0.46988)(0.192771, 0.457831)(0.0963855, 0.289157)(0.060241, 0.0763052)(0.128514, -0.00803213)(0.0963855, -0.108434)(0.0441767, -0.305221)
				 (320, 250)(-0.104418, 0.136546)(-0.0240964, 0.26506)(0.0321285, -0.0120482)(0.0441767, -0.168675)(-0.0923695, 0.425703)(0.120482, 0.413655)(0.0883534, -0.0481928)(-0.104418, 0.136546)(-0.192771, 0.477912)(-0.0281124, 0.48996)(0.0120482, 0.477912)(0.188755, 0.485944)(0.176707, 0.0200803)(0.188755, -0.0321285)(0.0321285, -0.493976)(-0.0441767, -0.481928)
descriptor[i][.]=(324, 250)(-0.115385, -0.47012)(0.0673077, -0.498008)(-0.432692, 0.482072)(0.480769, 0.486056)
				 (324, 250)(-0.0478088, -0.47012)(0.0278884, -0.498008)(-0.179283, 0.482072)(0.199203, 0.486056)
				 (324, 250)(0.0119522, -0.498008)(-0.063745, -0.350598)(-0.119522, -0.14741)(-0.131474, 0.063745)(-0.139442, 0.258964)(-0.199203, 0.466135)(-0.0916335, 0.438247)(0, 0.282869)(0.0318725, 0.494024)(0.191235, 0.462151)(0.0956175, 0.278884)(0.0677291, 0.0677291)(0.14741, 0.0159363)(0.0956175, -0.10757)(0.063745, -0.314741)
				 (324, 250)(-0.0199203, 0.266932)(0.0517928, 0.0119522)(0.0517928, -0.183267)(-0.0358566, -0.374502)(-0.0916335, 0.171315)(-0.103586, 0.414343)(0.131474, 0.426295)(0.0717131, -0.0478088)(-0.059761, 0.486056)(0.0318725, 0.498008)(0.207171, 0.482072)(0.0557769, 0.0159363)(0.0717131, -0.0478088)(0.143426, 0.0159363)(0.187251, 0.0199203)(0.187251, -0.0239044)(0.0517928, -0.183267)(0.0557769, -0.486056)(-0.063745, -0.458167)(-0.0717131, -0.346614)(-0.0956175, -0.306773)(-0.0916335, 0.171315)
descriptor[i][.]=(325, 250)(-0.0792079, -0.450199)(0.118812, -0.498008)(-0.316832, 0.486056)(0.326733, 0.501992)
				 (325, 250)(-0.0318725, -0.450199)(0.0478088, -0.498008)(-0.12749, 0.486056)(0.131474, 0.501992)
				 (325, 250)(0.0398406, -0.498008)(-0.0438247, -0.342629)(-0.0916335, -0.151394)(-0.0717131, 0.0478088)(-0.0916335, 0.239044)(-0.199203, 0.414343)(-0.0517928, 0.462151)(-0.00398406, 0.310757)(0.0478088, 0.49004)(0.14741, 0.454183)(0.115538, 0.262948)(0.0956175, 0.063745)(0.187251, 0.0358566)(0.0876494, -0.12749)(0.0836653, -0.322709)
				 (325, 250)(-0.0478088, 0.167331)(-0.00796813, 0.306773)(0.0796813, -0.00796813)(0.0836653, -0.135458)(-0.0239044, -0.370518)(-0.0916335, 0.414343)(0.123506, 0.418327)(-0.0478088, 0.167331)(-0.171315, 0.466135)(-0.059761, 0.486056)(-0.0916335, 0.414343)(0.0278884, 0.47012)(0.0517928, 0.498008)(0.187251, 0.482072)(0.0836653, 0.00398406)(0.203187, 0.0278884)(0.0876494, -0.131474)(0.0717131, -0.49004)(-0.0318725, -0.450199)
descriptor[i][.]=(327, 250)(-0.0104167, -0.474104)(0.166667, -0.498008)(-0.354167, 0.486056)(0.322917, 0.501992)
				 (327, 250)(-0.00398406, -0.474104)(0.063745, -0.498008)(-0.135458, 0.486056)(0.123506, 0.501992)
				 (327, 250)(0.0517928, -0.498008)(-0.0318725, -0.358566)(-0.063745, -0.179283)(-0.063745, 0.00796813)(-0.0358566, 0.191235)(-0.159363, 0.350598)(-0.103586, 0.486056)(-0.0517928, 0.378486)(0.0199203, 0.462151)(0.179283, 0.482072)(0.119522, 0.314741)(0.111554, 0.12749)(0.191235, 0.0318725)(0.0956175, -0.139442)(0.0876494, -0.326693)
				 (327, 250)(-0.0278884, 0.175299)(-0.00796813, 0.338645)(0.0996016, 0.0358566)(0.0996016, -0.10757)(-0.0278884, -0.366534)(-0.0916335, 0.418327)(0.119522, 0.430279)(-0.0278884, 0.175299)(-0.143426, 0.482072)(-0.0557769, 0.486056)(0.0199203, 0.478088)(0.179283, 0.482072)(0.187251, 0.0358566)(0.0996016, -0.10757)(0.0796813, -0.49004)(-0.00398406, -0.474104)(-0.0398406, -0.438247)(-0.0278884, -0.366534)
descriptor[i][.]=(331, 250)(-0.0853659, -0.466135)(0.207317, -0.498008)(-0.292683, 0.482072)(0.329268, 0.501992)
				 (331, 250)(-0.0278884, -0.466135)(0.0677291, -0.498008)(-0.0956175, 0.482072)(0.10757, 0.501992)
				 (331, 250)(0.0358566, -0.498008)(-0.0318725, -0.36255)(-0.0517928, -0.195219)(-0.0557769, -0.0239044)(0.00796813, 0.151394)(-0.0916335, 0.298805)(-0.12749, 0.438247)(-0.059761, 0.426295)(0.0199203, 0.486056)(0.135458, 0.458167)(0.10757, 0.294821)(0.10757, 0.123506)(0.135458, -0.0199203)(0.0996016, -0.191235)(0.0916335, -0.366534)
				 (331, 250)(0.00796813, 0.175299)(-0.0199203, 0.386454)(0.10757, 0.0796813)(-0.0318725, -0.346614)(-0.059761, 0.410359)(0.111554, 0.434263)(0.00796813, 0.175299)(-0.163347, 0.370518)(-0.111554, 0.474104)(-0.0398406, 0.486056)(0.00796813, 0.478088)(0.155378, 0.482072)(0.123506, 0.334661)(0.14741, 0.063745)(0.163347, 0.0358566)(0.0876494, -0.49004)(-0.0278884, -0.466135)(-0.0358566, -0.378486)
descriptor[i][.]=(339, 249)(-0.123288, -0.437008)(0.191781, -0.5)(-0.0684932, 0.484252)(0.178082, 0.5)
				 (339, 249)(-0.0354331, -0.437008)(0.0551181, -0.5)(-0.019685, 0.484252)(0.0511811, 0.5)
				 (339, 249)(0.0472441, -0.5)(-0.019685, -0.393701)(-0.0590551, -0.255906)(-0.0590551, -0.0984252)(-0.0433071, 0.0551181)(-0.00787402, 0.204724)(-0.110236, 0.338583)(-0.0708661, 0.456693)(0.0826772, 0.488189)(0.0826772, 0.393701)(0.0984252, 0.240157)(0.114173, 0.0866142)(0.110236, -0.0511811)(0.0984252, -0.208661)(0.0866142, -0.362205)
				 (339, 249)(-0.00787402, 0.212598)(0.0787402, 0.299213)(-0.011811, -0.370079)(0.0748031, 0.429134)(0.110236, 0.0905512)(-0.00787402, 0.212598)(-0.0629921, 0.464567)(0.0314961, 0.5)(0.114173, 0.484252)(0.0748031, 0.429134)(0.0787402, 0.299213)(0.133858, 0.188976)(0.137795, 0.0708661)(0.145669, 0.0393701)(0.0669291, -0.496063)(-0.0472441, -0.338583)
descriptor[i][.]=(359, 248)(-0.0416667, -0.494118)(0.0277778, -0.498039)(-0.333333, 0.501961)(0.152778, 0.486275)
				 (359, 248)(-0.0117647, -0.494118)(0.00784314, -0.498039)(-0.0941176, 0.501961)(0.0431373, 0.486275)
				 (359, 248)(0, -0.498039)(-0.0901961, -0.368627)(-0.101961, -0.203922)(-0.109804, -0.0431373)(-0.0823529, 0.121569)(-0.0901961, 0.286275)(-0.12549, 0.427451)(-0.0117647, 0.501961)(-0.00784314, 0.423529)(0.0509804, 0.266667)(0.0666667, 0.101961)(0.0784314, 0.0156863)(0.129412, -0.0235294)(0.0431373, -0.184314)(0.027451, -0.34902)
				 (359, 248)(-0.0705882, 0.219608)(0.0313725, 0)(0.0392157, -0.156863)(-0.00784314, 0.419608)(-0.0705882, 0.219608)(-0.101961, 0.498039)(0.0509804, 0.482353)(-0.00784314, 0.419608)(0.0941176, 0.180392)(0.109804, 0.0588235)(0.0392157, -0.156863)(0.00784314, -0.498039)(-0.0901961, -0.376471)
descriptor[i][.]=(370, 248)(-0.097561, -0.498039)(0.0243902, -0.482353)(-0.426829, 0.501961)(0.182927, 0.486275)
				 (370, 248)(-0.0313725, -0.498039)(0.00784314, -0.482353)(-0.137255, 0.501961)(0.0588235, 0.486275)
				 (370, 248)(-0.0313725, -0.498039)(-0.0705882, -0.396078)(-0.129412, -0.247059)(-0.12549, -0.0666667)(-0.109804, 0.109804)(-0.12549, 0.290196)(-0.152941, 0.454902)(-0.00784314, 0.482353)(0.0392157, 0.431373)(0.0509804, 0.258824)(0.0392157, 0.0862745)(0.0627451, -0.0392157)(0.152941, -0.0352941)(0.0313725, -0.168627)(0.0117647, -0.345098)
				 (370, 248)(0.0156863, -0.0352941)(0.0196078, -0.192157)(-0.0588235, -0.376471)(0.0156863, 0.388235)(0.0666667, -0.0392157)(-0.145098, 0.498039)(0.0588235, 0.486275)(0.0901961, 0.462745)(0.0196078, -0.0235294)(0.12549, 0.027451)(0.160784, -0.0235294)(0.0235294, -0.188235)(-0.00392157, -0.494118)(-0.113725, -0.447059)(-0.101961, -0.34902)(-0.121569, -0.321569)
descriptor[i][.]=(375, 249)(-0.0606061, -0.5)(0.030303, -0.492126)(-0.282828, 0.5)(0.30303, 0.484252)
				 (375, 249)(-0.023622, -0.5)(0.011811, -0.492126)(-0.110236, 0.5)(0.11811, 0.484252)
				 (375, 249)(-0.023622, -0.5)(-0.0551181, -0.38189)(-0.11811, -0.216535)(-0.133858, -0.0314961)(-0.106299, 0.153543)(-0.153543, 0.334646)(-0.145669, 0.484252)(0.0314961, 0.480315)(0.0984252, 0.433071)(0.0551181, 0.259843)(0.0433071, 0.0787402)(0.0551181, -0.0787402)(0.192913, -0.0314961)(0.0629921, -0.165354)(0.015748, -0.34252)
				 (375, 249)(-0.106299, 0.200787)(0.00787402, 0.464567)(0.011811, -0.019685)(0.023622, -0.220472)(-0.0551181, -0.377953)(-0.153543, 0.334646)(0.0629921, 0.405512)(0.0472441, -0.0826772)(-0.106299, 0.200787)(-0.153543, 0.330709)(-0.185039, 0.350394)(-0.169291, 0.468504)(0.00787402, 0.464567)(0.0314961, 0.480315)(0.11811, 0.484252)(0.137795, 0.440945)(0.011811, -0.019685)(0.0472441, -0.0826772)(0.149606, 0)(0.023622, -0.220472)(0.011811, -0.492126)(-0.102362, -0.452756)(-0.0866142, -0.354331)(-0.110236, -0.326772)
descriptor[i][.]=(383, 249)(-0.0686275, -0.5)(0.0196078, -0.484252)(-0.343137, 0.5)(0.313725, 0.484252)
				 (383, 249)(-0.0275591, -0.5)(0.00787402, -0.484252)(-0.137795, 0.5)(0.125984, 0.484252)
				 (383, 249)(-0.0275591, -0.5)(-0.0787402, -0.362205)(-0.125984, -0.177165)(-0.133858, 0.019685)(-0.125984, 0.220472)(-0.181102, 0.417323)(-0.0629921, 0.484252)(-0.0275591, 0.397638)(0.114173, 0.484252)(0.0708661, 0.350394)(0.0354331, 0.149606)(0.011811, -0.0511811)(0.153543, -0.011811)(0.0905512, -0.133858)(0.015748, -0.318898)
				 (383, 249)(-0.0511811, 0.362205)(0.00787402, -0.0787402)(0.015748, -0.224409)(-0.0669291, -0.374016)(-0.0905512, 0.433071)(0.0393701, 0.251969)(0.0629921, -0.0826772)(-0.0826772, 0.5)(-0.0472441, 0.476378)(-0.019685, 0.456693)(0.125984, 0.484252)(0.0433071, 0.255906)(0.011811, -0.0669291)(0.0787402, -0.0629921)(0.169291, 0)(0.192913, -0.0511811)(-0.00393701, -0.496063)(-0.102362, -0.456693)
descriptor[i][.]=(385, 249)(-0.0686275, -0.5)(0.00980392, -0.496063)(-0.382353, 0.5)(0.343137, 0.484252)
				 (385, 249)(-0.0275591, -0.5)(0.00393701, -0.496063)(-0.153543, 0.5)(0.137795, 0.484252)
				 (385, 249)(-0.0275591, -0.5)(-0.0708661, -0.354331)(-0.114173, -0.173228)(-0.114173, 0.023622)(-0.106299, 0.224409)(-0.188976, 0.413386)(-0.0708661, 0.480315)(-0.0275591, 0.393701)(0.0905512, 0.484252)(0.0748031, 0.366142)(0.0551181, 0.169291)(0.0314961, -0.0275591)(0.173228, -0.00393701)(0.0905512, -0.141732)(0.0314961, -0.330709)
				 (385, 249)(-0.0905512, 0.177165)(-0.0472441, 0.366142)(0.0275591, -0.0669291)(0.0354331, -0.216535)(-0.0551181, -0.370079)(-0.0866142, 0.440945)(0.0787402, 0.413386)(0.125984, -0.0511811)(0.0748031, -0.149606)(-0.0511811, 0.480315)(0.137795, 0.484252)(0.11811, -0.0511811)(0.161417, -0.00787402)(0.173228, -0.0866142)(0.0866142, -0.145669)(0.0393701, -0.212598)(0.011811, -0.492126)(-0.102362, -0.417323)(-0.0984252, -0.34252)
descriptor[i][.]=(386, 250)(-0.0686275, -0.5)(0.0294118, -0.5)(-0.382353, 0.5)(0.372549, 0.484127)
				 (386, 250)(-0.0277778, -0.5)(0.0119048, -0.5)(-0.154762, 0.5)(0.150794, 0.484127)
				 (386, 250)(-0.0277778, -0.5)(-0.0793651, -0.349206)(-0.107143, -0.18254)(-0.111111, -0.00396825)(-0.0833333, 0.178571)(-0.174603, 0.349206)(-0.142857, 0.5)(0.0357143, 0.472222)(0.119048, 0.444444)(0.0555556, 0.293651)(0.047619, 0.107143)(0.0595238, -0.0674603)(0.202381, -0.0357143)(0.0634921, -0.174603)(0.0277778, -0.357143)
				 (386, 250)(-0.0833333, 0.206349)(-0.0277778, 0.464286)(0.031746, 0.0119048)(0.0396825, -0.210317)(-0.0634921, -0.365079)(0.0674603, 0.412698)(0.0634921, -0.0714286)(-0.202381, 0.440476)(-0.162698, 0.496032)(-0.0515873, 0.480159)(0.150794, 0.484127)(0.0793651, 0.34127)(0.031746, 0.0119048)(0.0634921, -0.0714286)(0.18254, 0.00396825)(0.0238095, -0.492063)(-0.0277778, -0.5)(-0.0674603, -0.472222)(-0.0912698, -0.420635)
descriptor[i][.]=(389, 248)(-0.0707071, -0.5)(0.0909091, -0.479839)(-0.353535, 0.5)(0.333333, 0.5)
				 (389, 248)(-0.0282258, -0.5)(0.0362903, -0.479839)(-0.141129, 0.5)(0.133065, 0.5)
				 (389, 248)(-0.0282258, -0.5)(-0.0846774, -0.346774)(-0.0967742, -0.169355)(-0.100806, 0.016129)(-0.0443548, 0.197581)(-0.153226, 0.358871)(-0.125, 0.5)(-0.0241935, 0.475806)(0.137097, 0.479839)(0.0564516, 0.330645)(0.0645161, 0.145161)(0.0725806, -0.0322581)(0.185484, -0.016129)(0.0524194, -0.173387)(0.0403226, -0.358871)
				 (389, 248)(-0.0443548, 0.205645)(-0.0564516, 0.439516)(0.0483871, 0.016129)(0.0483871, -0.181452)(-0.0604839, -0.366935)(0.0604839, 0.431452)(0.0806452, -0.0362903)(-0.0443548, 0.205645)(-0.197581, 0.423387)(-0.149194, 0.495968)(-0.0846774, 0.5)(-0.0403226, 0.467742)(0.133065, 0.5)(0.0483871, 0.016129)(0.0806452, -0.0362903)(0.165323, 0.0322581)(0.0604839, -0.169355)(0.0564516, -0.241935)(0.0524194, -0.455645)(-0.0282258, -0.5)(-0.0766129, -0.46371)(-0.0967742, -0.342742)
descriptor[i][.]=(389, 248)(-0.0843373, -0.491935)(0.120482, -0.5)(-0.313253, 0.5)(0.385542, 0.5)
				 (389, 248)(-0.0282258, -0.491935)(0.0403226, -0.5)(-0.104839, 0.5)(0.129032, 0.5)
				 (389, 248)(0.0241935, -0.5)(-0.0483871, -0.383065)(-0.0766129, -0.217742)(-0.0725806, -0.0524194)(-0.0443548, 0.108871)(-0.0524194, 0.262097)(-0.16129, 0.395161)(-0.0685484, 0.491935)(0.0967742, 0.5)(0.0645161, 0.403226)(0.100806, 0.245968)(0.0927419, 0.0806452)(0.141129, -0.0322581)(0.0766129, -0.185484)(0.0604839, -0.354839)
				 (389, 248)(-0.0201613, 0.225806)(0.0645161, 0.28629)(0.0766129, -0.116935)(0.0645161, 0.431452)(0.0927419, 0.0685484)(-0.165323, 0.399194)(-0.112903, 0.495968)(0.129032, 0.5)(0.100806, 0.254032)(0.112903, 0.209677)(0.149194, 0.0564516)(0.169355, 0.00806452)(0.0806452, -0.229839)(0.0766129, -0.451613)(0.0564516, -0.491935)(-0.0282258, -0.491935)
descriptor[i][.]=(394, 247)(-0.134328, -0.477912)(0.119403, -0.497992)(-0.208955, 0.502008)(0.373134, 0.502008)
				 (394, 247)(-0.0361446, -0.477912)(0.0321285, -0.497992)(-0.0562249, 0.502008)(0.100402, 0.502008)
				 (394, 247)(0.0120482, -0.497992)(-0.0401606, -0.39759)(-0.0843373, -0.273092)(-0.0722892, -0.116466)(-0.0722892, 0.0441767)(-0.0361446, 0.196787)(-0.0923695, 0.345382)(-0.0803213, 0.485944)(0.0763052, 0.497992)(0.0401606, 0.401606)(0.108434, 0.253012)(0.108434, 0.0963855)(0.0803213, -0.0522088)(0.0722892, -0.212851)(0.064257, -0.373494)
				 (394, 247)(-0.0281124, 0.2249)(0.0401606, 0.381526)(-0.0160643, -0.373494)(-0.0401606, 0.0923695)(-0.060241, 0.309237)(0.060241, 0.453815)(-0.0441767, 0.0883534)(-0.0441767, 0.116466)(-0.0281124, 0.2249)(-0.060241, 0.309237)(-0.124498, 0.369478)(-0.0803213, 0.485944)(0.100402, 0.502008)(0.060241, 0.453815)(0.0401606, 0.381526)(0.136546, 0.188755)(0.0522088, -0.48996)(-0.0441767, -0.473896)
descriptor[i][.]=(407, 247)(-0.0454545, -0.497992)(0, -0.497992)(-0.257576, 0.502008)(0.19697, 0.502008)
				 (407, 247)(-0.0120482, -0.497992)(0, -0.497992)(-0.0682731, 0.502008)(0.0522088, 0.502008)
				 (407, 247)(-0.0120482, -0.497992)(-0.0883534, -0.393574)(-0.11245, -0.261044)(-0.116466, -0.108434)(-0.100402, 0.0441767)(-0.0763052, 0.204819)(-0.108434, 0.361446)(-0.0722892, 0.497992)(0.0522088, 0.473896)(0.0441767, 0.349398)(0.0963855, 0.204819)(0.0843373, 0.0562249)(0.0843373, -0.0481928)(0.0481928, -0.200803)(0.0321285, -0.361446)
				 (407, 247)(-0.0722892, 0.192771)(0, 0.429719)(0.0481928, -0.0963855)(-0.064257, -0.365462)(-0.0843373, 0.0722892)(0.0682731, 0.0682731)(-0.0722892, 0.192771)(-0.13253, 0.437751)(-0.0763052, 0.497992)(0.0522088, 0.502008)(0.0923695, 0.24498)(0.100402, 0.200803)(0.0883534, 0.104418)(0.13253, 0.0522088)(0.0441767, -0.445783)(0.0200803, -0.48996)(-0.0923695, -0.457831)
descriptor[i][.]=(414, 247)(-0.0684932, -0.5)(0.0136986, -0.496)(-0.342466, 0.5)(0.164384, 0.5)
				 (414, 247)(-0.02, -0.5)(0.004, -0.496)(-0.1, 0.5)(0.048, 0.5)
				 (414, 247)(-0.02, -0.5)(-0.076, -0.368)(-0.116, -0.212)(-0.132, -0.04)(-0.104, 0.128)(-0.12, 0.3)(-0.136, 0.464)(0.02, 0.5)(0.036, 0.408)(0.076, 0.24)(0.056, 0.076)(0.088, 0.04)(0.116, -0.032)(0.032, -0.184)(0.028, -0.352)
				 (414, 247)(0.028, 0)(0.036, -0.136)(-0.072, -0.372)(0.028, 0.42)(0.076, 0)(-0.108, 0.496)(0.048, 0.5)(0.08, 0.48)(0.028, 0.42)(0.048, 0.376)(0.096, 0.176)(0.076, 0)(0.092, 0.068)(0.14, 0.048)(0.148, 0.008)(0.04, -0.404)(0.024, -0.48)(-0.072, -0.46)(-0.072, -0.372)
descriptor[i][.]=(415, 247)(-0.126582, -0.497992)(0.0632911, -0.485944)(-0.316456, 0.502008)(0.0886076, 0.502008)
				 (415, 247)(-0.0401606, -0.497992)(0.0200803, -0.485944)(-0.100402, 0.502008)(0.0281124, 0.502008)
				 (415, 247)(-0.0401606, -0.497992)(-0.0883534, -0.349398)(-0.120482, -0.184739)(-0.124498, -0.0160643)(-0.0963855, 0.156627)(-0.128514, 0.325301)(-0.128514, 0.481928)(0.0361446, 0.497992)(0.060241, 0.369478)(0.0843373, 0.200803)(0.0401606, 0.0321285)(0.104418, 0.0522088)(0.108434, -0.0522088)(0.0401606, -0.204819)(0.0401606, -0.37751)
				 (415, 247)(0.0281124, -0.00401606)(0.0441767, -0.140562)(-0.0722892, -0.369478)(0.0562249, 0.385542)(0.0682731, -0.0281124)(-0.140562, 0.46988)(-0.108434, 0.497992)(0.0843373, 0.481928)(0.0562249, 0.385542)(0.0923695, 0.180723)(0.108434, 0.060241)(0.0481928, -0.293173)(0.0441767, -0.453815)(-0.0401606, -0.497992)(-0.0843373, -0.457831)(-0.0722892, -0.369478)
descriptor[i][.]=(422, 247)(-0.0588235, -0.497992)(0.0117647, -0.493976)(-0.341176, 0.502008)(0.376471, 0.502008)
				 (422, 247)(-0.0200803, -0.497992)(0.00401606, -0.493976)(-0.116466, 0.502008)(0.128514, 0.502008)
				 (422, 247)(-0.0200803, -0.497992)(-0.0963855, -0.369478)(-0.144578, -0.192771)(-0.136546, -0.0160643)(-0.116466, 0.15261)(-0.160643, 0.329317)(-0.140562, 0.493976)(0.0361446, 0.485944)(0.0682731, 0.445783)(0.0522088, 0.26506)(0.0361446, 0.0883534)(0.0843373, -0.00803213)(0.15261, -0.0200803)(0.0321285, -0.160643)(0.0361446, -0.341365)
				 (422, 247)(0.0160643, -0.00803213)(0.0321285, -0.148594)(0.064257, 0.441767)(0.0562249, -0.0321285)(-0.13253, 0.497992)(0.128514, 0.502008)(0.064257, 0.441767)(0.0562249, -0.0321285)(0.128514, 0.0562249)(0.168675, 0.0321285)(0.0160643, -0.485944)(-0.0401606, -0.493976)(-0.0923695, -0.453815)
descriptor[i][.]=(423, 247)(-0.0786517, -0.497992)(0.0224719, -0.497992)(-0.382022, 0.502008)(0.303371, 0.502008)
				 (423, 247)(-0.0281124, -0.497992)(0.00803213, -0.497992)(-0.136546, 0.502008)(0.108434, 0.502008)
				 (423, 247)(-0.0281124, -0.497992)(-0.0923695, -0.341365)(-0.148594, -0.168675)(-0.136546, 0.00803213)(-0.11245, 0.180723)(-0.168675, 0.349398)(-0.128514, 0.502008)(0.0441767, 0.48996)(0.0883534, 0.405622)(0.0562249, 0.232932)(0.0321285, 0.060241)(0.104418, -0.00401606)(0.148594, -0.0361446)(0.0401606, -0.184739)(0.0401606, -0.365462)
				 (423, 247)(-0.108434, 0.172691)(0.0281124, -0.0281124)(0.0401606, -0.156627)(0.0321285, 0.0923695)(0.0722892, -0.0361446)(-0.108434, 0.172691)(-0.144578, 0.497992)(0.108434, 0.502008)(0.0361446, 0.0963855)(0.0722892, -0.0361446)(0.116466, 0.0321285)(0.160643, 0.0481928)(0.180723, 0.00401606)(0.0401606, -0.473896)(-0.0281124, -0.497992)(-0.0843373, -0.445783)
descriptor[i][.]=(425, 247)(-0.0340909, -0.5)(0.0227273, -0.5)(-0.409091, 0.496)(0.193182, 0.5)
				 (425, 247)(-0.012, -0.5)(0.008, -0.5)(-0.144, 0.496)(0.068, 0.5)
				 (425, 247)(-0.012, -0.5)(-0.072, -0.36)(-0.12, -0.192)(-0.132, -0.02)(-0.1, 0.144)(-0.156, 0.32)(-0.156, 0.484)(0.012, 0.492)(0.064, 0.432)(0.048, 0.256)(0.048, 0.084)(0.092, -0.008)(0.148, -0.032)(0.044, -0.188)(0.056, -0.364)
				 (425, 247)(-0.1, 0.144)(0.032, -0.008)(0.044, -0.176)(-0.068, -0.372)(0.068, -0.032)(-0.1, 0.144)(-0.156, 0.32)(-0.176, 0.476)(-0.152, 0.492)(0.108, 0.488)(0.068, -0.032)(0.124, 0.04)(0.16, 0.048)(0.048, -0.172)(0.064, -0.288)(0.04, -0.488)(-0.088, -0.432)(-0.068, -0.372)
descriptor[i][.]=(426, 249)(-0.0222222, -0.492126)(0.0888889, -0.5)(-0.388889, 0.476378)(0.266667, 0.5)
				 (426, 249)(-0.00787402, -0.492126)(0.0314961, -0.5)(-0.137795, 0.476378)(0.0944882, 0.5)
				 (426, 249)(0.00787402, -0.5)(-0.0511811, -0.370079)(-0.0984252, -0.208661)(-0.110236, -0.0393701)(-0.0866142, 0.133858)(-0.141732, 0.30315)(-0.169291, 0.46063)(-0.00393701, 0.484252)(0.0826772, 0.448819)(0.0551181, 0.295276)(0.0629921, 0.125984)(0.0984252, 0.00787402)(0.133858, -0.0393701)(0.0590551, -0.192913)(0.0551181, -0.358268)
				 (426, 249)(-0.0826772, 0.169291)(0.019685, 0.468504)(0.0551181, 0.00787402)(0.0590551, -0.145669)(-0.0433071, -0.377953)(0.0590551, 0.429134)(-0.0826772, 0.169291)(-0.177165, 0.456693)(0.019685, 0.468504)(0.0944882, 0.5)(0.0787402, 0.334646)(0.141732, 0.0433071)(0.0629921, -0.141732)(0.0748031, -0.30315)(0.0669291, -0.464567)(0.0393701, -0.496063)(0.00787402, -0.5)(-0.0629921, -0.444882)
descriptor[i][.]=(425, 249)(-0.0588235, -0.494071)(0.141176, -0.498024)(-0.458824, 0.470356)(0.247059, 0.501976)
				 (425, 249)(-0.0197628, -0.494071)(0.0474308, -0.498024)(-0.15415, 0.470356)(0.083004, 0.501976)
				 (425, 249)(0.0158103, -0.498024)(-0.0355731, -0.379447)(-0.0790514, -0.225296)(-0.0790514, -0.0592885)(-0.0592885, 0.106719)(-0.0988142, 0.268775)(-0.166008, 0.43083)(-0.0316206, 0.482213)(0.12253, 0.482213)(0.0671937, 0.343874)(0.0750988, 0.177866)(0.110672, 0.0434783)(0.126482, -0.0434783)(0.0750988, -0.205534)(0.0711462, -0.371542)
				 (425, 249)(-0.0513834, 0.16996)(0.0750988, 0.0513834)(0.0711462, -0.126482)(-0.0355731, -0.375494)(0.0671937, 0.434783)(-0.0513834, 0.16996)(-0.166008, 0.462451)(0.0790514, 0.501976)(0.12253, 0.482213)(0.158103, 0.055336)(0.162055, -0.00395257)(0.0750988, -0.12253)(0.0711462, -0.482213)(-0.0316206, -0.490119)
descriptor[i][.]=(424, 249)(-0.115385, -0.433071)(0.141026, -0.5)(-0.166667, 0.484252)(0.282051, 0.5)
				 (424, 249)(-0.0354331, -0.433071)(0.0433071, -0.5)(-0.0511811, 0.484252)(0.0866142, 0.5)
				 (424, 249)(0.0393701, -0.5)(-0.0314961, -0.370079)(-0.0669291, -0.220472)(-0.0708661, -0.0629921)(-0.0393701, 0.0944882)(-0.0551181, 0.248031)(-0.149606, 0.389764)(-0.0511811, 0.484252)(0.0944882, 0.492126)(0.0748031, 0.377953)(0.0866142, 0.224409)(0.102362, 0.0787402)(0.114173, -0.0472441)(0.0905512, -0.204724)(0.0866142, -0.362205)
				 (424, 249)(-0.0275591, 0.208661)(0.0354331, 0.468504)(0.0669291, 0.307087)(0.0905512, -0.0944882)(0.0669291, 0.429134)(0.0866142, 0.0905512)(-0.0314961, 0.192913)(-0.149606, 0.389764)(-0.149606, 0.448819)(-0.0669291, 0.480315)(0.0354331, 0.468504)(0.0748031, 0.496063)(0.125984, 0.480315)(0.0669291, 0.307087)(0.125984, 0.0748031)(0.102362, -0.0787402)(0.0944882, -0.456693)(0.0708661, -0.488189)(0.0433071, -0.5)(-0.0354331, -0.433071)
