walkDescr0.dat
size1 33
size3 34
beh_type.id 10
sizes[]=37 34 40 43 44 38 49 40 43 43 49 51 36 42 46 38 42 42 46 40 41 48 40 45 43 46 42 33 44 50 49 49 38 
thresholds[]=0.16 0.16 0.16 0.16 0.16 0.16 0.16 0.16 0.16 0.16 0.16 0.16 0.16 0.16 0.16 0.16 0.16 0.16 0.16 0.16 0.16 0.16 0.16 0.16 0.16 0.16 0.16 0.16 0.16 0.16 0.16 0.16 0.16 
map[0][.]=0 1 0 0 0 0 0 0 0 0 0 0 0 0 0 0 0 0 0 0 0 0 0 0 0 0 0 0 0 0 0 0 0 0 
map[1][.]=0 0 1 0 0 0 0 0 0 0 0 0 0 0 0 0 0 0 0 0 0 0 0 0 0 0 0 0 0 0 0 0 0 0 
map[2][.]=0 0 0 1 0 0 0 0 0 0 0 0 0 0 0 0 0 0 0 0 0 0 0 0 0 0 0 0 0 0 0 0 0 0 
map[3][.]=0 0 0 0 1 0 0 0 0 0 0 0 0 0 0 0 0 0 0 0 0 0 0 0 0 0 0 0 0 0 0 0 0 0 
map[4][.]=0 0 0 0 0 1 0 0 0 0 0 0 0 0 0 0 0 0 0 0 0 0 0 0 0 0 0 0 0 0 0 0 0 0 
map[5][.]=0 0 0 0 0 0 1 0 0 0 0 0 0 0 0 0 0 0 0 0 0 0 0 0 0 0 0 0 0 0 0 0 0 0 
map[6][.]=0 0 0 0 0 0 0 1 0 0 0 0 0 0 0 0 0 0 0 0 0 0 0 0 0 0 0 0 0 0 0 0 0 0 
map[7][.]=0 0 0 0 0 0 0 0 1 0 0 0 0 0 0 0 0 0 0 0 0 0 0 0 0 0 0 0 0 0 0 0 0 0 
map[8][.]=0 0 0 0 0 0 0 0 0 1 0 0 0 0 0 0 0 0 0 0 0 0 0 0 0 0 0 0 0 0 0 0 0 0 
map[9][.]=0 0 0 0 0 0 0 0 0 0 1 0 0 0 0 0 0 0 0 0 0 0 0 0 0 0 0 0 0 0 0 0 0 0 
map[10][.]=0 0 0 0 0 0 0 0 0 0 0 1 0 0 0 0 0 0 0 0 0 0 0 0 0 0 0 0 0 0 0 0 0 0 
map[11][.]=0 0 0 0 0 0 0 0 0 0 0 0 1 0 0 0 0 0 0 0 0 0 0 0 0 0 0 0 0 0 0 0 0 0 
map[12][.]=0 0 0 0 0 0 0 0 0 0 0 0 0 1 0 0 0 0 0 0 0 0 0 0 0 0 0 0 0 0 0 0 0 0 
map[13][.]=0 0 0 0 0 0 0 0 0 0 0 0 0 0 1 0 0 0 0 0 0 0 0 0 0 0 0 0 0 0 0 0 0 0 
map[14][.]=0 0 0 0 0 0 0 0 0 0 0 0 0 0 0 1 0 0 0 0 0 0 0 0 0 0 0 0 0 0 0 0 0 0 
map[15][.]=0 0 0 0 0 0 0 0 0 0 0 0 0 0 0 0 1 0 0 0 0 0 0 0 0 0 0 0 0 0 0 0 0 0 
map[16][.]=0 0 0 0 0 0 0 0 0 0 0 0 0 0 0 0 0 1 0 0 0 0 0 0 0 0 0 0 0 0 0 0 0 0 
map[17][.]=0 0 0 0 0 0 0 0 0 0 0 0 0 0 0 0 0 0 1 0 0 0 0 0 0 0 0 0 0 0 0 0 0 0 
map[18][.]=0 0 0 0 0 0 0 0 0 0 0 0 0 0 0 0 0 0 0 1 0 0 0 0 0 0 0 0 0 0 0 0 0 0 
map[19][.]=0 0 0 0 0 0 0 0 0 0 0 0 0 0 0 0 0 0 0 0 1 0 0 0 0 0 0 0 0 0 0 0 0 0 
map[20][.]=0 0 0 0 0 0 0 0 0 0 0 0 0 0 0 0 0 0 0 0 0 1 0 0 0 0 0 0 0 0 0 0 0 0 
map[21][.]=0 0 0 0 0 0 0 0 0 0 0 0 0 0 0 0 0 0 0 0 0 0 1 0 0 0 0 0 0 0 0 0 0 0 
map[22][.]=0 0 0 0 0 0 0 0 0 0 0 0 0 0 0 0 0 0 0 0 0 0 0 1 0 0 0 0 0 0 0 0 0 0 
map[23][.]=0 0 0 0 0 0 0 0 0 0 0 0 0 0 0 0 0 0 0 0 0 0 0 0 1 0 0 0 0 0 0 0 0 0 
map[24][.]=0 0 0 0 0 0 0 0 0 0 0 0 0 0 0 0 0 0 0 0 0 0 0 0 0 1 0 0 0 0 0 0 0 0 
map[25][.]=0 0 0 0 0 0 0 0 0 0 0 0 0 0 0 0 0 0 0 0 0 0 0 0 0 0 1 0 0 0 0 0 0 0 
map[26][.]=0 0 0 0 0 0 0 0 0 0 0 0 0 0 0 0 0 0 0 0 0 0 0 0 0 0 0 1 0 0 0 0 0 0 
map[27][.]=0 0 0 0 0 0 0 0 0 0 0 0 0 0 0 0 0 0 0 0 0 0 0 0 0 0 0 0 1 0 0 0 0 0 
map[28][.]=0 0 0 0 0 0 0 0 0 0 0 0 0 0 0 0 0 0 0 0 0 0 0 0 0 0 0 0 0 1 0 0 0 0 
map[29][.]=0 0 0 0 0 0 0 0 0 0 0 0 0 0 0 0 0 0 0 0 0 0 0 0 0 0 0 0 0 0 1 0 0 0 
map[30][.]=0 0 0 0 0 0 0 0 0 0 0 0 0 0 0 0 0 0 0 0 0 0 0 0 0 0 0 0 0 0 0 1 0 0 
map[31][.]=0 0 0 0 0 0 0 0 0 0 0 0 0 0 0 0 0 0 0 0 0 0 0 0 0 0 0 0 0 0 0 0 1 0 
map[32][.]=0 0 0 0 0 0 0 0 0 0 0 0 0 0 0 0 0 0 0 0 0 0 0 0 0 0 0 0 0 0 0 0 0 1 
map[33][.]=0 0 0 0 0 0 0 0 0 0 0 0 0 0 0 0 0 0 0 0 0 0 0 0 0 0 0 0 0 0 0 0 0 0 
isLast[.]=false false false false false false false false false false false false false false false false false false false false false false false false false false false false false false false false false true 
descriptor[i][.]=(99, 296)(-0.0140845, -0.466216)(0.450704, -0.5)(-0.0985915, 0.5)(0.211268, 0.486486)
				 (99, 296)(-0.00337838, -0.466216)(0.108108, -0.5)(-0.0236486, 0.5)(0.0506757, 0.486486)
				 (99, 296)(0.0574324, -0.5)(-0.00337838, -0.398649)(-0.097973, -0.283784)(-0.0945946, -0.131757)(-0.10473, 0.0202703)(-0.097973, 0.172297)(-0.118243, 0.324324)(-0.0912162, 0.469595)(0.0439189, 0.483108)(0.027027, 0.347973)(0.0709459, 0.195946)(0.10473, 0.0439189)(0.0945946, -0.108108)(0.101351, -0.260135)(0.10473, -0.405405)
				 (99, 296)(0.027027, 0.347973)(0.0135135, -0.415541)(-0.108108, 0.452703)(-0.0777027, 0.483108)(0.0506757, 0.486486)(0.027027, 0.347973)(0.121622, -0.476351)(0.0574324, -0.5)(-0.00337838, -0.466216)(0.0135135, -0.415541)
descriptor[i][.]=(99, 295)(-0.0138889, -0.464646)(0.416667, -0.498316)(-0.111111, 0.501684)(0.208333, 0.488215)
				 (99, 295)(-0.003367, -0.464646)(0.10101, -0.498316)(-0.026936, 0.501684)(0.0505051, 0.488215)
				 (99, 295)(0.0639731, -0.498316)(-0.003367, -0.397306)(-0.0976431, -0.279461)(-0.0909091, -0.127946)(-0.10101, 0.023569)(-0.0942761, 0.175084)(-0.111111, 0.323232)(-0.0976431, 0.47138)(0.043771, 0.484848)(0.030303, 0.353535)(0.0740741, 0.20202)(0.10101, 0.0505051)(0.0976431, -0.10101)(0.10101, -0.252525)(0.10101, -0.390572)
				 (99, 295)(-0.00673401, -0.387205)(-0.0808081, 0.484848)(-0.026936, 0.501684)(0.0505051, 0.488215)(0.117845, -0.491582)(0.0639731, -0.498316)(-0.00673401, -0.387205)
descriptor[i][.]=(101, 295)(-0.0135135, -0.393939)(0.351351, -0.498316)(-0.0810811, 0.501684)(0, 0.498316)
				 (101, 295)(-0.003367, -0.393939)(0.0875421, -0.498316)(-0.020202, 0.501684)(0, 0.498316)
				 (101, 295)(0.047138, -0.498316)(-0.023569, -0.380471)(-0.0942761, -0.259259)(-0.10101, -0.111111)(-0.107744, 0.037037)(-0.0942761, 0.185185)(-0.117845, 0.333333)(-0.0909091, 0.478114)(0.026936, 0.464646)(0.030303, 0.329966)(0.0707071, 0.181818)(0.104377, 0.03367)(0.0942761, -0.114478)(0.104377, -0.262626)(0.107744, -0.40404)
				 (101, 295)(0.0673401, -0.350168)(-0.003367, -0.390572)(-0.0875421, 0.484848)(-0.020202, 0.501684)(0, 0.498316)(0.023569, 0.484848)(0.0673401, -0.350168)(0.124579, -0.464646)(0.111111, -0.488215)(0.047138, -0.498316)(0.003367, -0.468013)(-0.003367, -0.393939)(-0.0976431, -0.309764)
descriptor[i][.]=(102, 295)(-0.027027, -0.464646)(0.472973, -0.498316)(-0.175676, 0.501684)(0.162162, 0.484848)
				 (102, 295)(-0.00673401, -0.464646)(0.117845, -0.498316)(-0.043771, 0.501684)(0.040404, 0.484848)
				 (102, 295)(0.0774411, -0.498316)(0.003367, -0.407407)(-0.0909091, -0.292929)(-0.0909091, -0.141414)(-0.111111, 0.013468)(-0.0942761, 0.164983)(-0.117845, 0.319865)(-0.10101, 0.47138)(0.043771, 0.481481)(0.030303, 0.363636)(0.0808081, 0.208754)(0.0942761, 0.0572391)(0.0909091, -0.0976431)(0.10101, -0.249158)(0.10101, -0.393939)
				 (102, 295)(0.030303, 0.353535)(0.0673401, -0.346801)(0, -0.393939)(-0.10101, 0.47138)(0.040404, 0.484848)(0.0505051, 0.430976)(0.030303, 0.353535)(0.0673401, 0.279461)(0.0909091, -0.30303)(0.0673401, -0.346801)(0.114478, -0.400673)(0.124579, -0.494949)(-0.00673401, -0.464646)(-0.037037, -0.377104)(-0.0673401, -0.360269)(-0.0841751, -0.3367)
descriptor[i][.]=(105, 295)(-0.0125, -0.389262)(0.325, -0.5)(-0.1625, 0.5)(0.1125, 0.486577)
				 (105, 295)(-0.0033557, -0.389262)(0.0872483, -0.5)(-0.0436242, 0.5)(0.0302013, 0.486577)
				 (105, 295)(0.0671141, -0.5)(-0.0033557, -0.389262)(-0.0973154, -0.265101)(-0.110738, -0.110738)(-0.107383, 0.0402685)(-0.107383, 0.191275)(-0.134228, 0.345638)(-0.0872483, 0.486577)(0.0302013, 0.466443)(0.0604027, 0.345638)(0.127517, 0.201342)(0.114094, 0.0503356)(0.090604, -0.104027)(0.0939597, -0.255034)(0.104027, -0.395973)
				 (105, 295)(0.0100671, 0.446309)(0.0671141, -0.338926)(-0.0033557, -0.385906)(0.0536913, 0.35906)(-0.100671, 0.483221)(0.0302013, 0.486577)(0.057047, 0.416107)(0.0536913, 0.35906)(0.104027, 0.281879)(0.0872483, -0.298658)(0.0671141, -0.338926)(0.134228, -0.459732)(0.127517, -0.486577)(0.0671141, -0.5)(-0.0033557, -0.389262)(-0.0268456, -0.379195)(-0.0738255, -0.342282)
descriptor[i][.]=(110, 292)(-0.0652174, -0.363036)(0.391304, -0.49835)(-0.184783, 0.50165)(0.0326087, 0.488449)
				 (110, 292)(-0.019802, -0.363036)(0.118812, -0.49835)(-0.0561056, 0.50165)(0.00990099, 0.488449)
				 (110, 292)(0.118812, -0.49835)(0.0231023, -0.409241)(-0.0858086, -0.287129)(-0.0990099, -0.125413)(-0.108911, 0.039604)(-0.115512, 0.20132)(-0.151815, 0.366337)(-0.0759076, 0.488449)(-0.00660066, 0.435644)(0.151815, 0.438944)(0.132013, 0.287129)(0.132013, 0.132013)(0.0924092, -0.0264026)(0.0924092, -0.188119)(0.0825083, -0.346535)
				 (110, 292)(0.00330033, 0.432343)(0.105611, 0.376238)(0.00990099, -0.372937)(-0.125413, 0.475248)(0.0165017, 0.485149)(0.00330033, 0.432343)(0.151815, 0.442244)(0.115512, 0.386139)(0.128713, -0.488449)(0.019802, -0.458746)(-0.039604, -0.353135)
descriptor[i][.]=(128, 296)(-0.00833333, -0.474576)(0.208333, -0.498305)(-0.483333, 0.488136)(0.483333, 0.461017)
				 (128, 296)(-0.00338983, -0.474576)(0.0847458, -0.498305)(-0.19661, 0.488136)(0.19661, 0.461017)
				 (128, 296)(0.0813559, -0.498305)(-0.0542373, -0.379661)(-0.135593, -0.19322)(-0.142373, 0.0135593)(-0.162712, 0.220339)(-0.19661, 0.427119)(-0.0610169, 0.481356)(-0.0745763, 0.308475)(0.00677966, 0.20678)(0.0271186, 0.413559)(0.20339, 0.454237)(0.118644, 0.281356)(0.0881356, 0.0813559)(0.0542373, -0.125424)(0.040678, -0.332203)
				 (128, 296)(-0.0169492, 0.162712)(0.0677966, 0.0271186)(-0.0169492, -0.39661)(-0.0983051, 0.410169)(0.122034, 0.355932)(0.0372881, -0.352542)(-0.111864, 0.501695)(-0.0508475, 0.484746)(-0.0983051, 0.410169)(0.0169492, 0.383051)(0.0338983, 0.447458)(0.19661, 0.461017)(0.125424, 0.359322)(0.0881356, 0.0711864)(0.0711864, 0.0305085)(0.0813559, -0.376271)(0.111864, -0.484746)(0.0847458, -0.498305)(0.00338983, -0.477966)(-0.0169492, -0.4)(-0.0745763, -0.372881)(-0.105085, -0.338983)
descriptor[i][.]=(128, 297)(-0.0603448, -0.380952)(0.336207, -0.5)(-0.465517, 0.486395)(0.362069, 0.472789)
				 (128, 297)(-0.0238095, -0.380952)(0.132653, -0.5)(-0.183673, 0.486395)(0.142857, 0.472789)
				 (128, 297)(0.105442, -0.5)(-0.0170068, -0.380952)(-0.085034, -0.20068)(-0.105442, -0.0136054)(-0.112245, 0.176871)(-0.183673, 0.363946)(-0.119048, 0.5)(-0.0680272, 0.35034)(0.0272109, 0.278912)(0.0748299, 0.459184)(0.153061, 0.404762)(0.122449, 0.214286)(0.122449, 0.0238095)(0.112245, -0.170068)(0.0986395, -0.363946)
				 (128, 297)(0.00680272, 0.231293)(0.0272109, -0.408163)(-0.0918367, 0.408163)(-0.190476, 0.482993)(-0.122449, 0.5)(-0.0680272, 0.482993)(-0.0918367, 0.408163)(0.0578231, 0.455782)(0.139456, 0.472789)(0.197279, 0.44898)(0.159864, -0.47619)(0.047619, -0.482993)(0.0272109, -0.408163)
descriptor[i][.]=(139, 295)(-0.0625, -0.362069)(0.4375, -0.496552)(-0.357143, 0.5)(0.428571, 0.472414)
				 (139, 295)(-0.0241379, -0.362069)(0.168966, -0.496552)(-0.137931, 0.5)(0.165517, 0.472414)
				 (139, 295)(0.144828, -0.5)(0.0275862, -0.389655)(-0.0551724, -0.231034)(-0.062069, -0.0517241)(-0.037931, 0.127586)(-0.113793, 0.289655)(-0.175862, 0.444828)(-0.0655172, 0.434483)(0.00689655, 0.410345)(0.137931, 0.472414)(0.117241, 0.351724)(0.141379, 0.168966)(0.144828, -0.0103448)(0.141379, -0.193103)(0.134483, -0.368966)
				 (139, 295)(-0.0344828, 0.2)(-0.00689655, 0.341379)(0.0689655, -0.424138)(-0.0689655, 0.403448)(-0.0724138, -0.0275862)(-0.193103, 0.413793)(-0.144828, 0.496552)(-0.1, 0.5)(-0.0689655, 0.448276)(0.0137931, 0.451724)(0.103448, 0.486207)(0.165517, 0.472414)(0.168966, -0.496552)(0.0793103, -0.482759)(0.0689655, -0.424138)(-0.0241379, -0.362069)
descriptor[i][.]=(165, 296)(-0.129032, -0.382253)(0.387097, -0.498294)(-0.204301, 0.501706)(0.344086, 0.477816)
				 (165, 296)(-0.0409556, -0.382253)(0.122867, -0.498294)(-0.0648464, 0.501706)(0.109215, 0.477816)
				 (165, 296)(0.119454, -0.498294)(0.00682594, -0.40273)(-0.0921502, -0.279863)(-0.0989761, -0.116041)(-0.0989761, 0.0511945)(-0.0477816, 0.208191)(-0.133106, 0.354949)(-0.0887372, 0.491468)(0.0750853, 0.477816)(0.0273038, 0.399317)(0.0716724, 0.242321)(0.0819113, 0.0784983)(0.116041, -0.0580205)(0.0887372, -0.215017)(0.0989761, -0.368601)
				 (165, 296)(-0.0409556, 0.187713)(0.0170648, -0.409556)(-0.0477816, 0.12628)(-0.0477816, 0.12628)(-0.0409556, 0.187713)(-0.139932, 0.358362)(-0.156997, 0.399317)(-0.150171, 0.440273)(-0.102389, 0.488055)(-0.0648464, 0.501706)(0.109215, 0.477816)(0.16041, -0.467577)(0.122867, -0.498294)(0.0511945, -0.488055)(0.0170648, -0.412969)(-0.0409556, -0.382253)
descriptor[i][.]=(187, 299)(-0.0206186, -0.498316)(0.309278, -0.494949)(-0.474227, 0.474747)(0.453608, 0.501684)
				 (187, 299)(-0.00673401, -0.498316)(0.10101, -0.494949)(-0.154882, 0.474747)(0.148148, 0.501684)
				 (187, 299)(-0.00673401, -0.498316)(-0.0909091, -0.356902)(-0.121212, -0.178451)(-0.13468, 0.003367)(-0.0909091, 0.175084)(-0.138047, 0.353535)(-0.10101, 0.474747)(0.0639731, 0.501684)(0.111111, 0.441077)(0.047138, 0.272727)(0.037037, 0.0909091)(0.104377, 0.040404)(0.0976431, -0.10101)(0.0606061, -0.272727)(0.114478, -0.430976)
				 (187, 299)(-0.0909091, 0.175084)(-0.047138, 0.461279)(0.03367, 0.0774411)(-0.016835, -0.40404)(-0.0909091, 0.0841751)(0.0538721, 0.367003)(0.0673401, -0.016835)(0.043771, -0.340067)(-0.0909091, 0.175084)(-0.107744, 0.205387)(-0.161616, 0.461279)(0.148148, 0.501684)(0.161616, 0.478114)(0.0538721, 0.367003)(0.040404, 0.0942761)(0.104377, 0.043771)(0.138047, 0.043771)(0.047138, -0.3367)(0.111111, -0.410774)(0.124579, -0.481481)(-0.00673401, -0.498316)(-0.114478, -0.319865)
descriptor[i][.]=(197, 299)(-0.00917431, -0.447811)(0.302752, -0.498316)(-0.477064, 0.474747)(0.486239, 0.484848)
				 (197, 299)(-0.003367, -0.447811)(0.111111, -0.498316)(-0.175084, 0.474747)(0.178451, 0.484848)
				 (197, 299)(0.10101, -0.498316)(-0.010101, -0.393939)(-0.0976431, -0.242424)(-0.111111, -0.0639731)(-0.0740741, 0.107744)(-0.124579, 0.286195)(-0.181818, 0.464646)(-0.010101, 0.461279)(0.148148, 0.488215)(0.0875421, 0.37037)(0.0673401, 0.188552)(0.0673401, 0.00673401)(0.151515, -0.003367)(0.0774411, -0.178451)(0.0639731, -0.360269)
				 (197, 299)(-0.0639731, 0.138047)(-0.023569, 0.457912)(0.0606061, 0.114478)(0.0572391, -0.333333)(0.003367, -0.410774)(0.0909091, 0.390572)(0.0740741, -0.00673401)(0.0808081, -0.158249)(-0.0639731, 0.138047)(-0.181818, 0.454545)(-0.023569, 0.457912)(0.020202, 0.498316)(0.178451, 0.484848)(0.0909091, 0.390572)(0.0639731, 0.117845)(0.124579, 0.0538721)(0.0976431, -0.131313)(0.0808081, -0.158249)(0.0606061, -0.329966)(0.13468, -0.484848)(0.111111, -0.498316)(0.023569, -0.481481)(-0.003367, -0.447811)(0.003367, -0.410774)
descriptor[i][.]=(205, 296)(-0.0638298, -0.375)(0.308511, -0.493421)(-0.287234, 0.460526)(0.478723, 0.486842)
				 (205, 296)(-0.0197368, -0.375)(0.0953947, -0.493421)(-0.0888158, 0.460526)(0.148026, 0.486842)
				 (205, 296)(0.0296053, -0.5)(-0.0328947, -0.361842)(-0.0723684, -0.203947)(-0.0855263, -0.0394737)(-0.0427632, 0.118421)(-0.0690789, 0.269737)(-0.141447, 0.411184)(-0.00657895, 0.493421)(0.148026, 0.486842)(0.0723684, 0.358553)(0.115132, 0.194079)(0.128289, 0.0296053)(0.125, -0.131579)(0.0855263, -0.289474)(0.141447, -0.430921)
				 (205, 296)(-0.0164474, 0.217105)(0.0197368, -0.401316)(-0.154605, 0.365132)(-0.151316, 0.394737)(-0.0953947, 0.457237)(0.148026, 0.486842)(0.151316, -0.453947)(0.0296053, -0.5)(-0.0625, -0.328947)
descriptor[i][.]=(234, 296)(-0.0253165, -0.471947)(0.35443, -0.49835)(-0.367089, 0.50165)(0.151899, 0.488449)
				 (234, 296)(-0.00660066, -0.471947)(0.0924092, -0.49835)(-0.0957096, 0.50165)(0.039604, 0.488449)
				 (234, 296)(0.0891089, -0.49835)(-0.0132013, -0.422442)(-0.0990099, -0.290429)(-0.108911, -0.132013)(-0.10231, 0.0264026)(-0.0858086, 0.184818)(-0.115512, 0.343234)(-0.105611, 0.491749)(0.0462046, 0.485149)(0.0429043, 0.359736)(0.122112, 0.214521)(0.0990099, 0.0594059)(0.0825083, -0.0759076)(0.0594059, -0.234323)(0.0726073, -0.369637)
				 (234, 296)(0.0429043, 0.359736)(0.0990099, 0.0594059)(0.0363036, -0.323432)(-0.0165017, -0.412541)(0.0825083, -0.0660066)(0.039604, 0.488449)(0.0858086, 0.445545)(0.108911, 0.0759076)(0.0825083, -0.0660066)(0.039604, -0.320132)(0.0957096, -0.376238)(0.0990099, -0.49505)(-0.00660066, -0.471947)(-0.0165017, -0.412541)(-0.0825083, -0.359736)
descriptor[i][.]=(260, 298)(-0.0163934, -0.486667)(0.188525, -0.5)(-0.45082, 0.5)(0.483607, 0.46)
				 (260, 298)(-0.00666667, -0.486667)(0.0766667, -0.5)(-0.183333, 0.5)(0.196667, 0.46)
				 (260, 298)(0.0566667, -0.5)(-0.0866667, -0.38)(-0.143333, -0.19)(-0.146667, 0.00666667)(-0.153333, 0.206667)(-0.2, 0.406667)(-0.0866667, 0.496667)(-0.0766667, 0.34)(-0.00666667, 0.353333)(0.116667, 0.46)(0.116667, 0.386667)(0.07, 0.186667)(0.0966667, 0.0266667)(0.04, -0.15)(0.00666667, -0.346667)
				 (260, 298)(-0.0333333, 0.256667)(0.0566667, 0.126667)(-0.1, 0.4)(0.106667, 0.373333)(0.0533333, 0.0333333)(0.00666667, -0.326667)(-0.19, 0.496667)(-0.05, 0.48)(-0.1, 0.4)(0.0333333, 0.456667)(0.196667, 0.46)(0.203333, 0.436667)(0.106667, 0.373333)(0.06, 0.13)(0.11, 0.02)(0.01, -0.323333)(0.0633333, -0.39)(0.0866667, -0.493333)(0.00333333, -0.49)
descriptor[i][.]=(262, 297)(-0.127119, -0.354305)(0.20339, -0.5)(-0.415254, 0.5)(0.474576, 0.47351)
				 (262, 297)(-0.0496689, -0.354305)(0.0794702, -0.5)(-0.162252, 0.5)(0.18543, 0.47351)
				 (262, 297)(0.0794702, -0.5)(-0.0364238, -0.36755)(-0.0827815, -0.182119)(-0.0993377, 0.00662252)(-0.0927152, 0.192053)(-0.175497, 0.374172)(-0.102649, 0.496689)(-0.0695364, 0.364238)(0.0264901, 0.34106)(0.119205, 0.47351)(0.135762, 0.370861)(0.10596, 0.182119)(0.122517, 0.00331126)(0.0860927, -0.18543)(0.089404, -0.364238)
				 (262, 297)(-0.0794702, 0.175497)(0.00331126, 0.271523)(-0.0827815, 0.39404)(-0.0827815, 0.165563)(-0.168874, 0.496689)(-0.0529801, 0.486755)(-0.0827815, 0.39404)(0.0463576, 0.456954)(0.18543, 0.47351)(0.139073, -0.476821)(0.0794702, -0.5)
descriptor[i][.]=(276, 298)(-0.020202, -0.383333)(0.414141, -0.5)(-0.282828, 0.5)(0.414141, 0.473333)
				 (276, 298)(-0.00666667, -0.383333)(0.136667, -0.5)(-0.0933333, 0.5)(0.136667, 0.473333)
				 (276, 298)(0.12, -0.5)(0.02, -0.396667)(-0.0566667, -0.236667)(-0.07, -0.0566667)(-0.0133333, 0.11)(-0.07, 0.266667)(-0.15, 0.42)(-0.0133333, 0.49)(-0.00333333, 0.4)(0.12, 0.47)(0.103333, 0.326667)(0.123333, 0.146667)(0.136667, -0.02)(0.116667, -0.2)(0.106667, -0.37)
				 (276, 298)(0.0133333, 0.18)(-0.02, 0.366667)(0.0266667, -0.4)(-0.04, 0.406667)(-0.0766667, -0.0366667)(0.0133333, 0.18)(-0.16, 0.356667)(-0.1, 0.496667)(-0.02, 0.5)(-0.0333333, 0.416667)(0.136667, 0.473333)(0.166667, -0.48)(0.136667, -0.5)(0.0333333, -0.473333)(0.0266667, -0.4)
descriptor[i][.]=(304, 298)(-0.028169, -0.47)(0.422535, -0.5)(-0.0704225, 0.5)(0.253521, 0.5)
				 (304, 298)(-0.00666667, -0.47)(0.1, -0.5)(-0.0166667, 0.5)(0.06, 0.5)
				 (304, 298)(0.09, -0.5)(-0.0133333, -0.413333)(-0.09, -0.28)(-0.103333, -0.126667)(-0.1, 0.0233333)(-0.0466667, 0.16)(-0.08, 0.313333)(-0.0866667, 0.456667)(0.06, 0.5)(0.0366667, 0.356667)(0.12, 0.213333)(0.0966667, 0.06)(0.0866667, -0.0866667)(0.0633333, -0.236667)(0.07, -0.376667)
				 (304, 298)(-0.0466667, 0.126667)(0.03, 0.38)(0.04, -0.35)(-0.02, -0.396667)(-0.05, 0.123333)(-0.11, 0.433333)(-0.0233333, 0.496667)(0.06, 0.5)(0.03, 0.38)(0.0866667, -0.386667)(0.11, -0.416667)(0.116667, -0.493333)(0.00666667, -0.48)(-0.02, -0.4)(-0.06, -0.376667)
descriptor[i][.]=(327, 296)(-0.113208, -0.481848)(0.122642, -0.49835)(-0.283019, 0.488449)(0.481132, 0.50165)
				 (327, 296)(-0.039604, -0.481848)(0.0429043, -0.49835)(-0.0990099, 0.488449)(0.168317, 0.50165)
				 (327, 296)(0.039604, -0.49835)(-0.0462046, -0.415842)(-0.132013, -0.264026)(-0.148515, -0.0957096)(-0.122112, 0.0726073)(-0.125413, 0.237624)(-0.168317, 0.405941)(-0.0528053, 0.475248)(0.105611, 0.50165)(0.0990099, 0.435644)(0.0660066, 0.273927)(0.0462046, 0.105611)(0.0627063, -0.019802)(0.029703, -0.188119)(0.0264026, -0.359736)
				 (327, 296)(-0.0990099, 0.118812)(0.0594059, 0.376238)(-0.0528053, -0.392739)(0.039604, 0.0726073)(0.00660066, -0.310231)(-0.0990099, 0.118812)(-0.174917, 0.432343)(-0.135314, 0.471947)(0.168317, 0.50165)(0.0759076, 0.247525)(0.0429043, 0.0825083)(0.0759076, 0.0627063)(0.00990099, -0.306931)(0.0561056, -0.379538)(0.0726073, -0.419142)(0.0792079, -0.475248)(0.0429043, -0.49835)(-0.039604, -0.481848)(-0.0528053, -0.39934)
descriptor[i][.]=(338, 298)(-0.0420168, -0.466667)(0.235294, -0.5)(-0.436975, 0.473333)(0.487395, 0.5)
				 (338, 298)(-0.0166667, -0.466667)(0.0933333, -0.5)(-0.173333, 0.473333)(0.193333, 0.5)
				 (338, 298)(0.0733333, -0.5)(-0.0433333, -0.383333)(-0.0933333, -0.206667)(-0.123333, -0.0166667)(-0.0766667, 0.166667)(-0.17, 0.346667)(-0.123333, 0.47)(-0.06, 0.353333)(0.00333333, 0.446667)(0.153333, 0.493333)(0.1, 0.406667)(0.0833333, 0.216667)(0.106667, 0.0333333)(0.07, -0.156667)(0.0366667, -0.346667)
				 (338, 298)(-0.0666667, 0.14)(-0.0266667, 0.313333)(-0.03, -0.393333)(-0.08, 0.41)(-0.196667, 0.456667)(-0.06, 0.473333)(-0.08, 0.41)(0.01, 0.486667)(0.193333, 0.5)(0.106667, -0.49)(-0.0166667, -0.466667)(-0.03, -0.393333)(-0.0766667, -0.356667)
descriptor[i][.]=(343, 294)(-0.148936, -0.338762)(0.276596, -0.498371)(-0.0106383, 0.498371)(0.457447, 0.501629)
				 (343, 294)(-0.0456026, -0.338762)(0.0846906, -0.498371)(-0.00325733, 0.498371)(0.140065, 0.501629)
				 (343, 294)(0.0781759, -0.498371)(-0.00651466, -0.371336)(-0.0618893, -0.208469)(-0.0781759, -0.0358306)(-0.0228013, 0.123779)(-0.0618893, 0.276873)(-0.136808, 0.416938)(-0.0456026, 0.410423)(0.0228013, 0.501629)(0.123779, 0.465798)(0.0977199, 0.306189)(0.114007, 0.13355)(0.130293, -0.029316)(0.0977199, -0.201954)(0.0912052, -0.361564)
				 (343, 294)(-0.00325733, 0.208469)(-0.0260586, 0.387622)(0.00651466, -0.390879)(-0.00325733, 0.208469)(-0.149837, 0.348534)(-0.153094, 0.381107)(-0.104235, 0.472313)(-0.0456026, 0.462541)(-0.00325733, 0.498371)(0.140065, 0.501629)(0.13355, -0.469055)(0.0944625, -0.495114)(0.0162866, -0.459283)(-0.0456026, -0.338762)
descriptor[i][.]=(375, 295)(-0.123711, -0.470588)(0.195876, -0.5)(-0.350515, 0.5)(0.113402, 0.5)
				 (375, 295)(-0.0392157, -0.470588)(0.0620915, -0.5)(-0.111111, 0.5)(0.0359477, 0.5)
				 (375, 295)(0.0261438, -0.5)(-0.0555556, -0.388889)(-0.117647, -0.238562)(-0.133987, -0.0751634)(-0.0915033, 0.0849673)(-0.0816993, 0.248366)(-0.147059, 0.392157)(-0.0653595, 0.5)(0.00653595, 0.454248)(0.0261438, 0.294118)(0.101307, 0.150327)(0.0980392, 0.0228758)(0.0882353, -0.0620915)(0.0359477, -0.222222)(0.0457516, -0.375817)
				 (375, 295)(-0.0784314, 0.22549)(-0.114379, 0.428105)(0.0620915, 0.0261438)(0.00653595, -0.330065)(-0.0490196, -0.398693)(-0.0915033, 0.0751634)(-0.00980392, 0.415033)(0.0588235, -0.101307)(-0.0784314, 0.22549)(-0.153595, 0.366013)(-0.117647, 0.496732)(0.0359477, 0.5)(-0.00980392, 0.415033)(0.133987, 0.0294118)(0.160131, 0.00980392)(0.0588235, -0.101307)(0.0130719, -0.320261)(0.0555556, -0.382353)(0.0751634, -0.486928)(-0.0392157, -0.470588)(-0.0980392, -0.349673)
descriptor[i][.]=(389, 294)(-0.11, -0.469055)(0.16, -0.498371)(-0.45, 0.501629)(0.26, 0.488599)
				 (389, 294)(-0.0358306, -0.469055)(0.0521173, -0.498371)(-0.14658, 0.501629)(0.0846906, 0.488599)
				 (389, 294)(0.0390879, -0.498371)(-0.0521173, -0.390879)(-0.117264, -0.234528)(-0.123779, -0.0684039)(-0.0977199, 0.0977199)(-0.117264, 0.263844)(-0.156352, 0.429967)(-0.0618893, 0.501629)(0.104235, 0.469055)(0.0781759, 0.312704)(0.0846906, 0.14658)(0.0879479, 0.00325733)(0.117264, -0.0553746)(0.0423453, -0.205212)(0.0325733, -0.364821)
				 (389, 294)(0.0488599, 0.0228013)(0.0162866, -0.28013)(0.0684039, 0.390879)(0.0618893, -0.117264)(0.0846906, 0.488599)(0.110749, 0.462541)(0.0716612, 0.394137)(0.14658, 0.0228013)(0.162866, -0.0228013)(0.0618893, -0.117264)(0.0228013, -0.270358)(0.0846906, -0.478827)(-0.0358306, -0.469055)
descriptor[i][.]=(401, 296)(-0.105691, -0.460526)(0.138211, -0.5)(-0.447154, 0.5)(0.455285, 0.486842)
				 (401, 296)(-0.0427632, -0.460526)(0.0559211, -0.5)(-0.180921, 0.5)(0.184211, 0.486842)
				 (401, 296)(0.0394737, -0.5)(-0.0789474, -0.355263)(-0.105263, -0.161184)(-0.115132, 0.0361842)(-0.125, 0.233553)(-0.190789, 0.417763)(-0.0756579, 0.5)(-0.0657895, 0.365132)(0.0230263, 0.444079)(0.190789, 0.483553)(0.0953947, 0.328947)(0.0526316, 0.134868)(0.128289, 0.0361842)(0.0592105, -0.151316)(0.0197368, -0.348684)
				 (401, 296)(-0.0296053, 0.3125)(0.0592105, 0.203947)(-0.0855263, 0.427632)(0.121711, 0.407895)(0.0493421, 0.0328947)(0.0164474, -0.328947)(-0.0361842, 0.496711)(0.0328947, 0.483553)(0.184211, 0.486842)(0.203947, 0.460526)(0.121711, 0.407895)(0.0723684, 0.230263)(0.125, 0.0427632)(0.0197368, -0.325658)(0.0690789, -0.391447)(0.0888158, -0.486842)(0.0559211, -0.5)(0.0197368, -0.493421)
descriptor[i][.]=(403, 296)(-0.0183486, -0.463816)(0.201835, -0.5)(-0.357798, 0.5)(0.46789, 0.486842)
				 (403, 296)(-0.00657895, -0.463816)(0.0723684, -0.5)(-0.128289, 0.5)(0.167763, 0.486842)
				 (403, 296)(0.0625, -0.5)(-0.0197368, -0.375)(-0.0690789, -0.207237)(-0.0723684, -0.0263158)(-0.0296053, 0.154605)(-0.108553, 0.322368)(-0.148026, 0.467105)(-0.0493421, 0.447368)(0.0164474, 0.453947)(0.174342, 0.476974)(0.101974, 0.325658)(0.0921053, 0.144737)(0.128289, -0.0164474)(0.0855263, -0.197368)(0.0855263, -0.371711)
				 (403, 296)(-0.0230263, 0.1875)(-0.0131579, 0.368421)(-0.0493421, 0.414474)(-0.0230263, 0.1875)(-0.174342, 0.411184)(-0.177632, 0.450658)(-0.134868, 0.496711)(-0.0427632, 0.5)(-0.0493421, 0.414474)(0.0164474, 0.460526)(0.0361842, 0.483553)(0.167763, 0.486842)(0.180921, 0.467105)(0.121711, -0.483553)(0.0723684, -0.5)(0.0328947, -0.496711)
descriptor[i][.]=(419, 297)(-0.0337079, -0.470199)(0.247191, -0.5)(-0.146067, 0.5)(0.483146, 0.486755)
				 (419, 297)(-0.00993377, -0.470199)(0.0728477, -0.5)(-0.0430464, 0.5)(0.142384, 0.486755)
				 (419, 297)(0.0596026, -0.5)(-0.0298013, -0.387417)(-0.0860927, -0.235099)(-0.089404, -0.0761589)(-0.0496689, 0.0761589)(-0.0463576, 0.235099)(-0.129139, 0.370861)(-0.0463576, 0.496689)(0.109272, 0.486755)(0.0662252, 0.397351)(0.115894, 0.248344)(0.119205, 0.0960265)(0.115894, -0.0596026)(0.0728477, -0.218543)(0.0662252, -0.377483)
				 (419, 297)(-0.0463576, 0.264901)(0.0496689, 0.36755)(0.0430464, -0.327815)(-0.0463576, 0.0794702)(0.0629139, 0.304636)(0.0993377, 0.0231788)(-0.0960265, 0.311258)(-0.145695, 0.390728)(-0.0562914, 0.493377)(0.142384, 0.486755)(0.0529801, 0.370861)(0.0629139, 0.304636)(0.139073, 0.218543)(0.10596, 0.0331126)(0.0463576, -0.324503)(0.0860927, -0.39404)(0.102649, -0.456954)(0.0993377, -0.490066)(-0.00993377, -0.470199)
descriptor[i][.]=(440, 299)(-0.05, -0.486928)(0.15, -0.5)(-0.325, 0.473856)(0.4125, 0.5)
				 (440, 299)(-0.0130719, -0.486928)(0.0392157, -0.5)(-0.0849673, 0.473856)(0.107843, 0.5)
				 (440, 299)(0.0228758, -0.5)(-0.0653595, -0.388889)(-0.117647, -0.245098)(-0.124183, -0.0915033)(-0.0849673, 0.0588235)(-0.0980392, 0.212418)(-0.111111, 0.366013)(-0.0424837, 0.473856)(0.111111, 0.496732)(0.0686275, 0.372549)(0.130719, 0.222222)(0.0947712, 0.0686275)(0.0686275, -0.0849673)(0.0326797, -0.238562)(0.0392157, -0.379085)
				 (440, 299)(-0.0784314, 0.104575)(0.0686275, 0.375817)(0.00653595, -0.316993)(-0.0849673, 0.0947712)(-0.114379, 0.369281)(-0.0980392, 0.460784)(0.130719, 0.490196)(0.0784314, 0.388889)(0.127451, 0.232026)(0.0261438, -0.284314)(0.0718954, -0.460784)(0.0620915, -0.493464)(0.0392157, -0.5)(-0.0130719, -0.486928)(-0.0522876, -0.464052)
descriptor[i][.]=(453, 298)(-0.163043, -0.473333)(0.173913, -0.5)(-0.423913, 0.486667)(0.282609, 0.5)
				 (453, 298)(-0.05, -0.473333)(0.0533333, -0.5)(-0.13, 0.486667)(0.0866667, 0.5)
				 (453, 298)(0.01, -0.5)(-0.0733333, -0.383333)(-0.123333, -0.236667)(-0.13, -0.08)(-0.0933333, 0.0766667)(-0.113333, 0.233333)(-0.146667, 0.39)(-0.0733333, 0.483333)(0.08, 0.5)(0.13, 0.383333)(0.1, 0.226667)(0.07, 0.07)(0.0733333, -0.08)(0.0333333, -0.236667)(0.0366667, -0.39)
				 (453, 298)(-0.136667, 0.483333)(0.0866667, 0.5)(0.153333, 0.443333)(0.0666667, -0.48)(0.01, -0.5)(-0.0566667, -0.47)
descriptor[i][.]=(455, 296)(-0.0927835, -0.445545)(0.0927835, -0.49835)(-0.43299, 0.488449)(0.268041, 0.50165)
				 (455, 296)(-0.029703, -0.445545)(0.029703, -0.49835)(-0.138614, 0.488449)(0.0858086, 0.50165)
				 (455, 296)(0.0231023, -0.49835)(-0.0627063, -0.343234)(-0.0924092, -0.161716)(-0.0792079, 0.0231023)(-0.0792079, 0.20462)(-0.135314, 0.386139)(-0.0627063, 0.485149)(-0.029703, 0.405941)(0.039604, 0.356436)(0.0957096, 0.488449)(0.138614, 0.339934)(0.108911, 0.155116)(0.122112, -0.0165017)(0.0759076, -0.194719)(0.0627063, -0.369637)
				 (455, 296)(-0.049505, 0.132013)(0.0165017, 0.29703)(0.0330033, -0.323432)(-0.029703, 0.422442)(-0.10231, -0.0429043)(-0.049505, 0.132013)(-0.158416, 0.419142)(-0.145215, 0.485149)(0.0264026, 0.481848)(0.0594059, 0.49835)(0.0858086, 0.50165)(0.155116, 0.465347)(0.161716, 0.438944)(0.0363036, -0.320132)(0.0924092, -0.481848)(0.029703, -0.49835)(-0.0726073, -0.333333)
descriptor[i][.]=(473, 295)(-0.127273, -0.460526)(0.154545, -0.5)(-0.218182, 0.490132)(0.0727273, 0.5)
				 (473, 295)(-0.0460526, -0.460526)(0.0559211, -0.5)(-0.0789474, 0.490132)(0.0263158, 0.5)
				 (473, 295)(0.0328947, -0.5)(-0.0592105, -0.378289)(-0.101974, -0.207237)(-0.111842, -0.0296053)(-0.0493421, 0.131579)(-0.108553, 0.299342)(-0.148026, 0.457237)(-0.0592105, 0.421053)(0, 0.476974)(0.0888158, 0.401316)(0.0953947, 0.226974)(0.0855263, 0.0493421)(0.148026, -0.0361842)(0.0592105, -0.1875)(0.0361842, -0.361842)
				 (473, 295)(-0.0427632, 0.154605)(-0.0197368, 0.368421)(0.0855263, 0.0263158)(0.0164474, -0.319079)(-0.0921053, 0.0164474)(-0.0526316, 0.220395)(-0.0625, 0.424342)(0.0723684, -0.118421)(-0.0921053, 0.0197368)(-0.0427632, 0.154605)(-0.0526316, 0.220395)(-0.180921, 0.407895)(-0.151316, 0.453947)(-0.125, 0.473684)(-0.0493421, 0.490132)(-0.0625, 0.424342)(0, 0.490132)(0.167763, 0.0164474)(0.0723684, -0.118421)(0.0197368, -0.315789)(0.0657895, -0.398026)(0.0789474, -0.486842)(-0.0460526, -0.460526)
descriptor[i][.]=(495, 295)(-0.05, -0.495082)(0.05, -0.498361)(-0.2, 0.501639)(0.07, 0.465574)
				 (495, 295)(-0.0163934, -0.495082)(0.0163934, -0.498361)(-0.0655738, 0.501639)(0.0229508, 0.465574)
				 (495, 295)(0.00327869, -0.498361)(-0.0885246, -0.383607)(-0.15082, -0.229508)(-0.147541, -0.0688525)(-0.101639, 0.0786885)(-0.0819672, 0.236066)(-0.163934, 0.386885)(-0.0557377, 0.501639)(0.0131148, 0.390164)(0.0557377, 0.236066)(0.0393443, 0.0852459)(0.104918, -0.00655738)(0.104918, -0.0852459)(0.00983607, -0.216393)(0.00327869, -0.363934)
				 (495, 295)(-0.0786885, 0.177049)(0.0360656, 0.0163934)(0.0196721, -0.167213)(-0.101639, 0.0786885)(-0.0852459, 0.255738)(0.0131148, 0.383607)(0.0786885, -0.0295082)(-0.0196721, -0.340984)(-0.101639, 0.0786885)(-0.0786885, 0.177049)(-0.0852459, 0.255738)(-0.157377, 0.337705)(-0.0721311, 0.498361)(-0.0459016, 0.501639)(0.0131148, 0.383607)(0.108197, 0)(0.15082, -0.00655738)(0.137705, -0.0688525)(0.0262295, -0.386885)(0.0393443, -0.47541)(-0.0327869, -0.491803)(-0.0754098, -0.459016)
descriptor[i][.]=(504, 295)(-0.0315789, -0.5)(0, -0.5)(-0.284211, 0.5)(0.115789, 0.460784)
				 (504, 295)(-0.00980392, -0.5)(0, -0.5)(-0.0882353, 0.5)(0.0359477, 0.460784)
				 (504, 295)(-0.00980392, -0.5)(-0.0915033, -0.385621)(-0.147059, -0.232026)(-0.147059, -0.0751634)(-0.111111, 0.0816993)(-0.0980392, 0.238562)(-0.104575, 0.395425)(-0.0457516, 0.470588)(0.0294118, 0.388889)(0.0686275, 0.232026)(0.0392157, 0.0751634)(0.111111, 0.00980392)(0.0882353, -0.0915033)(0.0130719, -0.24183)(0.0163399, -0.382353)
				 (504, 295)(0.0261438, 0.0261438)(-0.0196078, -0.336601)(-0.0816993, -0.401961)(0.0294118, 0.366013)(0.0718954, -0.0196078)(0.0228758, -0.173203)(-0.101307, 0.473856)(0.0359477, 0.460784)(0.0457516, 0.437908)(0.0294118, 0.366013)(0.0718954, 0.20915)(0.0490196, 0.00653595)(0.0718954, -0.0196078)(0.117647, 0.0130719)(0.147059, 0.00326797)(0.0228758, -0.173203)(-0.0163399, -0.333333)(0.0130719, -0.375817)(0.0457516, -0.480392)(0, -0.5)(-0.0849673, -0.460784)(-0.0816993, -0.401961)
descriptor[i][.]=(504, 296)(-0.0263158, -0.491749)(0.223684, -0.49835)(-0.342105, 0.50165)(0.289474, 0.458746)
				 (504, 296)(-0.00660066, -0.491749)(0.0561056, -0.49835)(-0.0858086, 0.50165)(0.0726073, 0.458746)
				 (504, 296)(0.0132013, -0.49835)(-0.0594059, -0.389439)(-0.118812, -0.240924)(-0.112211, -0.0825083)(-0.10231, 0.0726073)(-0.0858086, 0.231023)(-0.0990099, 0.389439)(-0.0462046, 0.481848)(0.10231, 0.435644)(0.0726073, 0.30033)(0.049505, 0.141914)(0.108911, 0.0528053)(0.0792079, -0.0825083)(0.0363036, -0.240924)(0.0528053, -0.392739)
				 (504, 296)(0.0429043, 0.0660066)(0.0132013, -0.330033)(-0.0594059, -0.386139)(-0.0957096, 0.49505)(0.125413, 0.432343)(0.115512, 0.0528053)(0.0165017, -0.326733)(0.0726073, -0.491749)(0.0132013, -0.49835)(-0.0528053, -0.462046)(-0.0594059, -0.39604)
