walkDescr5.dat
size1 33
size3 34
beh_type.id 10
sizes[]=50 43 40 41 45 37 33 47 43 49 48 41 41 37 47 40 37 50 53 54 51 40 37 39 42 36 31 33 30 45 46 46 47 
thresholds[]=0.16 0.16 0.16 0.16 0.16 0.16 0.16 0.16 0.16 0.16 0.16 0.16 0.16 0.16 0.16 0.16 0.16 0.16 0.16 0.16 0.16 0.16 0.16 0.16 0.16 0.16 0.16 0.16 0.16 0.16 0.16 0.16 0.16 
map[0][.]=0 1 0 0 0 0 0 0 0 0 0 0 0 0 0 0 0 0 0 0 0 0 0 0 0 0 0 0 0 0 0 0 0 0 
map[1][.]=0 0 1 0 0 0 0 0 0 0 0 0 0 0 0 0 0 0 0 0 0 0 0 0 0 0 0 0 0 0 0 0 0 0 
map[2][.]=0 0 0 1 0 0 0 0 0 0 0 0 0 0 0 0 0 0 0 0 0 0 0 0 0 0 0 0 0 0 0 0 0 0 
map[3][.]=0 0 0 0 1 0 0 0 0 0 0 0 0 0 0 0 0 0 0 0 0 0 0 0 0 0 0 0 0 0 0 0 0 0 
map[4][.]=0 0 0 0 0 1 0 0 0 0 0 0 0 0 0 0 0 0 0 0 0 0 0 0 0 0 0 0 0 0 0 0 0 0 
map[5][.]=0 0 0 0 0 0 1 0 0 0 0 0 0 0 0 0 0 0 0 0 0 0 0 0 0 0 0 0 0 0 0 0 0 0 
map[6][.]=0 0 0 0 0 0 0 1 0 0 0 0 0 0 0 0 0 0 0 0 0 0 0 0 0 0 0 0 0 0 0 0 0 0 
map[7][.]=0 0 0 0 0 0 0 0 1 0 0 0 0 0 0 0 0 0 0 0 0 0 0 0 0 0 0 0 0 0 0 0 0 0 
map[8][.]=0 0 0 0 0 0 0 0 0 1 0 0 0 0 0 0 0 0 0 0 0 0 0 0 0 0 0 0 0 0 0 0 0 0 
map[9][.]=0 0 0 0 0 0 0 0 0 0 1 0 0 0 0 0 0 0 0 0 0 0 0 0 0 0 0 0 0 0 0 0 0 0 
map[10][.]=0 0 0 0 0 0 0 0 0 0 0 1 0 0 0 0 0 0 0 0 0 0 0 0 0 0 0 0 0 0 0 0 0 0 
map[11][.]=0 0 0 0 0 0 0 0 0 0 0 0 1 0 0 0 0 0 0 0 0 0 0 0 0 0 0 0 0 0 0 0 0 0 
map[12][.]=0 0 0 0 0 0 0 0 0 0 0 0 0 1 0 0 0 0 0 0 0 0 0 0 0 0 0 0 0 0 0 0 0 0 
map[13][.]=0 0 0 0 0 0 0 0 0 0 0 0 0 0 1 0 0 0 0 0 0 0 0 0 0 0 0 0 0 0 0 0 0 0 
map[14][.]=0 0 0 0 0 0 0 0 0 0 0 0 0 0 0 1 0 0 0 0 0 0 0 0 0 0 0 0 0 0 0 0 0 0 
map[15][.]=0 0 0 0 0 0 0 0 0 0 0 0 0 0 0 0 1 0 0 0 0 0 0 0 0 0 0 0 0 0 0 0 0 0 
map[16][.]=0 0 0 0 0 0 0 0 0 0 0 0 0 0 0 0 0 1 0 0 0 0 0 0 0 0 0 0 0 0 0 0 0 0 
map[17][.]=0 0 0 0 0 0 0 0 0 0 0 0 0 0 0 0 0 0 1 0 0 0 0 0 0 0 0 0 0 0 0 0 0 0 
map[18][.]=0 0 0 0 0 0 0 0 0 0 0 0 0 0 0 0 0 0 0 1 0 0 0 0 0 0 0 0 0 0 0 0 0 0 
map[19][.]=0 0 0 0 0 0 0 0 0 0 0 0 0 0 0 0 0 0 0 0 1 0 0 0 0 0 0 0 0 0 0 0 0 0 
map[20][.]=0 0 0 0 0 0 0 0 0 0 0 0 0 0 0 0 0 0 0 0 0 1 0 0 0 0 0 0 0 0 0 0 0 0 
map[21][.]=0 0 0 0 0 0 0 0 0 0 0 0 0 0 0 0 0 0 0 0 0 0 1 0 0 0 0 0 0 0 0 0 0 0 
map[22][.]=0 0 0 0 0 0 0 0 0 0 0 0 0 0 0 0 0 0 0 0 0 0 0 1 0 0 0 0 0 0 0 0 0 0 
map[23][.]=0 0 0 0 0 0 0 0 0 0 0 0 0 0 0 0 0 0 0 0 0 0 0 0 1 0 0 0 0 0 0 0 0 0 
map[24][.]=0 0 0 0 0 0 0 0 0 0 0 0 0 0 0 0 0 0 0 0 0 0 0 0 0 1 0 0 0 0 0 0 0 0 
map[25][.]=0 0 0 0 0 0 0 0 0 0 0 0 0 0 0 0 0 0 0 0 0 0 0 0 0 0 1 0 0 0 0 0 0 0 
map[26][.]=0 0 0 0 0 0 0 0 0 0 0 0 0 0 0 0 0 0 0 0 0 0 0 0 0 0 0 1 0 0 0 0 0 0 
map[27][.]=0 0 0 0 0 0 0 0 0 0 0 0 0 0 0 0 0 0 0 0 0 0 0 0 0 0 0 0 1 0 0 0 0 0 
map[28][.]=0 0 0 0 0 0 0 0 0 0 0 0 0 0 0 0 0 0 0 0 0 0 0 0 0 0 0 0 0 1 0 0 0 0 
map[29][.]=0 0 0 0 0 0 0 0 0 0 0 0 0 0 0 0 0 0 0 0 0 0 0 0 0 0 0 0 0 0 1 0 0 0 
map[30][.]=0 0 0 0 0 0 0 0 0 0 0 0 0 0 0 0 0 0 0 0 0 0 0 0 0 0 0 0 0 0 0 1 0 0 
map[31][.]=0 0 0 0 0 0 0 0 0 0 0 0 0 0 0 0 0 0 0 0 0 0 0 0 0 0 0 0 0 0 0 0 1 0 
map[32][.]=0 0 0 0 0 0 0 0 0 0 0 0 0 0 0 0 0 0 0 0 0 0 0 0 0 0 0 0 0 0 0 0 0 1 
map[33][.]=0 0 0 0 0 0 0 0 0 0 0 0 0 0 0 0 0 0 0 0 0 0 0 0 0 0 0 0 0 0 0 0 0 0 
isLast[.]=false false false false false false false false false false false false false false false false false false false false false false false false false false false false false false false false false true 
descriptor[i][.]=(174, 246)(-0.0769231, -0.468254)(0.145299, -0.5)(-0.393162, 0.468254)(0.452991, 0.5)
				 (174, 246)(-0.0357143, -0.468254)(0.0674603, -0.5)(-0.18254, 0.468254)(0.210317, 0.5)
				 (174, 246)(0.0634921, -0.5)(-0.0238095, -0.376984)(-0.111111, -0.210317)(-0.107143, -0.00793651)(-0.0634921, 0.174603)(-0.178571, 0.349206)(-0.138889, 0.468254)(-0.031746, 0.31746)(0.0515873, 0.444444)(0.22619, 0.480159)(0.146825, 0.325397)(0.0873016, 0.123016)(0.166667, 0.0634921)(0.0952381, -0.134921)(0.0595238, -0.325397)
				 (174, 246)(-0.0634921, 0.18254)(-0.00396825, 0.289683)(0.0753968, 0.111111)(-0.0238095, -0.373016)(-0.0634921, 0.361111)(0.162698, 0.404762)(0.0833333, 0.0357143)(0.0595238, -0.309524)(-0.0634921, 0.18254)(-0.210317, 0.384921)(-0.230159, 0.428571)(-0.190476, 0.464286)(-0.111111, 0.468254)(-0.0714286, 0.400794)(-0.0634921, 0.361111)(0.0992063, 0.496032)(0.210317, 0.5)(0.0873016, 0.123016)(0.130952, 0.0793651)(0.0714286, -0.297619)(0.0952381, -0.480159)(-0.0357143, -0.468254)(-0.0714286, -0.34127)
descriptor[i][.]=(177, 245)(-0.00917431, -0.476378)(0.174312, -0.5)(-0.376147, 0.464567)(0.431193, 0.5)
				 (177, 245)(-0.00393701, -0.476378)(0.0748031, -0.5)(-0.161417, 0.464567)(0.185039, 0.5)
				 (177, 245)(0.0708661, -0.5)(-0.00787402, -0.389764)(-0.0826772, -0.220472)(-0.0787402, -0.0314961)(-0.011811, 0.137795)(-0.122047, 0.295276)(-0.185039, 0.440945)(-0.0590551, 0.38189)(0.0314961, 0.401575)(0.173228, 0.5)(0.153543, 0.362205)(0.102362, 0.173228)(0.165354, 0.0314961)(0.114173, -0.15748)(0.0866142, -0.34252)
				 (177, 245)(-0.011811, 0.149606)(0.00787402, 0.311024)(-0.00787402, -0.377953)(-0.011811, 0.149606)(-0.208661, 0.374016)(-0.204724, 0.429134)(-0.169291, 0.46063)(0.0314961, 0.42126)(0.0866142, 0.496063)(0.185039, 0.5)(0.216535, 0.476378)(0.114173, -0.484252)(0.0748031, -0.5)(-0.00393701, -0.476378)(-0.0354331, -0.417323)(-0.0826772, -0.299213)
descriptor[i][.]=(191, 245)(-0.0888889, -0.458498)(0.233333, -0.498024)(-0.311111, 0.470356)(0.366667, 0.501976)
				 (191, 245)(-0.0316206, -0.458498)(0.083004, -0.498024)(-0.110672, 0.470356)(0.130435, 0.501976)
				 (191, 245)(0.0434783, -0.498024)(-0.027668, -0.371542)(-0.0869565, -0.209486)(-0.0750988, -0.0395257)(-0.027668, 0.134387)(-0.0790514, 0.288538)(-0.158103, 0.399209)(-0.055336, 0.41502)(0.0474308, 0.501976)(0.146245, 0.458498)(0.0988142, 0.29249)(0.118577, 0.12253)(0.12253, -0.0434783)(0.102767, -0.217391)(0.0988142, -0.375494)
				 (191, 245)(-0.0197628, 0.233202)(-0.0355731, 0.387352)(-0.0237154, -0.375494)(-0.177866, 0.335968)(-0.118577, 0.466403)(-0.0592885, 0.454545)(-0.00395257, 0.450593)(0.0355731, 0.498024)(0.177866, 0.482213)(0.0988142, -0.490119)(0.0434783, -0.498024)(-0.0316206, -0.458498)(-0.0434783, -0.359684)
descriptor[i][.]=(193, 244)(-0.08, -0.470588)(0.266667, -0.498039)(-0.266667, 0.470588)(0.44, 0.501961)
				 (193, 244)(-0.0235294, -0.470588)(0.0784314, -0.498039)(-0.0784314, 0.470588)(0.129412, 0.501961)
				 (193, 244)(0.0745098, -0.498039)(-0.0313725, -0.419608)(-0.0823529, -0.27451)(-0.0705882, -0.113725)(-0.0588235, 0.0470588)(-0.0235294, 0.203922)(-0.117647, 0.329412)(-0.0862745, 0.462745)(0.0666667, 0.501961)(0.113725, 0.419608)(0.109804, 0.258824)(0.137255, 0.117647)(0.129412, -0.0431373)(0.105882, -0.203922)(0.0941176, -0.356863)
				 (193, 244)(-0.0196078, 0.235294)(0.0901961, 0.301961)(-0.0117647, -0.376471)(-0.0392157, 0.278431)(-0.0196078, 0.235294)(-0.0392157, 0.278431)(-0.137255, 0.333333)(-0.0862745, 0.466667)(0.129412, 0.501961)(0.0941176, 0.305882)(0.145098, 0.231373)(0.0784314, -0.498039)(-0.0313725, -0.466667)(-0.0392157, -0.352941)
descriptor[i][.]=(211, 244)(-0.0441176, -0.478431)(0.191176, -0.498039)(-0.117647, 0.501961)(0.235294, 0.501961)
				 (211, 244)(-0.0117647, -0.478431)(0.0509804, -0.498039)(-0.0313725, 0.501961)(0.0627451, 0.501961)
				 (211, 244)(0.0392157, -0.498039)(-0.0509804, -0.388235)(-0.117647, -0.247059)(-0.109804, -0.0941176)(-0.0941176, 0.0588235)(-0.0784314, 0.207843)(-0.113725, 0.341176)(-0.0666667, 0.470588)(0.0705882, 0.494118)(0.0509804, 0.352941)(0.133333, 0.219608)(0.101961, 0.0666667)(0.0784314, -0.0862745)(0.0627451, -0.239216)(0.0705882, -0.364706)
				 (211, 244)(-0.0705882, 0.239216)(0.0470588, 0.329412)(0.0235294, -0.317647)(-0.0784314, 0.317647)(0.0431373, 0.435294)(-0.0705882, 0.239216)(-0.0784314, 0.298039)(-0.133333, 0.368627)(-0.0745098, 0.466667)(-0.0392157, 0.498039)(0.0627451, 0.501961)(0.0431373, 0.435294)(0.0470588, 0.329412)(0.12549, 0.239216)(0.0509804, -0.270588)(0.027451, -0.313725)(0.0705882, -0.482353)(-0.0117647, -0.478431)
descriptor[i][.]=(223, 244)(-0.0735294, -0.498039)(0, -0.498039)(-0.308824, 0.501961)(0.220588, 0.501961)
				 (223, 244)(-0.0196078, -0.498039)(0, -0.498039)(-0.0823529, 0.501961)(0.0588235, 0.501961)
				 (223, 244)(-0.0196078, -0.498039)(-0.0745098, -0.376471)(-0.129412, -0.239216)(-0.133333, -0.0862745)(-0.109804, 0.0666667)(-0.105882, 0.219608)(-0.129412, 0.368627)(-0.0666667, 0.501961)(0.0784314, 0.478431)(0.101961, 0.341176)(0.133333, 0.188235)(0.0745098, 0.0392157)(0.0588235, -0.117647)(0.027451, -0.270588)(0.0666667, -0.403922)
				 (223, 244)(0.00784314, -0.317647)(-0.0745098, -0.372549)(-0.121569, 0.454902)(-0.0901961, 0.498039)(0.0588235, 0.501961)(0.0117647, -0.313725)(0.0509804, -0.486275)(0, -0.498039)(-0.0745098, -0.466667)(-0.0862745, -0.419608)
descriptor[i][.]=(232, 246)(-0.0243902, -0.5)(0.0731707, -0.5)(-0.402439, 0.5)(0.45122, 0.484127)
				 (232, 246)(-0.00793651, -0.5)(0.0238095, -0.5)(-0.130952, 0.5)(0.146825, 0.484127)
				 (232, 246)(-0.00793651, -0.5)(-0.0912698, -0.396825)(-0.15873, -0.25)(-0.154762, -0.0873016)(-0.130952, 0.0753968)(-0.134921, 0.238095)(-0.154762, 0.396825)(-0.0753968, 0.5)(0.0833333, 0.484127)(0.111111, 0.40873)(0.111111, 0.257937)(0.0833333, 0.0952381)(0.047619, -0.0634921)(0.0238095, -0.22619)(0.031746, -0.376984)
				 (232, 246)(-0.0873016, -0.384921)(-0.15873, 0.452381)(0.146825, 0.484127)(0.162698, 0.460317)(0.0357143, -0.492063)(-0.0714286, -0.484127)
descriptor[i][.]=(246, 246)(-0.121495, -0.5)(0.00934579, -0.496032)(-0.439252, 0.5)(0.336449, 0.484127)
				 (246, 246)(-0.0515873, -0.5)(0.00396825, -0.496032)(-0.186508, 0.5)(0.142857, 0.484127)
				 (246, 246)(-0.0515873, -0.5)(-0.150794, -0.333333)(-0.178571, -0.138889)(-0.162698, 0.0595238)(-0.178571, 0.257937)(-0.210317, 0.456349)(-0.0436508, 0.480159)(-0.0753968, 0.301587)(0.00793651, 0.34127)(0.0912698, 0.480159)(0.170635, 0.396825)(0.0952381, 0.218254)(0.0357143, 0.0198413)(0.00793651, -0.178571)(-0.00396825, -0.361111)
				 (246, 246)(-0.031746, 0.230159)(0.0515873, 0.123016)(-0.0873016, 0.416667)(0.0119048, 0.329365)(0.138889, 0.373016)(-0.0277778, -0.293651)(-0.202381, 0.484127)(-0.0595238, 0.5)(-0.0873016, 0.416667)(0.0119048, 0.329365)(0.0357143, 0.480159)(0.210317, 0.448413)(0.138889, 0.373016)(0.0515873, 0.123016)(0.00396825, -0.253968)(0.0277778, -0.404762)(0.0119048, -0.488095)(-0.0515873, -0.5)(-0.0873016, -0.472222)(-0.170635, -0.309524)
descriptor[i][.]=(252, 246)(-0.130081, -0.5)(0.0162602, -0.496032)(-0.414634, 0.5)(0.373984, 0.484127)
				 (252, 246)(-0.0634921, -0.5)(0.00793651, -0.496032)(-0.202381, 0.5)(0.18254, 0.484127)
				 (252, 246)(-0.0634921, -0.5)(-0.154762, -0.325397)(-0.170635, -0.123016)(-0.154762, 0.0793651)(-0.186508, 0.277778)(-0.222222, 0.480159)(-0.0753968, 0.464286)(-0.0634921, 0.27381)(0.00396825, 0.297619)(0.107143, 0.484127)(0.222222, 0.384921)(0.103175, 0.234127)(0.0555556, 0.0357143)(0.015873, -0.170635)(0.00793651, -0.365079)
				 (252, 246)(-0.0436508, 0.190476)(0.0555556, 0.134921)(-0.107143, 0.424603)(0.162698, 0.373016)(-0.0238095, -0.309524)(-0.210317, 0.496032)(-0.0555556, 0.488095)(-0.107143, 0.424603)(0.0912698, 0.472222)(0.18254, 0.484127)(0.246032, 0.392857)(0.162698, 0.373016)(0.0595238, 0.138889)(-0.0198413, -0.305556)(0.015873, -0.492063)(-0.0634921, -0.5)
descriptor[i][.]=(256, 245)(-0.0708661, -0.488189)(0.0472441, -0.5)(-0.464567, 0.5)(0.401575, 0.472441)
				 (256, 245)(-0.0354331, -0.488189)(0.023622, -0.5)(-0.232283, 0.5)(0.200787, 0.472441)
				 (256, 245)(0.00393701, -0.5)(-0.102362, -0.346457)(-0.145669, -0.153543)(-0.133858, 0.0511811)(-0.161417, 0.248031)(-0.240157, 0.429134)(-0.102362, 0.496063)(-0.0669291, 0.334646)(0.011811, 0.291339)(0.0905512, 0.476378)(0.240157, 0.409449)(0.11811, 0.267717)(0.0629921, 0.0669291)(0.0393701, -0.137795)(0.00787402, -0.338583)
				 (256, 245)(-0.133858, 0.192913)(-0.023622, 0.220472)(0.0669291, 0.141732)(-0.122047, 0.433071)(0.165354, 0.397638)(-0.00393701, -0.311024)(-0.133858, 0.192913)(-0.248031, 0.401575)(-0.240157, 0.496063)(-0.110236, 0.5)(-0.122047, 0.433071)(0.0866142, 0.476378)(0.200787, 0.472441)(0.251969, 0.433071)(0.165354, 0.397638)(0.149606, 0.334646)(0.0748031, 0.153543)(0.0708661, 0.0551181)(0, -0.307087)(0.0551181, -0.385827)(0.0314961, -0.496063)(-0.0472441, -0.484252)
descriptor[i][.]=(259, 245)(-0.016, -0.486166)(0.08, -0.498024)(-0.392, 0.501976)(0.416, 0.486166)
				 (259, 245)(-0.00790514, -0.486166)(0.0395257, -0.498024)(-0.193676, 0.501976)(0.205534, 0.486166)
				 (259, 245)(0.0197628, -0.498024)(-0.0948617, -0.339921)(-0.126482, -0.146245)(-0.102767, 0.055336)(-0.13834, 0.241107)(-0.245059, 0.422925)(-0.0869565, 0.490119)(-0.0513834, 0.328063)(0.0237154, 0.351779)(0.130435, 0.478261)(0.185771, 0.422925)(0.118577, 0.237154)(0.0711462, 0.0395257)(0.0592885, -0.162055)(0.0316206, -0.347826)
				 (259, 245)(-0.0948617, 0.185771)(0, 0.249012)(0.0711462, 0.0474308)(-0.12253, 0.438735)(0.150198, 0.391304)(0.0158103, -0.316206)(-0.0948617, 0.185771)(-0.237154, 0.395257)(-0.201581, 0.498024)(-0.083004, 0.490119)(-0.0948617, 0.41502)(0.027668, 0.383399)(0.0632411, 0.482213)(0.249012, 0.462451)(0.15415, 0.371542)(0.0711462, 0.0474308)(0.0592885, -0.213439)(0.0197628, -0.312253)(0.0750988, -0.387352)(0.0632411, -0.486166)(-0.00790514, -0.486166)
descriptor[i][.]=(264, 246)(-0.0583333, -0.458167)(0.158333, -0.498008)(-0.333333, 0.501992)(0.5, 0.466135)
				 (264, 246)(-0.0278884, -0.458167)(0.0756972, -0.498008)(-0.159363, 0.501992)(0.239044, 0.466135)
				 (264, 246)(0.0478088, -0.498008)(-0.063745, -0.36255)(-0.10757, -0.179283)(-0.0956175, 0.0119522)(-0.0438247, 0.195219)(-0.187251, 0.334661)(-0.167331, 0.498008)(-0.063745, 0.386454)(0.0278884, 0.390438)(0.159363, 0.482072)(0.155378, 0.410359)(0.119522, 0.219124)(0.0956175, 0.0278884)(0.0836653, -0.163347)(0.0438247, -0.354582)
				 (264, 246)(-0.0438247, 0.207171)(0.00398406, 0.310757)(-0.0996016, 0.422311)(-0.219124, 0.36255)(-0.239044, 0.410359)(-0.167331, 0.498008)(-0.10757, 0.501992)(-0.0956175, 0.466135)(-0.0996016, 0.422311)(0.0557769, 0.478088)(0.239044, 0.466135)(0.0876494, -0.49004)(0.0159363, -0.494024)(-0.0996016, -0.322709)
descriptor[i][.]=(271, 242)(-0.0865385, -0.434263)(0.125, -0.498008)(-0.384615, 0.501992)(0.384615, 0.501992)
				 (271, 242)(-0.0358566, -0.434263)(0.0517928, -0.498008)(-0.159363, 0.501992)(0.159363, 0.501992)
				 (271, 242)(0.0398406, -0.498008)(-0.0478088, -0.354582)(-0.0996016, -0.183267)(-0.0836653, 0)(-0.0159363, 0.167331)(-0.0996016, 0.310757)(-0.187251, 0.426295)(-0.0836653, 0.47012)(0.0278884, 0.478088)(0.191235, 0.486056)(0.12749, 0.36255)(0.103586, 0.179283)(0.10757, 0)(0.0876494, -0.183267)(0.0677291, -0.346614)
				 (271, 242)(0, 0.207171)(-0.0278884, 0.40239)(-0.0358566, -0.366534)(-0.10757, 0.322709)(-0.10757, 0.322709)(-0.199203, 0.354582)(-0.167331, 0.498008)(-0.0956175, 0.501992)(0.0358566, 0.498008)(0.203187, 0.482072)(0.0916335, -0.466135)(-0.0358566, -0.434263)(-0.0398406, -0.38247)(-0.059761, -0.346614)
descriptor[i][.]=(280, 243)(-0.0493827, -0.485944)(0.197531, -0.497992)(-0.271605, 0.502008)(0.382716, 0.502008)
				 (280, 243)(-0.0160643, -0.485944)(0.064257, -0.497992)(-0.0883534, 0.502008)(0.124498, 0.502008)
				 (280, 243)(0.0522088, -0.497992)(-0.0522088, -0.413655)(-0.104418, -0.257028)(-0.0963855, -0.0923695)(-0.0481928, 0.0682731)(-0.0120482, 0.232932)(-0.140562, 0.349398)(-0.100402, 0.493976)(0.064257, 0.502008)(0.120482, 0.457831)(0.0923695, 0.301205)(0.116466, 0.140562)(0.108434, -0.0281124)(0.0763052, -0.192771)(0.060241, -0.349398)
				 (280, 243)(-0.0120482, 0.240964)(-0.0240964, 0.108434)(-0.0763052, 0.321285)(-0.0281124, 0.104418)(-0.0763052, 0.321285)(-0.15261, 0.413655)(-0.120482, 0.473896)(0.164659, 0.481928)(0.0883534, -0.465863)(-0.0160643, -0.485944)
descriptor[i][.]=(285, 244)(-0.0144928, -0.495968)(0.217391, -0.5)(-0.217391, 0.5)(0.42029, 0.5)
				 (285, 244)(-0.00403226, -0.495968)(0.0604839, -0.5)(-0.0604839, 0.5)(0.116935, 0.5)
				 (285, 244)(0.0483871, -0.5)(-0.0564516, -0.399194)(-0.108871, -0.254032)(-0.104839, -0.0927419)(-0.0483871, 0.0604839)(-0.0241935, 0.221774)(-0.104839, 0.346774)(-0.0927419, 0.475806)(0.0645161, 0.5)(0.0766129, 0.423387)(0.120968, 0.270161)(0.116935, 0.108871)(0.100806, -0.0524194)(0.0725806, -0.209677)(0.0564516, -0.362903)
				 (285, 244)(-0.0241935, 0.233871)(0.0766129, 0.342742)(0.0241935, -0.318548)(-0.0322581, 0.108871)(-0.0483871, 0.318548)(0.0766129, 0.427419)(-0.0887097, 0.016129)(-0.0362903, 0.104839)(-0.0241935, 0.233871)(-0.0483871, 0.314516)(-0.0725806, 0.326613)(-0.125, 0.354839)(-0.100806, 0.471774)(-0.0685484, 0.495968)(0.116935, 0.5)(0.0766129, 0.342742)(0.0362903, -0.302419)(0.0806452, -0.391129)(0.0766129, -0.491935)(-0.00403226, -0.495968)
descriptor[i][.]=(299, 243)(-0.0704225, -0.481928)(0.140845, -0.497992)(-0.225352, 0.502008)(0.225352, 0.502008)
				 (299, 243)(-0.0200803, -0.481928)(0.0401606, -0.497992)(-0.064257, 0.502008)(0.064257, 0.502008)
				 (299, 243)(0.0160643, -0.497992)(-0.0763052, -0.381526)(-0.140562, -0.240964)(-0.124498, -0.0883534)(-0.0803213, 0.060241)(-0.0682731, 0.208835)(-0.0923695, 0.361446)(-0.0562249, 0.502008)(0.0963855, 0.481928)(0.0963855, 0.345382)(0.144578, 0.200803)(0.0923695, 0.0562249)(0.064257, -0.0963855)(0.0361446, -0.24498)(0.0481928, -0.373494)
				 (299, 243)(-0.0562249, 0.120482)(0.0562249, 0.409639)(0, -0.309237)(-0.116466, 0.0120482)(-0.060241, 0.116466)(-0.100402, 0.413655)(-0.0763052, 0.493976)(0.064257, 0.502008)(0.144578, 0.208835)(0.0401606, -0.236948)(0.00401606, -0.305221)(0.0562249, -0.485944)(-0.0200803, -0.481928)
descriptor[i][.]=(315, 248)(-0.105882, -0.5)(0.0235294, -0.5)(-0.4, 0.46875)(0.294118, 0.5)
				 (315, 248)(-0.0351563, -0.5)(0.0078125, -0.5)(-0.132813, 0.46875)(0.0976563, 0.5)
				 (315, 248)(-0.0351563, -0.5)(-0.105469, -0.390625)(-0.160156, -0.246094)(-0.148438, -0.0820313)(-0.105469, 0.0742188)(-0.117188, 0.230469)(-0.144531, 0.390625)(-0.0546875, 0.46875)(0.101563, 0.496094)(0.105469, 0.402344)(0.105469, 0.242188)(0.0703125, 0.0820313)(0.0429688, -0.0742188)(0.0078125, -0.238281)(0.0117188, -0.382813)
				 (315, 248)(-0.105469, -0.382813)(-0.101563, 0.15625)(0.015625, 0.464844)(-0.105469, 0.152344)(-0.152344, 0.332031)(-0.148438, 0.453125)(0.015625, 0.464844)(0.0859375, 0.5)(0.167969, 0.457031)(0.0234375, -0.472656)
descriptor[i][.]=(329, 246)(-0.0952381, -0.498008)(0, -0.494024)(-0.466667, 0.486056)(0.390476, 0.49004)
				 (329, 246)(-0.0398406, -0.498008)(0, -0.494024)(-0.195219, 0.486056)(0.163347, 0.49004)
				 (329, 246)(-0.0398406, -0.498008)(-0.159363, -0.358566)(-0.191235, -0.163347)(-0.163347, 0.0278884)(-0.151394, 0.223108)(-0.195219, 0.418327)(-0.0756972, 0.486056)(-0.059761, 0.338645)(0.00398406, 0.398406)(0.123506, 0.498008)(0.131474, 0.40239)(0.0756972, 0.207171)(0.0557769, 0.0239044)(-0.00398406, -0.163347)(-0.0398406, -0.354582)
				 (329, 246)(-0.135458, 0.183267)(-0.0358566, 0.278884)(0.0278884, 0.0876494)(-0.143426, 0.059761)(-0.0876494, 0.414343)(0.131474, 0.406375)(-0.0517928, -0.318725)(-0.14741, 0.0557769)(-0.135458, 0.183267)(-0.207171, 0.374502)(-0.203187, 0.482072)(-0.059761, 0.486056)(-0.0398406, 0.458167)(-0.0876494, 0.414343)(0.0358566, 0.498008)(0.163347, 0.49004)(0.211155, 0.458167)(0.0318725, 0.0916335)(-0.0478088, -0.314741)(0.00398406, -0.406375)(0, -0.494024)(-0.0876494, -0.482072)(-0.187251, -0.318725)
descriptor[i][.]=(338, 246)(-0.0932203, -0.5)(0, -0.404762)(-0.474576, 0.484127)(0.322034, 0.5)
				 (338, 246)(-0.0436508, -0.5)(0, -0.404762)(-0.222222, 0.484127)(0.150794, 0.5)
				 (338, 246)(-0.0436508, -0.5)(-0.146825, -0.365079)(-0.190476, -0.178571)(-0.170635, 0.015873)(-0.15873, 0.202381)(-0.218254, 0.396825)(-0.123016, 0.484127)(-0.0833333, 0.325397)(0.015873, 0.40873)(0.166667, 0.484127)(0.146825, 0.404762)(0.0634921, 0.222222)(0.0515873, 0.0436508)(-0.00396825, -0.146825)(-0.0595238, -0.34127)
				 (338, 246)(-0.142857, 0.111111)(-0.0436508, 0.277778)(0.0277778, 0.138889)(-0.134921, -0.376984)(-0.119048, 0.40873)(0.126984, 0.396825)(-0.0634921, -0.31746)(-0.142857, 0.111111)(-0.234127, 0.412698)(-0.230159, 0.480159)(-0.0952381, 0.484127)(-0.119048, 0.40873)(0.0277778, 0.456349)(0.0833333, 0.496032)(0.22619, 0.464286)(0.234127, 0.43254)(0.126984, 0.396825)(0.0396825, 0.15873)(-0.0595238, -0.313492)(0, -0.396825)(-0.0119048, -0.488095)(-0.0396825, -0.5)(-0.0992063, -0.488095)(-0.138889, -0.400794)(-0.15873, -0.357143)(-0.190476, -0.305556)
descriptor[i][.]=(340, 247)(-0.05, -0.5)(0, -0.496094)(-0.466667, 0.472656)(0.383333, 0.5)
				 (340, 247)(-0.0234375, -0.5)(0, -0.496094)(-0.21875, 0.472656)(0.179688, 0.5)
				 (340, 247)(-0.0234375, -0.5)(-0.128906, -0.359375)(-0.164063, -0.171875)(-0.144531, 0.0195313)(-0.132813, 0.203125)(-0.222656, 0.378906)(-0.121094, 0.472656)(-0.0664063, 0.3125)(0.0234375, 0.410156)(0.167969, 0.5)(0.152344, 0.40625)(0.0742188, 0.230469)(0.0625, 0.0390625)(0.015625, -0.148438)(-0.03125, -0.339844)
				 (340, 247)(-0.113281, 0.175781)(-0.03125, 0.273438)(0.0429688, 0.132813)(-0.0976563, -0.390625)(-0.113281, 0.0625)(-0.117188, 0.410156)(0.132813, 0.394531)(-0.0351563, -0.316406)(-0.152344, 0.00390625)(-0.121094, 0.109375)(-0.113281, 0.175781)(-0.214844, 0.347656)(-0.234375, 0.429688)(-0.105469, 0.472656)(-0.117188, 0.410156)(0.046875, 0.480469)(0.167969, 0.5)(0.234375, 0.425781)(0.132813, 0.394531)(0.128906, 0.335938)(0.046875, 0.136719)(-0.0273438, -0.304688)(0.0195313, -0.394531)(-0.0078125, -0.5)(-0.0703125, -0.492188)(-0.132813, -0.359375)(-0.160156, -0.316406)
descriptor[i][.]=(341, 246)(-0.00854701, -0.494024)(0.0598291, -0.498008)(-0.384615, 0.486056)(0.487179, 0.501992)
				 (341, 246)(-0.00398406, -0.494024)(0.0278884, -0.498008)(-0.179283, 0.486056)(0.227092, 0.501992)
				 (341, 246)(0.00796813, -0.498008)(-0.0956175, -0.386454)(-0.139442, -0.203187)(-0.12749, -0.00796813)(-0.0756972, 0.171315)(-0.191235, 0.342629)(-0.163347, 0.486056)(-0.059761, 0.354582)(0.0278884, 0.418327)(0.183267, 0.501992)(0.14741, 0.418327)(0.0916335, 0.227092)(0.0717131, 0.0318725)(0.0517928, -0.159363)(0, -0.350598)
				 (341, 246)(-0.0756972, 0.183267)(-0.0199203, 0.302789)(0.0677291, 0.155378)(-0.0916335, -0.374502)(-0.0756972, 0.0836653)(-0.10757, 0.418327)(0.151394, 0.426295)(-0.0119522, -0.310757)(-0.0756972, 0.0836653)(-0.0756972, 0.183267)(-0.231076, 0.450199)(-0.0996016, 0.454183)(-0.10757, 0.418327)(0.0717131, 0.498008)(0.227092, 0.501992)(0.227092, 0.446215)(0.151394, 0.426295)(0.0756972, 0.167331)(0.0517928, -0.159363)(0.00398406, -0.290837)(0.0438247, -0.49004)(-0.0956175, -0.454183)(-0.0916335, -0.374502)(-0.131474, -0.326693)
descriptor[i][.]=(345, 246)(-0.0642202, -0.472222)(0.0917431, -0.5)(-0.357798, 0.484127)(0.477064, 0.492063)
				 (345, 246)(-0.0277778, -0.472222)(0.0396825, -0.5)(-0.154762, 0.484127)(0.206349, 0.492063)
				 (345, 246)(0.0396825, -0.5)(-0.0793651, -0.369048)(-0.119048, -0.194444)(-0.107143, -0.0119048)(-0.0357143, 0.154762)(-0.123016, 0.293651)(-0.186508, 0.440476)(-0.0753968, 0.392857)(0.0357143, 0.436508)(0.174603, 0.5)(0.138889, 0.388889)(0.0912698, 0.206349)(0.0833333, 0.0238095)(0.0674603, -0.15873)(0.0119048, -0.337302)
				 (345, 246)(-0.0277778, 0.202381)(-0.00793651, 0.345238)(-0.0396825, 0.107143)(-0.0952381, 0.412698)(-0.0396825, 0.107143)(-0.214286, 0.396825)(-0.162698, 0.480159)(-0.0952381, 0.412698)(-0.0119048, 0.349206)(0.0555556, 0.496032)(0.214286, 0.488095)(0.0515873, -0.492063)(-0.0277778, -0.472222)
descriptor[i][.]=(353, 244)(-0.0543478, -0.486275)(0.108696, -0.498039)(-0.347826, 0.470588)(0.478261, 0.501961)
				 (353, 244)(-0.0196078, -0.486275)(0.0392157, -0.498039)(-0.12549, 0.470588)(0.172549, 0.501961)
				 (353, 244)(0.027451, -0.498039)(-0.0705882, -0.380392)(-0.121569, -0.219608)(-0.105882, -0.0431373)(-0.0431373, 0.117647)(-0.0745098, 0.27451)(-0.160784, 0.403922)(-0.0627451, 0.4)(0.0196078, 0.486275)(0.180392, 0.482353)(0.109804, 0.341176)(0.0980392, 0.168627)(0.0784314, -0.00784314)(0.0588235, -0.184314)(0.027451, -0.34902)
				 (353, 244)(-0.0235294, 0.215686)(-0.0313725, 0.368627)(-0.0431373, 0.109804)(-0.0431373, 0.109804)(-0.180392, 0.34902)(-0.12549, 0.470588)(0.0392157, 0.498039)(0.172549, 0.501961)(0.054902, -0.486275)(-0.0196078, -0.486275)
descriptor[i][.]=(362, 245)(-0.0384615, -0.490119)(0.128205, -0.498024)(-0.179487, 0.482213)(0.448718, 0.501976)
				 (362, 245)(-0.0118577, -0.490119)(0.0395257, -0.498024)(-0.055336, 0.482213)(0.13834, 0.501976)
				 (362, 245)(0.0197628, -0.498024)(-0.0988142, -0.403162)(-0.134387, -0.252964)(-0.118577, -0.0909091)(-0.0750988, 0.0592885)(-0.0513834, 0.221344)(-0.150198, 0.343874)(-0.055336, 0.482213)(0.102767, 0.501976)(0.0750988, 0.418972)(0.083004, 0.256917)(0.0988142, 0.102767)(0.0750988, -0.0592885)(0.0316206, -0.217391)(0.027668, -0.363636)
				 (362, 245)(-0.0474308, 0.26087)(-0.0592885, 0.102767)(-0.114625, 0.0118577)(-0.0592885, 0.102767)(-0.0513834, 0.245059)(-0.142292, 0.335968)(-0.15415, 0.367589)(-0.0632411, 0.478261)(0.13834, 0.501976)(0.0474308, -0.494071)(-0.0118577, -0.490119)(-0.0948617, -0.434783)
descriptor[i][.]=(363, 244)(-0.0149254, -0.492188)(0.0895522, -0.5)(-0.0298507, 0.496094)(0.477612, 0.5)
				 (363, 244)(-0.00390625, -0.492188)(0.0234375, -0.5)(-0.0078125, 0.496094)(0.125, 0.5)
				 (363, 244)(0.0078125, -0.5)(-0.078125, -0.371094)(-0.121094, -0.222656)(-0.109375, -0.0664063)(-0.0664063, 0.0820313)(-0.046875, 0.234375)(-0.121094, 0.363281)(-0.015625, 0.484375)(0.132813, 0.492188)(0.0703125, 0.367188)(0.128906, 0.21875)(0.09375, 0.0625)(0.0742188, -0.09375)(0.0351563, -0.246094)(0.0585938, -0.386719)
				 (363, 244)(-0.0429688, 0.171875)(0.0664063, 0.304688)(0.00390625, -0.3125)(-0.0546875, 0.296875)(0.0742188, 0.433594)(-0.046875, 0.167969)(-0.121094, 0.359375)(-0.0078125, 0.496094)(0.125, 0.5)(0.0664063, 0.304688)(0.128906, 0.21875)(0.0078125, -0.308594)(0.0546875, -0.371094)(0.0703125, -0.484375)(0.0078125, -0.5)
descriptor[i][.]=(372, 244)(-0.0571429, -0.486275)(0.2, -0.498039)(-0.214286, 0.470588)(0.371429, 0.501961)
				 (372, 244)(-0.0156863, -0.486275)(0.054902, -0.498039)(-0.0588235, 0.470588)(0.101961, 0.501961)
				 (372, 244)(0.0352941, -0.498039)(-0.0823529, -0.407843)(-0.129412, -0.270588)(-0.12549, -0.117647)(-0.109804, 0.0313725)(-0.0705882, 0.180392)(-0.0705882, 0.333333)(-0.0431373, 0.47451)(0.101961, 0.501961)(0.0941176, 0.364706)(0.133333, 0.211765)(0.0941176, 0.0627451)(0.0627451, -0.0901961)(0.027451, -0.243137)(0.0392157, -0.372549)
				 (372, 244)(0.0862745, 0.380392)(-0.00784314, -0.321569)(-0.0705882, 0.458824)(0.101961, 0.501961)(0.0862745, 0.380392)(-0.00392157, -0.317647)(0.0431373, -0.372549)(0.0627451, -0.494118)(-0.0156863, -0.486275)
descriptor[i][.]=(386, 244)(-0.0238095, -0.498039)(0.0357143, -0.498039)(-0.0357143, 0.501961)(0.142857, 0.501961)
				 (386, 244)(-0.00784314, -0.498039)(0.0117647, -0.498039)(-0.0117647, 0.501961)(0.0470588, 0.501961)
				 (386, 244)(-0.00784314, -0.498039)(-0.109804, -0.388235)(-0.156863, -0.235294)(-0.156863, -0.0745098)(-0.121569, 0.0823529)(-0.121569, 0.239216)(-0.12549, 0.4)(-0.0470588, 0.498039)(0.101961, 0.482353)(0.101961, 0.396078)(0.109804, 0.247059)(0.0627451, 0.0901961)(0.0313725, -0.0705882)(0, -0.227451)(0.00784314, -0.364706)
				 (386, 244)(-0.12549, 0.478431)(0.164706, 0.466667)(0.0196078, -0.494118)(-0.0509804, -0.482353)
descriptor[i][.]=(394, 245)(-0.0888889, -0.5)(0.0222222, -0.5)(-0.244444, 0.5)(0.477778, 0.484252)
				 (394, 245)(-0.0314961, -0.5)(0.00787402, -0.5)(-0.0866142, 0.5)(0.169291, 0.484252)
				 (394, 245)(-0.0314961, -0.5)(-0.129921, -0.366142)(-0.173228, -0.212598)(-0.165354, -0.0472441)(-0.125984, 0.106299)(-0.133858, 0.26378)(-0.15748, 0.429134)(-0.0354331, 0.5)(0.122047, 0.484252)(0.129921, 0.389764)(0.106299, 0.23622)(0.0472441, 0.0787402)(0.019685, -0.0787402)(-0.011811, -0.244094)(0.011811, -0.38189)
				 (394, 245)(-0.153543, 0.472441)(0.169291, 0.484252)(0.023622, -0.492126)(-0.0314961, -0.5)(-0.0669291, -0.484252)(-0.165354, -0.318898)
descriptor[i][.]=(396, 243)(-0.182927, -0.46124)(0.0853659, -0.5)(-0.243902, 0.5)(0.414634, 0.484496)
				 (396, 243)(-0.0581395, -0.46124)(0.0271318, -0.5)(-0.0775194, 0.5)(0.131783, 0.484496)
				 (396, 243)(0.0193798, -0.5)(-0.0891473, -0.395349)(-0.158915, -0.25969)(-0.155039, -0.100775)(-0.135659, 0.0581395)(-0.116279, 0.213178)(-0.147287, 0.372093)(-0.0968992, 0.496124)(0.0503876, 0.48062)(0.127907, 0.426357)(0.104651, 0.267442)(0.0697674, 0.108527)(0.0387597, -0.0503876)(0.0155039, -0.209302)(0.0155039, -0.352713)
				 (396, 243)(-0.151163, 0.476744)(0.155039, 0.472868)(0.0348837, -0.496124)
descriptor[i][.]=(397, 245)(-0.0941176, -0.498024)(0.129412, -0.498024)(-0.4, 0.501976)(0.482353, 0.486166)
				 (397, 245)(-0.0316206, -0.498024)(0.0434783, -0.498024)(-0.134387, 0.501976)(0.162055, 0.486166)
				 (397, 245)(-0.0316206, -0.498024)(-0.106719, -0.363636)(-0.162055, -0.209486)(-0.142292, -0.0434783)(-0.102767, 0.12253)(-0.12253, 0.29249)(-0.158103, 0.458498)(-0.0197628, 0.498024)(0.13834, 0.482213)(0.118577, 0.355731)(0.0948617, 0.189723)(0.0592885, 0.0197628)(0.0671937, -0.0869565)(0.0316206, -0.252964)(0.0513834, -0.403162)
				 (397, 245)(-0.0948617, 0.177866)(0.027668, 0.466403)(0.0592885, 0.0197628)(0.00395257, -0.324111)(-0.0711462, -0.391304)(0.0513834, -0.110672)(-0.102767, 0.166008)(-0.162055, 0.486166)(-0.00790514, 0.501976)(0.027668, 0.466403)(0.162055, 0.486166)(0.0711462, 0.0395257)(0.12253, -0.0118577)(0.055336, -0.106719)(0.0513834, -0.494071)(-0.0316206, -0.498024)(-0.0869565, -0.450593)(-0.142292, -0.328063)
descriptor[i][.]=(397, 243)(-0.0689655, -0.484496)(0.0574713, -0.5)(-0.390805, 0.5)(0.482759, 0.484496)
				 (397, 243)(-0.0232558, -0.484496)(0.0193798, -0.5)(-0.131783, 0.5)(0.162791, 0.484496)
				 (397, 243)(0.0155039, -0.5)(-0.0697674, -0.383721)(-0.158915, -0.244186)(-0.135659, -0.0736434)(-0.108527, 0.0968992)(-0.112403, 0.267442)(-0.158915, 0.44186)(-0.0232558, 0.496124)(0.131783, 0.48062)(0.120155, 0.360465)(0.0930233, 0.193798)(0.0658915, 0.0232558)(0.158915, -0.0620155)(0.0542636, -0.182171)(0.0348837, -0.348837)
				 (397, 243)(-0.0891473, 0.174419)(0.0620155, 0)(0.0503876, -0.139535)(-0.0697674, -0.372093)(0.0697674, -0.0426357)(0.0193798, -0.329457)(-0.0930233, 0.170543)(-0.158915, 0.46124)(-0.139535, 0.496124)(0.162791, 0.484496)(0.0658915, 0.00387597)(0.158915, -0.0426357)(0.0193798, -0.329457)(0.0503876, -0.368217)(0.0620155, -0.468992)(0.0193798, -0.5)(-0.0736434, -0.422481)(-0.120155, -0.337209)(-0.143411, -0.310078)
descriptor[i][.]=(405, 244)(-0.0642202, -0.5)(0.0275229, -0.496094)(-0.412844, 0.484375)(0.293578, 0.484375)
				 (405, 244)(-0.0273438, -0.5)(0.0117188, -0.496094)(-0.175781, 0.484375)(0.125, 0.484375)
				 (405, 244)(-0.0273438, -0.5)(-0.113281, -0.359375)(-0.210938, -0.207031)(-0.15625, -0.0546875)(-0.132813, 0.125)(-0.15625, 0.304688)(-0.1875, 0.476563)(-0.0117188, 0.480469)(0.109375, 0.453125)(0.0859375, 0.269531)(0.0585938, 0.0898438)(0.046875, -0.09375)(0.210938, -0.15625)(0.0625, -0.191406)(0.0117188, -0.367188)
				 (405, 244)(-0.121094, 0.191406)(0.046875, -0.0976563)(0.0625, -0.191406)(-0.0820313, -0.378906)(-0.152344, -0.125)(0.00390625, -0.339844)(-0.199219, -0.144531)(-0.152344, -0.125)(-0.125, 0.1875)(-0.195313, 0.460938)(0.125, 0.484375)(0.210938, -0.152344)(0.0625, -0.191406)(0.0351563, -0.308594)(0.0273438, -0.378906)(0.0390625, -0.476563)(-0.0429688, -0.496094)(-0.09375, -0.4375)(-0.148438, -0.34375)
descriptor[i][.]=(408, 242)(-0.0852713, -0.498069)(0, -0.486486)(-0.302326, 0.501931)(0.224806, 0.486486)
				 (408, 242)(-0.042471, -0.498069)(0, -0.486486)(-0.150579, 0.501931)(0.111969, 0.486486)
				 (408, 242)(-0.042471, -0.498069)(-0.135135, -0.343629)(-0.243243, -0.177606)(-0.169884, -0.019305)(-0.142857, 0.185328)(-0.169884, 0.3861)(-0.0772201, 0.501931)(-0.03861, 0.409266)(0.111969, 0.486486)(0.0656371, 0.301158)(0.0501931, 0.100386)(0.042471, -0.100386)(0.208494, -0.200772)(0.158301, -0.247104)(0.011583, -0.335907)
				 (408, 242)(-0.158301, -0.0888031)(-0.0656371, 0.374517)(0.042471, -0.119691)(0.0965251, -0.223938)(-0.0810811, -0.370656)(0.003861, -0.34749)(-0.239382, -0.166023)(-0.181467, 0.451737)(-0.158301, 0.498069)(-0.0694981, 0.501931)(0.111969, 0.486486)(0.119691, -0.135135)(0.212355, -0.200772)(0.250965, -0.281853)(0.189189, -0.281853)(0.0540541, -0.301158)(0.027027, -0.471042)(-0.03861, -0.498069)(-0.0926641, -0.42471)(-0.146718, -0.339768)
