side_boxDescr8.dat
size1 35
size3 36
beh_type.id 15
sizes[]=41 45 44 49 47 44 43 38 39 43 45 45 43 44 40 44 41 41 40 42 48 50 44 45 41 44 41 40 42 41 43 42 44 44 44 
thresholds[]=0.16 0.16 0.16 0.16 0.16 0.16 0.16 0.16 0.16 0.16 0.16 0.16 0.16 0.16 0.16 0.16 0.16 0.16 0.16 0.16 0.16 0.16 0.16 0.16 0.16 0.16 0.16 0.16 0.16 0.16 0.16 0.16 0.16 0.16 0.16 
map[0][.]=0 1 0 0 0 0 0 0 0 0 0 0 0 0 0 0 0 0 0 0 0 0 0 0 0 0 0 0 0 0 0 0 0 0 0 0 
map[1][.]=0 0 1 0 0 0 0 0 0 0 0 0 0 0 0 0 0 0 0 0 0 0 0 0 0 0 0 0 0 0 0 0 0 0 0 0 
map[2][.]=0 0 0 1 0 0 0 0 0 0 0 0 0 0 0 0 0 0 0 0 0 0 0 0 0 0 0 0 0 0 0 0 0 0 0 0 
map[3][.]=0 0 0 0 1 0 0 0 0 0 0 0 0 0 0 0 0 0 0 0 0 0 0 0 0 0 0 0 0 0 0 0 0 0 0 0 
map[4][.]=0 0 0 0 0 1 0 0 0 0 0 0 0 0 0 0 0 0 0 0 0 0 0 0 0 0 0 0 0 0 0 0 0 0 0 0 
map[5][.]=0 0 0 0 0 0 1 0 0 0 0 0 0 0 0 0 0 0 0 0 0 0 0 0 0 0 0 0 0 0 0 0 0 0 0 0 
map[6][.]=0 0 0 0 0 0 0 1 0 0 0 0 0 0 0 0 0 0 0 0 0 0 0 0 0 0 0 0 0 0 0 0 0 0 0 0 
map[7][.]=0 0 0 0 0 0 0 0 1 0 0 0 0 0 0 0 0 0 0 0 0 0 0 0 0 0 0 0 0 0 0 0 0 0 0 0 
map[8][.]=0 0 0 0 0 0 0 0 0 1 0 0 0 0 0 0 0 0 0 0 0 0 0 0 0 0 0 0 0 0 0 0 0 0 0 0 
map[9][.]=0 0 0 0 0 0 0 0 0 0 1 0 0 0 0 0 0 0 0 0 0 0 0 0 0 0 0 0 0 0 0 0 0 0 0 0 
map[10][.]=0 0 0 0 0 0 0 0 0 0 0 1 0 0 0 0 0 0 0 0 0 0 0 0 0 0 0 0 0 0 0 0 0 0 0 0 
map[11][.]=0 0 0 0 0 0 0 0 0 0 0 0 1 0 0 0 0 0 0 0 0 0 0 0 0 0 0 0 0 0 0 0 0 0 0 0 
map[12][.]=0 0 0 0 0 0 0 0 0 0 0 0 0 1 0 0 0 0 0 0 0 0 0 0 0 0 0 0 0 0 0 0 0 0 0 0 
map[13][.]=0 0 0 0 0 0 0 0 0 0 0 0 0 0 1 0 0 0 0 0 0 0 0 0 0 0 0 0 0 0 0 0 0 0 0 0 
map[14][.]=0 0 0 0 0 0 0 0 0 0 0 0 0 0 0 1 0 0 0 0 0 0 0 0 0 0 0 0 0 0 0 0 0 0 0 0 
map[15][.]=0 0 0 0 0 0 0 0 0 0 0 0 0 0 0 0 1 0 0 0 0 0 0 0 0 0 0 0 0 0 0 0 0 0 0 0 
map[16][.]=0 0 0 0 0 0 0 0 0 0 0 0 0 0 0 0 0 1 0 0 0 0 0 0 0 0 0 0 0 0 0 0 0 0 0 0 
map[17][.]=0 0 0 0 0 0 0 0 0 0 0 0 0 0 0 0 0 0 1 0 0 0 0 0 0 0 0 0 0 0 0 0 0 0 0 0 
map[18][.]=0 0 0 0 0 0 0 0 0 0 0 0 0 0 0 0 0 0 0 1 0 0 0 0 0 0 0 0 0 0 0 0 0 0 0 0 
map[19][.]=0 0 0 0 0 0 0 0 0 0 0 0 0 0 0 0 0 0 0 0 1 0 0 0 0 0 0 0 0 0 0 0 0 0 0 0 
map[20][.]=0 0 0 0 0 0 0 0 0 0 0 0 0 0 0 0 0 0 0 0 0 1 0 0 0 0 0 0 0 0 0 0 0 0 0 0 
map[21][.]=0 0 0 0 0 0 0 0 0 0 0 0 0 0 0 0 0 0 0 0 0 0 1 0 0 0 0 0 0 0 0 0 0 0 0 0 
map[22][.]=0 0 0 0 0 0 0 0 0 0 0 0 0 0 0 0 0 0 0 0 0 0 0 1 0 0 0 0 0 0 0 0 0 0 0 0 
map[23][.]=0 0 0 0 0 0 0 0 0 0 0 0 0 0 0 0 0 0 0 0 0 0 0 0 1 0 0 0 0 0 0 0 0 0 0 0 
map[24][.]=0 0 0 0 0 0 0 0 0 0 0 0 0 0 0 0 0 0 0 0 0 0 0 0 0 1 0 0 0 0 0 0 0 0 0 0 
map[25][.]=0 0 0 0 0 0 0 0 0 0 0 0 0 0 0 0 0 0 0 0 0 0 0 0 0 0 1 0 0 0 0 0 0 0 0 0 
map[26][.]=0 0 0 0 0 0 0 0 0 0 0 0 0 0 0 0 0 0 0 0 0 0 0 0 0 0 0 1 0 0 0 0 0 0 0 0 
map[27][.]=0 0 0 0 0 0 0 0 0 0 0 0 0 0 0 0 0 0 0 0 0 0 0 0 0 0 0 0 1 0 0 0 0 0 0 0 
map[28][.]=0 0 0 0 0 0 0 0 0 0 0 0 0 0 0 0 0 0 0 0 0 0 0 0 0 0 0 0 0 1 0 0 0 0 0 0 
map[29][.]=0 0 0 0 0 0 0 0 0 0 0 0 0 0 0 0 0 0 0 0 0 0 0 0 0 0 0 0 0 0 1 0 0 0 0 0 
map[30][.]=0 0 0 0 0 0 0 0 0 0 0 0 0 0 0 0 0 0 0 0 0 0 0 0 0 0 0 0 0 0 0 1 0 0 0 0 
map[31][.]=0 0 0 0 0 0 0 0 0 0 0 0 0 0 0 0 0 0 0 0 0 0 0 0 0 0 0 0 0 0 0 0 1 0 0 0 
map[32][.]=0 0 0 0 0 0 0 0 0 0 0 0 0 0 0 0 0 0 0 0 0 0 0 0 0 0 0 0 0 0 0 0 0 1 0 0 
map[33][.]=0 0 0 0 0 0 0 0 0 0 0 0 0 0 0 0 0 0 0 0 0 0 0 0 0 0 0 0 0 0 0 0 0 0 1 0 
map[34][.]=0 0 0 0 0 0 0 0 0 0 0 0 0 0 0 0 0 0 0 0 0 0 0 0 0 0 0 0 0 0 0 0 0 0 0 1 
map[35][.]=0 0 0 0 0 0 0 0 0 0 0 0 0 0 0 0 0 0 0 0 0 0 0 0 0 0 0 0 0 0 0 0 0 0 0 0 
isLast[.]=false false false false false false false false false false false false false false false false false false false false false false false false false false false false false false false false false false false true 
descriptor[i][.]=(248, 269)(-0.474359, -0.356643)(0.384615, -0.5)(-1, -1)(0.391026, 0.5)
				 (248, 269)(-0.258741, -0.356643)(0.20979, -0.5)(-1, -1)(0.213287, 0.5)
				 (248, 269)(0.0909091, -0.5)(0.0384615, -0.356643)(-0.153846, -0.356643)(-0.22028, -0.318182)(-0.0314685, -0.258741)(0.0244755, -0.0664336)(0.0594406, 0.104895)(0.101399, 0.300699)(0.0594406, 0.447552)(0.181818, 0.5)(0.223776, 0.346154)(0.202797, 0.15035)(0.251748, -0.0384615)(0.258741, -0.234266)(0.230769, -0.426573)
				 (248, 269)(-0.00699301, -0.230769)(0.0874126, -0.363636)(-0.174825, -0.325175)(0.132867, 0.384615)(-0.174825, -0.325175)(-0.00699301, -0.230769)(0.122378, 0.374126)(0.0384615, 0.458042)(0.213287, 0.5)(0.216783, -0.496503)(0.0909091, -0.5)(0.0699301, -0.468531)(0.0664336, -0.426573)(-0.251748, -0.36014)
descriptor[i][.]=(250, 267)(-0.480769, -0.351724)(0.365385, -0.5)(-1, -1)(0.391026, 0.5)
				 (250, 267)(-0.258621, -0.351724)(0.196552, -0.5)(-1, -1)(0.210345, 0.5)
				 (250, 267)(0.189655, -0.5)(0.0586207, -0.42069)(-0.0241379, -0.317241)(-0.217241, -0.355172)(-0.165517, -0.296552)(-0.0206897, -0.17931)(0.0551724, -0.0172414)(0.062069, 0.172414)(0.117241, 0.365517)(0.0862069, 0.489655)(0.217241, 0.437931)(0.206897, 0.244828)(0.196552, 0.0551724)(0.268966, -0.131034)(0.234483, -0.32069)
				 (250, 267)(0.0586207, -0.0137931)(0.17931, 0.127586)(0.0793103, -0.344828)(-0.0275862, -0.213793)(0.124138, 0.406897)(-0.0689655, -0.310345)(-0.00689655, -0.0517241)(0.0517241, 0.0275862)(0.0448276, 0.458621)(0.210345, 0.5)(0.17931, 0.127586)(0.203448, -0.496552)(0.0827586, -0.486207)(0.0551724, -0.441379)(0.0793103, -0.344828)(-0.0689655, -0.310345)(-0.189655, -0.351724)(-0.251724, -0.355172)
descriptor[i][.]=(251, 268)(-0.473684, -0.348432)(0.368421, -0.498258)(-1, -1)(0.388158, 0.501742)
				 (251, 268)(-0.250871, -0.348432)(0.195122, -0.498258)(-1, -1)(0.205575, 0.501742)
				 (251, 268)(0.0836237, -0.498258)(0.0592334, -0.344948)(-0.125436, -0.33101)(-0.226481, -0.317073)(-0.0452962, -0.219512)(0.00348432, -0.0418118)(0.0592334, 0.111498)(0.0940767, 0.299652)(0.0452962, 0.449477)(0.188153, 0.501742)(0.212544, 0.33101)(0.1777, 0.139373)(0.236934, -0.0487805)(0.247387, -0.240418)(0.216028, -0.432056)
				 (251, 268)(0.0557491, -0.0209059)(0.1777, 0.121951)(0.0766551, -0.348432)(-0.0243902, -0.202091)(0.118467, 0.41115)(-0.0592334, -0.303136)(-0.0174216, -0.0522648)(0.0383275, 0.452962)(0.0836237, 0.498258)(0.205575, 0.501742)(0.1777, 0.121951)(0.219512, -0.463415)(0.202091, -0.494774)(0.0836237, -0.498258)(0.0766551, -0.348432)(-0.0592334, -0.303136)(-0.226481, -0.362369)
descriptor[i][.]=(253, 268)(-0.475177, -0.350694)(0.390071, -0.479167)(-1, -1)(0.411348, 0.5)
				 (253, 268)(-0.232639, -0.350694)(0.190972, -0.479167)(-1, -1)(0.201389, 0.5)
				 (253, 268)(0.111111, -0.5)(0.0833333, -0.357639)(-0.0972222, -0.309028)(-0.229167, -0.315972)(-0.0590278, -0.208333)(-0.00694444, -0.0381944)(0.0520833, 0.107639)(0.09375, 0.291667)(0.0555556, 0.440972)(0.15625, 0.5)(0.197917, 0.361111)(0.173611, 0.177083)(0.211806, -0.00694444)(0.236111, -0.190972)(0.204861, -0.378472)
				 (253, 268)(0.0520833, -0.0138889)(0.170139, 0.121528)(-0.0208333, -0.295139)(-0.0347222, -0.197917)(0.114583, 0.413194)(0.0868056, -0.364583)(-0.0347222, -0.197917)(-0.0243056, -0.0520833)(0.0381944, 0.0208333)(0.0625, 0.4375)(0.0243056, 0.458333)(0.0763889, 0.496528)(0.201389, 0.5)(0.170139, 0.121528)(0.246528, -0.107639)(0.208333, -0.465278)(0.114583, -0.5)(0.0729167, -0.493056)(0.0555556, -0.465278)(0.03125, -0.333333)(-0.0138889, -0.302083)(-0.197917, -0.361111)
descriptor[i][.]=(262, 269)(-0.483051, -0.353147)(0.389831, -0.48951)(-1, -1)(0.415254, 0.5)
				 (262, 269)(-0.199301, -0.353147)(0.160839, -0.48951)(-1, -1)(0.171329, 0.5)
				 (262, 269)(0.034965, -0.5)(0.027972, -0.335664)(-0.129371, -0.346154)(-0.132867, -0.283217)(-0.041958, -0.125874)(0.00699301, 0.0174825)(0.034965, 0.199301)(0.0804196, 0.374126)(0.0454545, 0.493007)(0.174825, 0.454545)(0.171329, 0.272727)(0.146853, 0.101399)(0.206294, -0.0769231)(0.185315, -0.255245)(0.178322, -0.437063)
				 (262, 269)(0.0104895, -0.0244755)(0.13986, 0.118881)(0.027972, -0.335664)(-0.0454545, -0.174825)(0.0839161, 0.412587)(-0.0804196, -0.300699)(-0.0909091, -0.202797)(-0.0524476, -0.178322)(-0.048951, -0.0559441)(0.027972, 0.437063)(0.00699301, 0.454545)(0.0454545, 0.496503)(0.171329, 0.5)(0.13986, 0.118881)(0.206294, -0.0699301)(0.167832, -0.486014)(0.034965, -0.5)(-0.0454545, -0.335664)(-0.122378, -0.342657)(-0.171329, -0.363636)
descriptor[i][.]=(264, 267)(-0.447619, -0.337931)(0.228571, -0.5)(-1, -1)(0.419048, 0.5)
				 (264, 267)(-0.162069, -0.337931)(0.0827586, -0.5)(-1, -1)(0.151724, 0.5)
				 (264, 267)(0.0724138, -0.5)(0.037931, -0.37931)(-0.0758621, -0.334483)(-0.127586, -0.282759)(-0.0448276, -0.131034)(0.00689655, 0.0137931)(0.0275862, 0.189655)(0.0724138, 0.362069)(0.0344828, 0.472414)(0.168966, 0.468966)(0.165517, 0.296552)(0.131034, 0.131034)(0.182759, -0.0413793)(0.168966, -0.213793)(0.168966, -0.386207)
				 (264, 267)(0.00344828, -0.0137931)(0.0241379, -0.317241)(-0.0448276, -0.162069)(0.0724138, 0.365517)(0.0517241, -0.365517)(-0.0413793, -0.0344828)(0.00344828, 0.451724)(0.037931, 0.496552)(0.151724, 0.5)(0.155172, -0.475862)(0.0827586, -0.5)(0.0241379, -0.493103)(0.00689655, -0.444828)(0.0241379, -0.389655)(0.0241379, -0.32069)(-0.0344828, -0.337931)(-0.141379, -0.344828)
descriptor[i][.]=(266, 265)(-0.473684, -0.353741)(0.421053, -0.5)(-0.0105263, 0.465986)(0.452632, 0.5)
				 (266, 265)(-0.153061, -0.353741)(0.136054, -0.5)(-0.00340136, 0.465986)(0.146259, 0.5)
				 (266, 265)(0.122449, -0.5)(0.00340136, -0.418367)(-0.0340136, -0.306122)(-0.156463, -0.316327)(-0.0510204, -0.180272)(-0.0238095, -0.0238095)(0.0170068, 0.14966)(0.0578231, 0.319728)(-0.00680272, 0.455782)(0.139456, 0.5)(0.156463, 0.340136)(0.12585, 0.170068)(0.159864, 0)(0.146259, -0.173469)(0.142857, -0.343537)
				 (266, 265)(0.0340136, -0.333333)(0.0714286, 0.367347)(-0.037415, -0.306122)(0.0612245, 0.421769)(0.0340136, -0.333333)(-0.037415, -0.306122)(-0.0782313, -0.343537)(-0.153061, -0.353741)(0.0680272, 0.363946)(0.0612245, 0.418367)(0.0204082, 0.435374)(-0.00680272, 0.455782)(0.0306122, 0.496599)(0.146259, 0.5)(0.142857, -0.496599)(0.0306122, -0.482993)
descriptor[i][.]=(251, 266)(-0.464, -0.381443)(0.432, -0.498282)(-1, -1)(0.472, 0.501718)
				 (251, 266)(-0.199313, -0.381443)(0.185567, -0.498282)(-1, -1)(0.202749, 0.501718)
				 (251, 266)(0.185567, -0.498282)(0.0549828, -0.419244)(-0.0515464, -0.353952)(-0.213058, -0.350515)(-0.0412371, -0.278351)(0.0103093, -0.120275)(0.0446735, 0.04811)(0.0859107, 0.230241)(0.116838, 0.412371)(0.116838, 0.501718)(0.206186, 0.405498)(0.178694, 0.226804)(0.19244, 0.0412371)(0.199313, -0.137457)(0.199313, -0.319588)
				 (251, 266)(0.0343643, -0.195876)(0.0687285, -0.357388)(-0.14433, -0.340206)(0.120275, 0.357388)(0.116838, 0.353952)(0.0412371, 0.457045)(0.0824742, 0.498282)(0.202749, 0.501718)(0.199313, -0.491409)(0.0756014, -0.484536)(0.0515464, -0.450172)
descriptor[i][.]=(245, 268)(-0.485507, -0.378472)(0.456522, -0.482639)(-1, -1)(0.471014, 0.5)
				 (245, 268)(-0.232639, -0.378472)(0.21875, -0.482639)(-1, -1)(0.225694, 0.5)
				 (245, 268)(0.09375, -0.5)(0.0104167, -0.378472)(-0.177083, -0.381944)(-0.142361, -0.336806)(0.0277778, -0.25)(0.0381944, -0.0625)(0.0833333, 0.111111)(0.128472, 0.298611)(0.0729167, 0.451389)(0.229167, 0.496528)(0.232639, 0.3125)(0.194444, 0.125)(0.236111, -0.0625)(0.225694, -0.243056)(0.232639, -0.427083)
				 (245, 268)(0.0277778, -0.256944)(0.0729167, -0.381944)(-0.0972222, -0.329861)(0.142361, 0.371528)(-0.0972222, -0.329861)(0.0243056, -0.180556)(0.138889, 0.368056)(0.0625, 0.458333)(0.225694, 0.5)(0.225694, -0.479167)(0.111111, -0.5)(-0.152778, -0.385417)
descriptor[i][.]=(245, 268)(-0.471014, -0.369338)(0.442029, -0.494774)(-1, -1)(0.471014, 0.501742)
				 (245, 268)(-0.226481, -0.369338)(0.212544, -0.494774)(-1, -1)(0.226481, 0.501742)
				 (245, 268)(0.101045, -0.498258)(0.0139373, -0.369338)(-0.174216, -0.376307)(-0.15331, -0.337979)(0.0243902, -0.25784)(0.0313589, -0.0731707)(0.0801394, 0.114983)(0.121951, 0.303136)(0.0696864, 0.449477)(0.222997, 0.501742)(0.236934, 0.320557)(0.195122, 0.132404)(0.240418, -0.0522648)(0.226481, -0.240418)(0.233449, -0.425087)
				 (245, 268)(0.0348432, -0.236934)(0.0662021, -0.379791)(-0.0766551, -0.317073)(0.139373, 0.365854)(-0.0766551, -0.317073)(0.0209059, -0.146341)(0.132404, 0.355401)(0.0627178, 0.456446)(0.118467, 0.498258)(0.226481, 0.501742)(0.240418, -0.0418118)(0.222997, -0.487805)(0.101045, -0.498258)(0.0627178, -0.470383)(0.0662021, -0.379791)(-0.219512, -0.372822)
descriptor[i][.]=(246, 265)(-0.481481, -0.334471)(0.42963, -0.498294)(-1, -1)(0.481481, 0.501706)
				 (246, 265)(-0.221843, -0.334471)(0.197952, -0.498294)(-1, -1)(0.221843, 0.501706)
				 (246, 265)(0.194539, -0.498294)(0.0682594, -0.426621)(-0.0307167, -0.331058)(-0.21843, -0.334471)(-0.0750853, -0.269625)(0.0273038, -0.146758)(0.0511945, 0.0273038)(0.0887372, 0.215017)(0.12628, 0.399317)(0.119454, 0.501706)(0.225256, 0.423208)(0.197952, 0.242321)(0.197952, 0.0546075)(0.204778, -0.129693)(0.204778, -0.317406)
				 (246, 265)(0.0375427, -0.177474)(0.133106, -0.457338)(0.0716724, -0.348123)(-0.0307167, -0.262799)(0.129693, 0.361775)(0.0170648, -0.194539)(0.0238908, -0.143345)(0.119454, 0.34471)(0.0580205, 0.460751)(0.0989761, 0.498294)(0.221843, 0.501706)(0.232082, -0.0307167)(0.211604, -0.488055)(0.136519, -0.460751)(0.102389, -0.477816)(0.0614334, -0.412969)(-0.187713, -0.348123)(-0.221843, -0.334471)
descriptor[i][.]=(248, 268)(-0.465649, -0.34375)(0.312977, -0.493056)(-1, -1)(0.480916, 0.5)
				 (248, 268)(-0.211806, -0.34375)(0.142361, -0.493056)(-1, -1)(0.21875, 0.5)
				 (248, 268)(0.0833333, -0.5)(0.0486111, -0.354167)(-0.135417, -0.350694)(-0.15625, -0.309028)(0.0138889, -0.215278)(0.03125, -0.0381944)(0.0694444, 0.145833)(0.107639, 0.329861)(0.0381944, 0.461806)(0.211806, 0.5)(0.222222, 0.329861)(0.180556, 0.145833)(0.225694, -0.0347222)(0.211806, -0.21875)(0.21875, -0.402778)
				 (248, 268)(0.0277778, -0.190972)(0.0763889, -0.361111)(-0.135417, -0.309028)(0.128472, 0.378472)(-0.0381944, -0.333333)(-0.208333, -0.291667)(-0.135417, -0.309028)(0.0277778, -0.190972)(0.125, 0.375)(0.0381944, 0.458333)(0.21875, 0.5)(0.211806, -0.454861)(0.0833333, -0.5)(0.0520833, -0.430556)(0.0763889, -0.361111)(-0.0347222, -0.336806)(-0.15625, -0.354167)(-0.204861, -0.347222)
descriptor[i][.]=(254, 266)(-0.487179, -0.315068)(0.222222, -0.5)(-1, -1)(0.487179, 0.5)
				 (254, 266)(-0.195205, -0.315068)(0.0890411, -0.5)(-1, -1)(0.195205, 0.5)
				 (254, 266)(0.0719178, -0.5)(0.0753425, -0.34589)(-0.0993151, -0.318493)(-0.150685, -0.277397)(0.010274, -0.171233)(0.0308219, -0.00342466)(0.0445205, 0.171233)(0.0924658, 0.349315)(0.0582192, 0.472603)(0.202055, 0.479452)(0.195205, 0.30137)(0.160959, 0.123288)(0.202055, -0.0547945)(0.191781, -0.232877)(0.19863, -0.407534)
				 (254, 266)(0.010274, -0.174658)(0.0753425, -0.34589)(-0.106164, -0.267123)(0.10274, 0.373288)(-0.0239726, -0.308219)(-0.106164, -0.267123)(0.0924658, 0.359589)(0.0308219, 0.455479)(0.0719178, 0.496575)(0.195205, 0.5)(0.188356, -0.462329)(0.0890411, -0.5)(0.0342466, -0.452055)(0.0753425, -0.34589)(-0.0239726, -0.308219)(-0.181507, -0.321918)
descriptor[i][.]=(259, 267)(-0.486486, -0.317241)(0.387387, -0.486207)(-1, -1)(0.468468, 0.5)
				 (259, 267)(-0.186207, -0.317241)(0.148276, -0.486207)(-1, -1)(0.17931, 0.5)
				 (259, 267)(0.0482759, -0.5)(0.0586207, -0.348276)(-0.113793, -0.324138)(-0.117241, -0.272414)(-0.0137931, -0.127586)(0.0103448, 0.0310345)(0.0413793, 0.206897)(0.0862069, 0.37931)(0.062069, 0.489655)(0.182759, 0.444828)(0.168966, 0.275862)(0.144828, 0.106897)(0.182759, -0.0689655)(0.175862, -0.244828)(0.182759, -0.417241)
				 (259, 267)(-0.0103448, -0.165517)(0.0551724, -0.341379)(-0.106897, -0.268966)(0.0862069, 0.365517)(0, -0.310345)(-0.186207, -0.282759)(-0.106897, -0.268966)(-0.0206897, -0.0758621)(0.0827586, 0.362069)(0.0172414, 0.451724)(0.0551724, 0.486207)(0.17931, 0.5)(0.193103, 0.334483)(0.165517, -0.475862)(0.0482759, -0.5)(0.0551724, -0.341379)(0.00344828, -0.313793)
descriptor[i][.]=(260, 266)(-0.481132, -0.32646)(0.415094, -0.4811)(-1, -1)(0.481132, 0.501718)
				 (260, 266)(-0.175258, -0.32646)(0.151203, -0.4811)(-1, -1)(0.175258, 0.501718)
				 (260, 266)(0.04811, -0.498282)(0.0618557, -0.33677)(-0.0962199, -0.323024)(-0.123711, -0.264605)(-0.0206186, -0.109966)(0.0103093, 0.04811)(0.0446735, 0.219931)(0.0824742, 0.38488)(0.0515464, 0.494845)(0.178694, 0.460481)(0.175258, 0.285223)(0.140893, 0.109966)(0.178694, -0.0618557)(0.178694, -0.237113)(0.178694, -0.412371)
				 (260, 266)(0.0137457, -0.0137457)(0.0274914, -0.292096)(-0.0412371, -0.178694)(0.0824742, 0.37457)(0.0618557, -0.333333)(-0.0412371, -0.178694)(0.0103093, 0.460481)(0.0515464, 0.498282)(0.175258, 0.501718)(0.178694, -0.415808)(0.158076, -0.477663)(0.04811, -0.498282)(-0.123711, -0.33677)
descriptor[i][.]=(255, 266)(-0.474576, -0.328767)(0.211864, -0.5)(-1, -1)(0.466102, 0.5)
				 (255, 266)(-0.191781, -0.328767)(0.0856164, -0.5)(-1, -1)(0.188356, 0.5)
				 (255, 266)(0.0650685, -0.5)(0.0719178, -0.335616)(-0.0993151, -0.318493)(-0.15411, -0.294521)(-0.0308219, -0.160959)(0.0273973, 0)(0.0479452, 0.171233)(0.0856164, 0.349315)(0.0479452, 0.469178)(0.202055, 0.482877)(0.191781, 0.304795)(0.157534, 0.126712)(0.195205, -0.0513699)(0.195205, -0.229452)(0.195205, -0.407534)
				 (255, 266)(0.0273973, -0.0171233)(0.0650685, -0.325342)(-0.0410959, -0.191781)(0.10274, 0.366438)(0.00342466, -0.297945)(-0.0410959, -0.191781)(-0.00684932, -0.0410959)(0.0205479, 0.0650685)(0.0273973, 0.455479)(0.0684932, 0.496575)(0.188356, 0.5)(0.184932, -0.462329)(0.0513699, -0.493151)(0.0410959, -0.434932)(0.0650685, -0.325342)(0.00342466, -0.297945)(-0.140411, -0.342466)
descriptor[i][.]=(244, 265)(-0.493056, -0.312925)(0.354167, -0.489796)(-1, -1)(0.458333, 0.5)
				 (244, 265)(-0.241497, -0.312925)(0.173469, -0.489796)(-1, -1)(0.22449, 0.5)
				 (244, 265)(0.112245, -0.5)(0.0918367, -0.329932)(-0.0884354, -0.302721)(-0.238095, -0.282313)(-0.0544218, -0.238095)(0.0340136, -0.0612245)(0.0748299, 0.115646)(0.119048, 0.295918)(0.0816327, 0.442177)(0.204082, 0.5)(0.231293, 0.340136)(0.193878, 0.156463)(0.231293, -0.0272109)(0.234694, -0.210884)(0.231293, -0.391156)
				 (244, 265)(0.0680272, -0.0170068)(0.0986395, -0.329932)(-0.0544218, -0.238095)(0.136054, 0.363946)(-0.0204082, -0.295918)(0.0612245, 0.0340136)(0.0646259, 0.455782)(0.105442, 0.496599)(0.22449, 0.5)(0.180272, -0.486395)(0.12585, -0.5)(0.085034, -0.462585)(0.0986395, -0.329932)(0.0680272, -0.326531)
descriptor[i][.]=(241, 263)(-0.47651, -0.299663)(0.362416, -0.498316)(-1, -1)(0.469799, 0.501684)
				 (241, 263)(-0.239057, -0.299663)(0.181818, -0.498316)(-1, -1)(0.23569, 0.501684)
				 (241, 263)(0.154882, -0.498316)(0.121212, -0.343434)(-0.0572391, -0.299663)(-0.239057, -0.299663)(-0.0976431, -0.255892)(0.016835, -0.114478)(0.0740741, 0.0606061)(0.107744, 0.245791)(0.13468, 0.430976)(0.171717, 0.501684)(0.228956, 0.383838)(0.205387, 0.198653)(0.228956, 0.016835)(0.242424, -0.16835)(0.232323, -0.350168)
				 (241, 263)(0.010101, -0.164983)(0.111111, -0.326599)(-0.0740741, -0.252525)(0.141414, 0.363636)(0.010101, -0.164983)(0.131313, 0.350168)(0.0774411, 0.457912)(0.114478, 0.498316)(0.23569, 0.501684)(0.188552, -0.494949)(0.154882, -0.498316)(0.107744, -0.474747)(0.0942761, -0.441077)(0.111111, -0.326599)
descriptor[i][.]=(242, 263)(-0.473684, -0.295302)(0.322368, -0.5)(-1, -1)(0.447368, 0.5)
				 (242, 263)(-0.241611, -0.295302)(0.16443, -0.5)(-1, -1)(0.228188, 0.5)
				 (242, 263)(0.154362, -0.5)(0.114094, -0.345638)(-0.0637584, -0.302013)(-0.248322, -0.285235)(-0.0939597, -0.255034)(0.0033557, -0.11745)(0.0704698, 0.057047)(0.100671, 0.238255)(0.14094, 0.419463)(0.16443, 0.5)(0.231544, 0.38255)(0.201342, 0.197987)(0.228188, 0.0100671)(0.244966, -0.174497)(0.228188, -0.355705)
				 (242, 263)(0.0033557, -0.191275)(0.104027, -0.328859)(-0.0872483, -0.255034)(0.14094, 0.375839)(-0.0872483, -0.255034)(0.134228, 0.365772)(0.0704698, 0.456376)(0.110738, 0.489933)(0.228188, 0.5)(0.255034, -0.244966)(0.171141, -0.496644)(0.114094, -0.489933)(0.104027, -0.328859)
descriptor[i][.]=(243, 265)(-0.493421, -0.302721)(0.407895, -0.482993)(-1, -1)(0.447368, 0.5)
				 (243, 265)(-0.255102, -0.302721)(0.210884, -0.482993)(-1, -1)(0.231293, 0.5)
				 (243, 265)(0.12585, -0.5)(0.0952381, -0.333333)(-0.0918367, -0.306122)(-0.255102, -0.278912)(-0.0748299, -0.248299)(0.00340136, -0.0884354)(0.0680272, 0.0714286)(0.108844, 0.258503)(0.115646, 0.435374)(0.183673, 0.5)(0.231293, 0.360544)(0.20068, 0.173469)(0.227891, -0.0136054)(0.255102, -0.197279)(0.234694, -0.380952)
				 (243, 265)(-0.00340136, -0.20068)(0.105442, -0.336735)(-0.112245, -0.265306)(0.139456, 0.363946)(-0.112245, -0.265306)(-0.00680272, -0.166667)(0.136054, 0.360544)(0.0714286, 0.452381)(0.108844, 0.496599)(0.231293, 0.5)(0.258503, -0.14966)(0.217687, -0.479592)(0.132653, -0.5)(0.102041, -0.486395)(0.105442, -0.336735)
descriptor[i][.]=(245, 263)(-0.496503, -0.30303)(0.272727, -0.498316)(-1, -1)(0.461538, 0.501684)
				 (245, 263)(-0.239057, -0.30303)(0.131313, -0.498316)(-1, -1)(0.222222, 0.501684)
				 (245, 263)(0.131313, -0.498316)(0.111111, -0.3367)(-0.0606061, -0.276094)(-0.239057, -0.296296)(-0.0707071, -0.218855)(-0.013468, -0.0606061)(0.0606061, 0.0808081)(0.104377, 0.265993)(0.107744, 0.43771)(0.16835, 0.501684)(0.215488, 0.373737)(0.191919, 0.195286)(0.218855, 0.010101)(0.239057, -0.171717)(0.218855, -0.356902)
				 (245, 263)(-0.00673401, -0.16835)(0.185185, 0.131313)(0.10101, -0.319865)(-0.16835, -0.276094)(0.131313, 0.390572)(-0.0505051, -0.272727)(-0.215488, -0.265993)(-0.16835, -0.276094)(-0.013468, -0.0740741)(0.124579, 0.380471)(0.0606061, 0.451178)(0.10101, 0.498316)(0.222222, 0.501684)(0.23569, 0.346801)(0.185185, 0.131313)(0.215488, -0.451178)(0.131313, -0.498316)(0.0875421, -0.464646)(0.10101, -0.319865)(-0.0505051, -0.272727)(-0.178451, -0.323232)
descriptor[i][.]=(253, 264)(-0.492188, -0.320946)(0.234375, -0.5)(-1, -1)(0.453125, 0.5)
				 (253, 264)(-0.212838, -0.320946)(0.101351, -0.5)(-1, -1)(0.195946, 0.5)
				 (253, 264)(0.0844595, -0.5)(0.0810811, -0.324324)(-0.0641892, -0.266892)(-0.216216, -0.297297)(-0.0709459, -0.199324)(-0.0304054, -0.0371622)(0.0371622, 0.111486)(0.0810811, 0.290541)(0.0506757, 0.442568)(0.172297, 0.5)(0.199324, 0.344595)(0.155405, 0.165541)(0.195946, -0.0135135)(0.199324, -0.195946)(0.199324, -0.378378)
				 (253, 264)(0.0304054, -0.00675676)(0.0777027, -0.320946)(-0.0304054, -0.175676)(0.10473, 0.361486)(-0.0608108, -0.263514)(-0.212838, -0.277027)(-0.0675676, -0.192568)(-0.0304054, -0.0371622)(0.027027, 0.0709459)(0.0878378, 0.334459)(0.101351, 0.358108)(0.0337838, 0.456081)(0.0743243, 0.496622)(0.195946, 0.5)(0.216216, -0.280405)(0.168919, -0.476351)(0.101351, -0.5)(0.0574324, -0.469595)(0.0777027, -0.320946)(-0.0202703, -0.314189)(-0.0608108, -0.263514)(-0.0945946, -0.293919)(-0.128378, -0.314189)
descriptor[i][.]=(255, 264)(-0.478992, -0.314189)(0.243697, -0.5)(-1, -1)(0.462185, 0.5)
				 (255, 264)(-0.192568, -0.314189)(0.097973, -0.5)(-1, -1)(0.185811, 0.5)
				 (255, 264)(0.0878378, -0.5)(0.0878378, -0.334459)(-0.0506757, -0.304054)(-0.195946, -0.293919)(-0.0608108, -0.189189)(-0.0101351, -0.027027)(0.0337838, 0.131757)(0.0810811, 0.310811)(0.0337838, 0.445946)(0.165541, 0.5)(0.189189, 0.344595)(0.148649, 0.168919)(0.185811, -0.0101351)(0.185811, -0.189189)(0.185811, -0.368243)
				 (255, 264)(0.0236486, -0.0101351)(0.0709459, -0.297297)(-0.0304054, -0.168919)(0.0945946, 0.385135)(-0.0709459, -0.280405)(-0.0337838, -0.0641892)(-0.027027, -0.0371622)(0.0236486, -0.0101351)(0.0912162, 0.381757)(0.027027, 0.449324)(0.0675676, 0.496622)(0.185811, 0.5)(0.179054, -0.449324)(0.097973, -0.5)(0.0506757, -0.425676)(-0.0337838, -0.327703)(-0.101351, -0.310811)
descriptor[i][.]=(264, 265)(-0.48, -0.326531)(0.22, -0.5)(-1, -1)(0.46, 0.5)
				 (264, 265)(-0.163265, -0.326531)(0.0748299, -0.5)(-1, -1)(0.156463, 0.5)
				 (264, 265)(0.0578231, -0.5)(0.047619, -0.346939)(-0.108844, -0.346939)(-0.112245, -0.251701)(-0.0408163, -0.0952381)(-0.00680272, 0.0544218)(0.0204082, 0.221088)(0.0680272, 0.380952)(0.037415, 0.496599)(0.163265, 0.452381)(0.14966, 0.285714)(0.122449, 0.115646)(0.163265, -0.0510204)(0.159864, -0.221088)(0.170068, -0.387755)
				 (264, 265)(-0.0408163, -0.14966)(0.0442177, -0.340136)(-0.122449, -0.278912)(0.0680272, 0.380952)(-0.0238095, -0.312925)(-0.122449, -0.278912)(-0.0544218, -0.0680272)(0.0646259, 0.377551)(0, 0.455782)(0.037415, 0.496599)(0.156463, 0.5)(0.170068, -0.401361)(0.153061, -0.459184)(0.0748299, -0.5)(0.0238095, -0.431973)(0.0442177, -0.340136)(-0.047619, -0.336735)(-0.108844, -0.346939)
descriptor[i][.]=(266, 265)(-0.4375, -0.354949)(0.208333, -0.498294)(-0.03125, 0.467577)(0.46875, 0.501706)
				 (266, 265)(-0.143345, -0.354949)(0.0682594, -0.498294)(-0.0102389, 0.467577)(0.153584, 0.501706)
				 (266, 265)(0.0511945, -0.498294)(0.0204778, -0.341297)(-0.146758, -0.351536)(-0.0853242, -0.225256)(-0.0614334, -0.0614334)(-0.0136519, 0.0819113)(0.0273038, 0.25256)(0.0614334, 0.406143)(0.0443686, 0.501706)(0.153584, 0.443686)(0.146758, 0.279863)(0.116041, 0.112628)(0.153584, -0.0580205)(0.153584, -0.225256)(0.16041, -0.392491)
				 (266, 265)(0.0273038, -0.34471)(0.0614334, 0.365188)(-0.0375427, -0.324232)(-0.0409556, -0.150171)(0.0546075, 0.423208)(0.0273038, -0.34471)(-0.0375427, -0.324232)(-0.0648464, -0.0546075)(0.0546075, 0.423208)(0.0204778, 0.43686)(-0.0102389, 0.460751)(0.0341297, 0.498294)(0.153584, 0.501706)(0.146758, -0.460751)
descriptor[i][.]=(256, 263)(-0.482759, -0.350168)(0.275862, -0.498316)(-1, -1)(0.465517, 0.501684)
				 (256, 263)(-0.188552, -0.350168)(0.107744, -0.498316)(-1, -1)(0.181818, 0.501684)
				 (256, 263)(0.104377, -0.498316)(0.0505051, -0.350168)(-0.124579, -0.350168)(-0.127946, -0.306397)(-0.013468, -0.188552)(0.003367, -0.016835)(0.030303, 0.154882)(0.0774411, 0.326599)(0.023569, 0.464646)(0.178451, 0.501684)(0.185185, 0.329966)(0.148148, 0.154882)(0.188552, -0.020202)(0.181818, -0.195286)(0.191919, -0.367003)
				 (256, 263)(-0.00673401, -0.228956)(0.0572391, -0.353535)(-0.117845, -0.30303)(0.0976431, 0.377104)(-0.188552, -0.30303)(-0.117845, -0.30303)(-0.016835, -0.111111)(0.0909091, 0.367003)(0.023569, 0.457912)(0.0639731, 0.498316)(0.181818, 0.501684)(0.195286, -0.37037)(0.175084, -0.468013)(0.151515, -0.484848)(0.107744, -0.498316)(0.0707071, -0.484848)(0.047138, -0.420875)
descriptor[i][.]=(249, 265)(-0.480315, -0.360544)(0.456693, -0.479592)(-1, -1)(0.480315, 0.5)
				 (249, 265)(-0.207483, -0.360544)(0.197279, -0.479592)(-1, -1)(0.207483, 0.5)
				 (249, 265)(0.108844, -0.5)(0.037415, -0.357143)(-0.142857, -0.367347)(-0.132653, -0.323129)(0.0136054, -0.214286)(0.0204082, -0.0340136)(0.0510204, 0.132653)(0.102041, 0.302721)(0.0578231, 0.452381)(0.210884, 0.496599)(0.210884, 0.319728)(0.173469, 0.146259)(0.217687, -0.0340136)(0.207483, -0.214286)(0.217687, -0.394558)
				 (249, 265)(0.0136054, -0.244898)(0.0714286, -0.367347)(-0.115646, -0.319728)(0.119048, 0.360544)(-0.115646, -0.319728)(0.0136054, -0.244898)(0.105442, 0.343537)(0.0544218, 0.455782)(0.0884354, 0.493197)(0.207483, 0.5)(0.210884, -0.462585)(0.122449, -0.5)(0.085034, -0.486395)(-0.119048, -0.370748)
descriptor[i][.]=(244, 263)(-0.467626, -0.356902)(0.302158, -0.498316)(-1, -1)(0.482014, 0.501684)
				 (244, 263)(-0.218855, -0.356902)(0.141414, -0.498316)(-1, -1)(0.225589, 0.501684)
				 (244, 263)(0.141414, -0.498316)(0.0673401, -0.356902)(-0.117845, -0.356902)(-0.185185, -0.309764)(-0.00673401, -0.26936)(0.013468, -0.0875421)(0.0572391, 0.0740741)(0.0976431, 0.255892)(0.124579, 0.430976)(0.16835, 0.501684)(0.225589, 0.377104)(0.195286, 0.198653)(0.222222, 0.016835)(0.215488, -0.164983)(0.225589, -0.350168)
				 (244, 263)(0.020202, -0.242424)(0.0942761, -0.363636)(-0.151515, -0.326599)(0.13468, 0.363636)(-0.151515, -0.326599)(0.124579, 0.346801)(0.0673401, 0.454545)(0.104377, 0.498316)(0.225589, 0.501684)(0.232323, -0.424242)(0.191919, -0.474747)(0.114478, -0.488215)(-0.144781, -0.367003)
descriptor[i][.]=(243, 264)(-0.458333, -0.361486)(0.305556, -0.5)(-1, -1)(0.472222, 0.5)
				 (243, 264)(-0.222973, -0.361486)(0.148649, -0.5)(-1, -1)(0.22973, 0.5)
				 (243, 264)(0.128378, -0.5)(0.0472973, -0.361486)(-0.138514, -0.371622)(-0.179054, -0.320946)(0, -0.27027)(0.0135135, -0.0912162)(0.0608108, 0.0777027)(0.114865, 0.253378)(0.118243, 0.432432)(0.189189, 0.5)(0.233108, 0.358108)(0.199324, 0.172297)(0.239865, -0.0168919)(0.233108, -0.192568)(0.239865, -0.378378)
				 (243, 264)(0.0236486, -0.243243)(0.0945946, -0.368243)(-0.0574324, -0.307432)(0.141892, 0.364865)(-0.22973, -0.314189)(-0.0574324, -0.307432)(0.0236486, -0.243243)(0.00675676, -0.0675676)(0.131757, 0.351351)(0.0709459, 0.456081)(0.108108, 0.496622)(0.22973, 0.5)(0.243243, -0.25)(0.222973, -0.466216)(0.128378, -0.5)
descriptor[i][.]=(244, 266)(-0.475524, -0.369863)(0.426573, -0.493151)(-1, -1)(0.468531, 0.5)
				 (244, 266)(-0.232877, -0.369863)(0.208904, -0.493151)(-1, -1)(0.229452, 0.5)
				 (244, 266)(0.123288, -0.5)(0.0445205, -0.369863)(-0.143836, -0.380137)(-0.181507, -0.332192)(-0.00342466, -0.270548)(0.00342466, -0.0890411)(0.0616438, 0.0890411)(0.116438, 0.270548)(0.0993151, 0.434932)(0.205479, 0.5)(0.232877, 0.339041)(0.202055, 0.157534)(0.239726, -0.0308219)(0.222603, -0.219178)(0.239726, -0.400685)
				 (244, 266)(0.0205479, -0.246575)(0.0924658, -0.380137)(-0.0753425, -0.315068)(0.130137, 0.325342)(-0.0753425, -0.315068)(0.0205479, -0.246575)(0.00342466, -0.10274)(0.126712, 0.321918)(0.0684932, 0.452055)(0.119863, 0.496575)(0.229452, 0.5)(0.246575, -0.260274)(0.222603, -0.486301)(0.10274, -0.493151)
descriptor[i][.]=(246, 266)(-0.482014, -0.371134)(0.302158, -0.494845)(-1, -1)(0.467626, 0.501718)
				 (246, 266)(-0.230241, -0.371134)(0.14433, -0.494845)(-1, -1)(0.223368, 0.501718)
				 (246, 266)(0.103093, -0.498282)(0.0274914, -0.367698)(-0.158076, -0.37457)(-0.168385, -0.33677)(0.00687285, -0.254296)(0, -0.0652921)(0.0652921, 0.103093)(0.113402, 0.28866)(0.0790378, 0.443299)(0.195876, 0.501718)(0.226804, 0.343643)(0.202749, 0.161512)(0.233677, -0.024055)(0.216495, -0.206186)(0.233677, -0.388316)
				 (246, 266)(0.0171821, -0.237113)(0.0859107, -0.378007)(-0.04811, -0.302405)(0.130584, 0.360825)(-0.233677, -0.32646)(-0.0549828, -0.302405)(0, -0.0824742)(0.123711, 0.350515)(0.0618557, 0.453608)(0.0996564, 0.498282)(0.223368, 0.501718)(0.24055, -0.261168)(0.213058, -0.467354)(0.154639, -0.491409)(0.103093, -0.498282)(0.0859107, -0.378007)
descriptor[i][.]=(246, 264)(-0.478571, -0.344595)(0.392857, -0.5)(-1, -1)(0.457143, 0.5)
				 (246, 264)(-0.226351, -0.344595)(0.185811, -0.5)(-1, -1)(0.216216, 0.5)
				 (246, 264)(0.121622, -0.5)(0.0506757, -0.347973)(-0.131757, -0.351351)(-0.182432, -0.300676)(-0.00337838, -0.25)(0.0168919, -0.0709459)(0.0608108, 0.097973)(0.111486, 0.280405)(0.0810811, 0.439189)(0.199324, 0.496622)(0.222973, 0.337838)(0.199324, 0.155405)(0.233108, -0.0304054)(0.216216, -0.212838)(0.226351, -0.388514)
				 (246, 264)(0.0337838, -0.195946)(0.209459, -0.148649)(0.0844595, -0.358108)(-0.0304054, -0.277027)(0.128378, 0.364865)(0.0304054, -0.199324)(0.125, 0.361486)(0.0641892, 0.456081)(0.101351, 0.496622)(0.216216, 0.5)(0.209459, -0.148649)(0.236486, -0.25)(0.192568, -0.496622)(0.121622, -0.5)(0.0844595, -0.358108)
descriptor[i][.]=(247, 264)(-0.481752, -0.337838)(0.270073, -0.5)(-1, -1)(0.467153, 0.5)
				 (247, 264)(-0.222973, -0.337838)(0.125, -0.5)(-1, -1)(0.216216, 0.5)
				 (247, 264)(0.114865, -0.5)(0.0675676, -0.347973)(-0.114865, -0.344595)(-0.189189, -0.293919)(-0.00675676, -0.25)(0.0236486, -0.0743243)(0.0574324, 0.10473)(0.108108, 0.287162)(0.0709459, 0.442568)(0.192568, 0.5)(0.222973, 0.344595)(0.195946, 0.162162)(0.22973, -0.0202703)(0.212838, -0.202703)(0.226351, -0.375)
				 (247, 264)(0.027027, -0.209459)(0.206081, -0.148649)(0.0878378, -0.35473)(-0.0608108, -0.283784)(0.128378, 0.402027)(-0.0608108, -0.283784)(0.0202703, -0.0641892)(0.125, 0.398649)(0.0540541, 0.456081)(0.0945946, 0.496622)(0.216216, 0.5)(0.206081, -0.148649)(0.233108, -0.25)(0.216216, -0.456081)(0.125, -0.5)(0.0777027, -0.422297)(0.0878378, -0.35473)
descriptor[i][.]=(249, 264)(-0.458647, -0.337838)(0.278195, -0.5)(-1, -1)(0.466165, 0.5)
				 (249, 264)(-0.206081, -0.337838)(0.125, -0.5)(-1, -1)(0.209459, 0.5)
				 (249, 264)(0.111486, -0.5)(0.0574324, -0.344595)(-0.125, -0.337838)(-0.165541, -0.297297)(0.0101351, -0.222973)(0.027027, -0.0405405)(0.0608108, 0.131757)(0.111486, 0.310811)(0.0540541, 0.449324)(0.199324, 0.5)(0.212838, 0.331081)(0.189189, 0.155405)(0.222973, -0.027027)(0.206081, -0.206081)(0.219595, -0.385135)
				 (249, 264)(0.027027, -0.195946)(0.199324, -0.138514)(0.0743243, -0.351351)(-0.0945946, -0.283784)(0.125, 0.375)(-0.0945946, -0.283784)(0.121622, 0.371622)(0.0472973, 0.456081)(0.0878378, 0.496622)(0.209459, 0.5)(0.226351, -0.0304054)(0.202703, -0.135135)(0.226351, -0.25)(0.206081, -0.462838)(0.125, -0.5)(0.0810811, -0.476351)(0.0743243, -0.351351)
descriptor[i][.]=(254, 264)(-0.487805, -0.310811)(0.203252, -0.5)(-1, -1)(0.447154, 0.5)
				 (254, 264)(-0.202703, -0.310811)(0.0844595, -0.5)(-1, -1)(0.185811, 0.5)
				 (254, 264)(0.0743243, -0.5)(0.0574324, -0.334459)(-0.118243, -0.310811)(-0.141892, -0.277027)(0.0202703, -0.185811)(0.0371622, -0.0101351)(0.0574324, 0.168919)(0.101351, 0.347973)(0.0540541, 0.469595)(0.199324, 0.476351)(0.195946, 0.304054)(0.165541, 0.135135)(0.209459, -0.0405405)(0.199324, -0.219595)(0.202703, -0.398649)
				 (254, 264)(0.0236486, -0.182432)(0.0743243, -0.341216)(-0.0540541, -0.243243)(0.108108, 0.358108)(-0.0506757, -0.300676)(-0.199324, -0.273649)(-0.0540541, -0.243243)(0.10473, 0.35473)(0.0304054, 0.449324)(0.0709459, 0.496622)(0.185811, 0.5)(0.209459, -0.0304054)(0.206081, -0.418919)(0.179054, -0.472973)(0.0844595, -0.5)(0.0743243, -0.341216)(-0.0472973, -0.304054)
