golf_swingDescr8.dat
size1 43
size3 44
beh_type.id 16
sizes[]=49 46 45 44 48 41 44 45 44 45 44 47 45 41 47 53 51 49 48 46 42 47 47 44 49 50 48 51 52 46 50 46 48 48 39 47 45 39 45 44 45 43 41 
thresholds[]=0.16 0.16 0.16 0.16 0.16 0.16 0.16 0.16 0.16 0.16 0.16 0.16 0.16 0.16 0.16 0.16 0.16 0.16 0.16 0.16 0.16 0.16 0.16 0.16 0.16 0.16 0.16 0.16 0.16 0.16 0.16 0.16 0.16 0.16 0.16 0.16 0.16 0.16 0.16 0.16 0.16 0.16 0.16 
map[0][.]=0 1 0 0 0 0 0 0 0 0 0 0 0 0 0 0 0 0 0 0 0 0 0 0 0 0 0 0 0 0 0 0 0 0 0 0 0 0 0 0 0 0 0 0 
map[1][.]=0 0 1 0 0 0 0 0 0 0 0 0 0 0 0 0 0 0 0 0 0 0 0 0 0 0 0 0 0 0 0 0 0 0 0 0 0 0 0 0 0 0 0 0 
map[2][.]=0 0 0 1 0 0 0 0 0 0 0 0 0 0 0 0 0 0 0 0 0 0 0 0 0 0 0 0 0 0 0 0 0 0 0 0 0 0 0 0 0 0 0 0 
map[3][.]=0 0 0 0 1 0 0 0 0 0 0 0 0 0 0 0 0 0 0 0 0 0 0 0 0 0 0 0 0 0 0 0 0 0 0 0 0 0 0 0 0 0 0 0 
map[4][.]=0 0 0 0 0 1 0 0 0 0 0 0 0 0 0 0 0 0 0 0 0 0 0 0 0 0 0 0 0 0 0 0 0 0 0 0 0 0 0 0 0 0 0 0 
map[5][.]=0 0 0 0 0 0 1 0 0 0 0 0 0 0 0 0 0 0 0 0 0 0 0 0 0 0 0 0 0 0 0 0 0 0 0 0 0 0 0 0 0 0 0 0 
map[6][.]=0 0 0 0 0 0 0 1 0 0 0 0 0 0 0 0 0 0 0 0 0 0 0 0 0 0 0 0 0 0 0 0 0 0 0 0 0 0 0 0 0 0 0 0 
map[7][.]=0 0 0 0 0 0 0 0 1 0 0 0 0 0 0 0 0 0 0 0 0 0 0 0 0 0 0 0 0 0 0 0 0 0 0 0 0 0 0 0 0 0 0 0 
map[8][.]=0 0 0 0 0 0 0 0 0 1 0 0 0 0 0 0 0 0 0 0 0 0 0 0 0 0 0 0 0 0 0 0 0 0 0 0 0 0 0 0 0 0 0 0 
map[9][.]=0 0 0 0 0 0 0 0 0 0 1 0 0 0 0 0 0 0 0 0 0 0 0 0 0 0 0 0 0 0 0 0 0 0 0 0 0 0 0 0 0 0 0 0 
map[10][.]=0 0 0 0 0 0 0 0 0 0 0 1 0 0 0 0 0 0 0 0 0 0 0 0 0 0 0 0 0 0 0 0 0 0 0 0 0 0 0 0 0 0 0 0 
map[11][.]=0 0 0 0 0 0 0 0 0 0 0 0 1 0 0 0 0 0 0 0 0 0 0 0 0 0 0 0 0 0 0 0 0 0 0 0 0 0 0 0 0 0 0 0 
map[12][.]=0 0 0 0 0 0 0 0 0 0 0 0 0 1 0 0 0 0 0 0 0 0 0 0 0 0 0 0 0 0 0 0 0 0 0 0 0 0 0 0 0 0 0 0 
map[13][.]=0 0 0 0 0 0 0 0 0 0 0 0 0 0 1 0 0 0 0 0 0 0 0 0 0 0 0 0 0 0 0 0 0 0 0 0 0 0 0 0 0 0 0 0 
map[14][.]=0 0 0 0 0 0 0 0 0 0 0 0 0 0 0 1 0 0 0 0 0 0 0 0 0 0 0 0 0 0 0 0 0 0 0 0 0 0 0 0 0 0 0 0 
map[15][.]=0 0 0 0 0 0 0 0 0 0 0 0 0 0 0 0 1 0 0 0 0 0 0 0 0 0 0 0 0 0 0 0 0 0 0 0 0 0 0 0 0 0 0 0 
map[16][.]=0 0 0 0 0 0 0 0 0 0 0 0 0 0 0 0 0 1 0 0 0 0 0 0 0 0 0 0 0 0 0 0 0 0 0 0 0 0 0 0 0 0 0 0 
map[17][.]=0 0 0 0 0 0 0 0 0 0 0 0 0 0 0 0 0 0 1 0 0 0 0 0 0 0 0 0 0 0 0 0 0 0 0 0 0 0 0 0 0 0 0 0 
map[18][.]=0 0 0 0 0 0 0 0 0 0 0 0 0 0 0 0 0 0 0 1 0 0 0 0 0 0 0 0 0 0 0 0 0 0 0 0 0 0 0 0 0 0 0 0 
map[19][.]=0 0 0 0 0 0 0 0 0 0 0 0 0 0 0 0 0 0 0 0 1 0 0 0 0 0 0 0 0 0 0 0 0 0 0 0 0 0 0 0 0 0 0 0 
map[20][.]=0 0 0 0 0 0 0 0 0 0 0 0 0 0 0 0 0 0 0 0 0 1 0 0 0 0 0 0 0 0 0 0 0 0 0 0 0 0 0 0 0 0 0 0 
map[21][.]=0 0 0 0 0 0 0 0 0 0 0 0 0 0 0 0 0 0 0 0 0 0 1 0 0 0 0 0 0 0 0 0 0 0 0 0 0 0 0 0 0 0 0 0 
map[22][.]=0 0 0 0 0 0 0 0 0 0 0 0 0 0 0 0 0 0 0 0 0 0 0 1 0 0 0 0 0 0 0 0 0 0 0 0 0 0 0 0 0 0 0 0 
map[23][.]=0 0 0 0 0 0 0 0 0 0 0 0 0 0 0 0 0 0 0 0 0 0 0 0 1 0 0 0 0 0 0 0 0 0 0 0 0 0 0 0 0 0 0 0 
map[24][.]=0 0 0 0 0 0 0 0 0 0 0 0 0 0 0 0 0 0 0 0 0 0 0 0 0 1 0 0 0 0 0 0 0 0 0 0 0 0 0 0 0 0 0 0 
map[25][.]=0 0 0 0 0 0 0 0 0 0 0 0 0 0 0 0 0 0 0 0 0 0 0 0 0 0 1 0 0 0 0 0 0 0 0 0 0 0 0 0 0 0 0 0 
map[26][.]=0 0 0 0 0 0 0 0 0 0 0 0 0 0 0 0 0 0 0 0 0 0 0 0 0 0 0 1 0 0 0 0 0 0 0 0 0 0 0 0 0 0 0 0 
map[27][.]=0 0 0 0 0 0 0 0 0 0 0 0 0 0 0 0 0 0 0 0 0 0 0 0 0 0 0 0 1 0 0 0 0 0 0 0 0 0 0 0 0 0 0 0 
map[28][.]=0 0 0 0 0 0 0 0 0 0 0 0 0 0 0 0 0 0 0 0 0 0 0 0 0 0 0 0 0 1 0 0 0 0 0 0 0 0 0 0 0 0 0 0 
map[29][.]=0 0 0 0 0 0 0 0 0 0 0 0 0 0 0 0 0 0 0 0 0 0 0 0 0 0 0 0 0 0 1 0 0 0 0 0 0 0 0 0 0 0 0 0 
map[30][.]=0 0 0 0 0 0 0 0 0 0 0 0 0 0 0 0 0 0 0 0 0 0 0 0 0 0 0 0 0 0 0 1 0 0 0 0 0 0 0 0 0 0 0 0 
map[31][.]=0 0 0 0 0 0 0 0 0 0 0 0 0 0 0 0 0 0 0 0 0 0 0 0 0 0 0 0 0 0 0 0 1 0 0 0 0 0 0 0 0 0 0 0 
map[32][.]=0 0 0 0 0 0 0 0 0 0 0 0 0 0 0 0 0 0 0 0 0 0 0 0 0 0 0 0 0 0 0 0 0 1 0 0 0 0 0 0 0 0 0 0 
map[33][.]=0 0 0 0 0 0 0 0 0 0 0 0 0 0 0 0 0 0 0 0 0 0 0 0 0 0 0 0 0 0 0 0 0 0 1 0 0 0 0 0 0 0 0 0 
map[34][.]=0 0 0 0 0 0 0 0 0 0 0 0 0 0 0 0 0 0 0 0 0 0 0 0 0 0 0 0 0 0 0 0 0 0 0 1 0 0 0 0 0 0 0 0 
map[35][.]=0 0 0 0 0 0 0 0 0 0 0 0 0 0 0 0 0 0 0 0 0 0 0 0 0 0 0 0 0 0 0 0 0 0 0 0 1 0 0 0 0 0 0 0 
map[36][.]=0 0 0 0 0 0 0 0 0 0 0 0 0 0 0 0 0 0 0 0 0 0 0 0 0 0 0 0 0 0 0 0 0 0 0 0 0 1 0 0 0 0 0 0 
map[37][.]=0 0 0 0 0 0 0 0 0 0 0 0 0 0 0 0 0 0 0 0 0 0 0 0 0 0 0 0 0 0 0 0 0 0 0 0 0 0 1 0 0 0 0 0 
map[38][.]=0 0 0 0 0 0 0 0 0 0 0 0 0 0 0 0 0 0 0 0 0 0 0 0 0 0 0 0 0 0 0 0 0 0 0 0 0 0 0 1 0 0 0 0 
map[39][.]=0 0 0 0 0 0 0 0 0 0 0 0 0 0 0 0 0 0 0 0 0 0 0 0 0 0 0 0 0 0 0 0 0 0 0 0 0 0 0 0 1 0 0 0 
map[40][.]=0 0 0 0 0 0 0 0 0 0 0 0 0 0 0 0 0 0 0 0 0 0 0 0 0 0 0 0 0 0 0 0 0 0 0 0 0 0 0 0 0 1 0 0 
map[41][.]=0 0 0 0 0 0 0 0 0 0 0 0 0 0 0 0 0 0 0 0 0 0 0 0 0 0 0 0 0 0 0 0 0 0 0 0 0 0 0 0 0 0 1 0 
map[42][.]=0 0 0 0 0 0 0 0 0 0 0 0 0 0 0 0 0 0 0 0 0 0 0 0 0 0 0 0 0 0 0 0 0 0 0 0 0 0 0 0 0 0 0 1 
map[43][.]=0 0 0 0 0 0 0 0 0 0 0 0 0 0 0 0 0 0 0 0 0 0 0 0 0 0 0 0 0 0 0 0 0 0 0 0 0 0 0 0 0 0 0 0 
isLast[.]=false false false false false false false false false false false false false false false false false false false false false false false false false false false false false false false false false false false false false false false false false false false true 
descriptor[i][.]=(337, 268)(-0.12963, -0.49835)(0.0185185, -0.49505)(-0.12963, 0.471947)(0.462963, 0.50165)
				 (337, 268)(-0.0462046, -0.49835)(0.00660066, -0.49505)(-0.0462046, 0.471947)(0.165017, 0.50165)
				 (337, 268)(-0.0462046, -0.49835)(-0.0429043, -0.356436)(-0.0759076, -0.188119)(-0.178218, -0.029703)(-0.0726073, -0.0528053)(-0.00330033, 0.0792079)(0.0132013, 0.250825)(0.00330033, 0.412541)(0.0264026, 0.50165)(0.174917, 0.468647)(0.148515, 0.29703)(0.118812, 0.122112)(0.161716, -0.0528053)(0.132013, -0.227723)(0.0627063, -0.392739)
				 (337, 268)(-0.029703, -0.310231)(0, 0.0132013)(0.112211, 0.221122)(0.0594059, -0.379538)(-0.0594059, -0.0594059)(0.0264026, 0.39934)(-0.029703, -0.310231)(-0.178218, -0.0132013)(-0.145215, 0.0264026)(-0.029703, -0.00660066)(0, 0.0132013)(-0.0561056, 0.435644)(0.165017, 0.50165)(0.135314, 0.257426)(0.115512, 0.224422)(0.174917, -0.0858086)(0.0594059, -0.379538)(0.0660066, -0.412541)(0.0561056, -0.462046)(0.019802, -0.488449)(-0.0330033, -0.49835)(-0.0792079, -0.485149)
descriptor[i][.]=(337, 267)(-0.181818, -0.481967)(0.0454545, -0.498361)(-0.127273, 0.468852)(0.454545, 0.501639)
				 (337, 267)(-0.0655738, -0.481967)(0.0163934, -0.498361)(-0.0459016, 0.468852)(0.163934, 0.501639)
				 (337, 267)(0.00327869, -0.498361)(-0.0786885, -0.386885)(-0.0491803, -0.232787)(-0.137705, -0.0688525)(-0.0983607, 0.00655738)(-0.00655738, 0.0295082)(0.00655738, 0.203279)(0.0295082, 0.37377)(-0.0131148, 0.478689)(0.154098, 0.501639)(0.160656, 0.340984)(0.114754, 0.17377)(0.167213, -0.00327869)(0.147541, -0.17377)(0.0852459, -0.347541)
				 (337, 267)(-0.0229508, -0.327869)(-0.00327869, 0.0163934)(0.111475, 0.209836)(-0.0590164, -0.0557377)(0.0360656, 0.363934)(-0.0786885, -0.383607)(-0.0229508, -0.327869)(-0.177049, -0.0262295)(-0.134426, 0.0327869)(-0.00327869, 0.0163934)(-0.042623, 0.439344)(0.00655738, 0.498361)(0.163934, 0.501639)(0.180328, 0.465574)(0.160656, 0.327869)(0.114754, 0.213115)(0.177049, -0.0819672)(0.0229508, -0.495082)(-0.0852459, -0.472131)
descriptor[i][.]=(337, 268)(-0.212963, -0.49835)(0.0833333, -0.478548)(-0.12037, 0.458746)(0.462963, 0.50165)
				 (337, 268)(-0.0759076, -0.49835)(0.029703, -0.478548)(-0.0429043, 0.458746)(0.165017, 0.50165)
				 (337, 268)(-0.0759076, -0.49835)(-0.039604, -0.349835)(-0.0792079, -0.178218)(-0.178218, -0.0165017)(-0.0693069, -0.0528053)(0.00330033, 0.0759076)(0.029703, 0.250825)(0.0231023, 0.422442)(0.0462046, 0.49835)(0.178218, 0.445545)(0.145215, 0.267327)(0.128713, 0.0924092)(0.178218, -0.0858086)(0.122112, -0.260726)(0.0561056, -0.425743)
				 (337, 268)(-0.0264026, -0.323432)(0.00330033, 0.0165017)(0.112211, 0.184818)(-0.0561056, -0.0627063)(0.049505, 0.369637)(-0.0264026, -0.323432)(-0.178218, -0.0231023)(-0.165017, 0.0132013)(-0.118812, 0.029703)(-0.0330033, -0.00660066)(-0.00330033, 0.0561056)(-0.0330033, 0.442244)(0.00660066, 0.49835)(0.165017, 0.50165)(0.148515, 0.280528)(0.112211, 0.184818)(0.039604, -0.471947)(-0.0693069, -0.49835)
descriptor[i][.]=(337, 268)(-0.203704, -0.5)(0.101852, -0.460526)(-0.0740741, 0.470395)(0.462963, 0.5)
				 (337, 268)(-0.0723684, -0.5)(0.0361842, -0.460526)(-0.0263158, 0.470395)(0.164474, 0.5)
				 (337, 268)(-0.0723684, -0.5)(-0.0427632, -0.345395)(-0.0855263, -0.177632)(-0.171053, -0.0263158)(-0.0756579, -0.0394737)(0.00657895, 0.0296053)(0.0164474, 0.207237)(0.0460526, 0.381579)(0.0230263, 0.496711)(0.174342, 0.470395)(0.151316, 0.292763)(0.128289, 0.118421)(0.167763, -0.0592105)(0.128289, -0.226974)(0.0592105, -0.394737)
				 (337, 268)(-0.0296053, -0.319079)(0.00657895, 0.0131579)(0.115132, 0.190789)(-0.0592105, -0.0723684)(0.0493421, 0.378289)(-0.0756579, -0.368421)(-0.0296053, -0.319079)(-0.151316, 0.0296053)(-0.121711, 0.0361842)(-0.101974, 0.0197368)(-0.0296053, -0.00328947)(-0.0328947, 0.450658)(0.0197368, 0.496711)(0.164474, 0.5)(0.118421, 0.197368)(0.0427632, -0.457237)(-0.0723684, -0.5)
descriptor[i][.]=(337, 270)(-0.247706, -0.494983)(0.0642202, -0.471572)(-0.100917, 0.471572)(0.458716, 0.501672)
				 (337, 270)(-0.090301, -0.494983)(0.0234114, -0.471572)(-0.0367893, 0.471572)(0.167224, 0.501672)
				 (337, 270)(-0.0234114, -0.498328)(-0.100334, -0.394649)(-0.0501672, -0.244147)(-0.137124, -0.0769231)(-0.0936455, 0.0100334)(-0.0167224, -0.00668896)(0.0133779, 0.153846)(0.0434783, 0.327759)(-0.0401338, 0.461538)(0.12709, 0.501672)(0.16388, 0.361204)(0.120401, 0.183946)(0.160535, 0.00334448)(0.153846, -0.173913)(0.083612, -0.351171)
				 (337, 270)(-0.0301003, -0.317726)(0.0133779, 0.00668896)(0.117057, 0.187291)(-0.0568562, -0.0802676)(0.0535117, 0.377926)(-0.180602, -0.0234114)(-0.153846, 0.0234114)(-0.103679, 0.0200669)(-0.0234114, -0.0100334)(0.00334448, 0.0668896)(0.00668896, 0.200669)(-0.0401338, 0.451505)(0.00668896, 0.498328)(0.167224, 0.501672)(0.153846, 0.277592)(0.117057, 0.187291)(0.170569, -0.0133779)(0.183946, -0.0869565)(0.0501672, -0.448161)(-0.0133779, -0.494983)(-0.090301, -0.494983)
descriptor[i][.]=(337, 270)(-0.236364, -0.498328)(0.0727273, -0.478261)(-0.127273, 0.471572)(0.409091, 0.501672)
				 (337, 270)(-0.0869565, -0.498328)(0.0267559, -0.478261)(-0.0468227, 0.471572)(0.150502, 0.501672)
				 (337, 270)(-0.0869565, -0.498328)(-0.0434783, -0.341137)(-0.0869565, -0.16388)(-0.183946, -0.0100334)(-0.0635452, -0.0602007)(0.00668896, 0.0702341)(0.0367893, 0.247492)(0.0267559, 0.414716)(0.0334448, 0.498328)(0.180602, 0.458194)(0.150502, 0.280936)(0.133779, 0.103679)(0.177258, -0.0735786)(0.123746, -0.247492)(0.0501672, -0.41806)
				 (337, 270)(-0.0401338, -0.287625)(0.00668896, 0.0100334)(0.117057, 0.170569)(-0.0468227, -0.0668896)(0.0501672, 0.381271)(-0.183946, -0.0234114)(-0.140468, 0.0301003)(-0.0401338, 0.451505)(0.170569, 0.494983)(0.160535, 0.304348)(0.117057, 0.170569)(0.183946, -0.0869565)(0.0367893, -0.471572)(-0.0869565, -0.498328)
descriptor[i][.]=(337, 269)(-0.0555556, -0.498339)(0, -0.495017)(-0.111111, 0.471761)(0.416667, 0.501661)
				 (337, 269)(-0.0199336, -0.498339)(0, -0.495017)(-0.0398671, 0.471761)(0.149502, 0.501661)
				 (337, 269)(-0.0199336, -0.498339)(-0.0963455, -0.388704)(-0.0564784, -0.239203)(-0.13289, -0.0697674)(-0.0963455, 0.0166113)(-0.00332226, 0.00332226)(0.013289, 0.179402)(0.0498339, 0.355482)(-0.0166113, 0.475083)(0.142857, 0.501661)(0.166113, 0.348837)(0.119601, 0.172757)(0.166113, -0.00332226)(0.146179, -0.172757)(0.0797342, -0.345515)
				 (337, 269)(-0.0332226, -0.315615)(0.00664452, 0.0199336)(0.119601, 0.182724)(-0.0498339, -0.0631229)(0.0531561, 0.38206)(-0.0797342, -0.355482)(-0.0332226, -0.315615)(-0.179402, 0)(-0.149502, 0.0332226)(-0.122924, 0.0365449)(-0.0996678, 0.0232558)(0.00664452, 0.0199336)(0.0498339, 0.368771)(0.00664452, 0.498339)(0.149502, 0.501661)(0, -0.495017)(-0.10299, -0.478405)
descriptor[i][.]=(337, 272)(-0.293578, -0.494915)(0.0366972, -0.484746)(-0.110092, 0.471186)(0.458716, 0.501695)
				 (337, 272)(-0.108475, -0.494915)(0.0135593, -0.484746)(-0.040678, 0.471186)(0.169492, 0.501695)
				 (337, 272)(-0.0711864, -0.498305)(-0.0711864, -0.369492)(-0.0813559, -0.20339)(-0.172881, -0.040678)(-0.0881356, -0.0372881)(0.0101695, 0.0440678)(0.0271186, 0.220339)(0.0440678, 0.39661)(0.0101695, 0.498305)(0.179661, 0.484746)(0.162712, 0.311864)(0.128814, 0.132203)(0.179661, -0.0440678)(0.132203, -0.223729)(0.0508475, -0.39661)
				 (337, 272)(-0.040678, -0.335593)(0.00677966, 0.00338983)(0.122034, 0.186441)(-0.0508475, -0.0711864)(0.0542373, 0.362712)(-0.040678, -0.335593)(-0.183051, -0.0101695)(-0.128814, 0.0271186)(-0.0237288, -0.0169492)(0, 0.0711864)(-0.0440678, 0.454237)(0.00677966, 0.498305)(0.169492, 0.501695)(0.186441, 0.464407)(0.128814, 0.19661)(0.0372881, -0.467797)(-0.0610169, -0.498305)(-0.108475, -0.494915)
descriptor[i][.]=(337, 271)(-0.296296, -0.491582)(0.0462963, -0.474747)(-0.111111, 0.474747)(0.462963, 0.501684)
				 (337, 271)(-0.107744, -0.491582)(0.016835, -0.474747)(-0.040404, 0.474747)(0.16835, 0.501684)
				 (337, 271)(-0.0673401, -0.498316)(-0.0841751, -0.367003)(-0.0774411, -0.208754)(-0.158249, -0.043771)(-0.0875421, -0.026936)(0.00673401, 0.040404)(0.020202, 0.222222)(0.043771, 0.400673)(0.00673401, 0.488215)(0.175084, 0.494949)(0.161616, 0.316498)(0.127946, 0.151515)(0.171717, -0.030303)(0.13468, -0.208754)(0.0538721, -0.380471)
				 (337, 271)(-0.047138, -0.323232)(0.010101, 0.003367)(0.121212, 0.185185)(-0.0505051, -0.0639731)(0.0538721, 0.380471)(-0.104377, -0.393939)(-0.047138, -0.323232)(-0.181818, -0.020202)(-0.151515, 0.026936)(-0.117845, 0.030303)(0.010101, 0.003367)(-0.047138, 0.47138)(0.16835, 0.501684)(0.181818, 0.464646)(0.026936, -0.468013)(-0.0606061, -0.498316)(-0.107744, -0.491582)
descriptor[i][.]=(338, 271)(-0.226415, -0.5)(0.0188679, -0.469799)(-0.132075, 0.469799)(0.462264, 0.5)
				 (338, 271)(-0.0805369, -0.5)(0.00671141, -0.469799)(-0.0469799, 0.469799)(0.16443, 0.5)
				 (338, 271)(-0.0805369, -0.5)(-0.0704698, -0.348993)(-0.0939597, -0.181208)(-0.177852, -0.0100671)(-0.0771812, -0.0503356)(0.0100671, 0.0268456)(0.0100671, 0.208054)(0.0503356, 0.375839)(-0.0033557, 0.479866)(0.167785, 0.496644)(0.161074, 0.325503)(0.127517, 0.147651)(0.171141, -0.033557)(0.124161, -0.214765)(0.0436242, -0.38255)
				 (338, 271)(-0.0604027, -0.268456)(0.00671141, 0.0100671)(0.11745, 0.184564)(-0.0536913, -0.33557)(-0.0637584, -0.0805369)(0.0503356, 0.379195)(-0.114094, -0.395973)(-0.0604027, -0.268456)(-0.167785, 0.0302013)(-0.124161, 0.033557)(-0.0302013, -0.0134228)(0, 0.0805369)(-0.0436242, 0.449664)(0.0033557, 0.496644)(0.16443, 0.5)(0.177852, -0.0973154)(0.0134228, -0.466443)(-0.107383, -0.486577)
descriptor[i][.]=(338, 270)(-0.261682, -0.494983)(0.0560748, -0.458194)(-0.140187, 0.471572)(0.439252, 0.501672)
				 (338, 270)(-0.0936455, -0.494983)(0.0200669, -0.458194)(-0.0501672, 0.471572)(0.157191, 0.501672)
				 (338, 270)(-0.0735786, -0.498328)(-0.0802676, -0.354515)(-0.090301, -0.187291)(-0.173913, -0.0301003)(-0.0802676, -0.0367893)(0.00334448, 0.0668896)(0.0234114, 0.244147)(0.0234114, 0.414716)(0.0133779, 0.501672)(0.180602, 0.478261)(0.150502, 0.307692)(0.123746, 0.133779)(0.167224, -0.0401338)(0.123746, -0.214047)(0.0367893, -0.377926)
				 (338, 270)(-0.0635452, -0.270903)(0, 0.0133779)(0.117057, 0.190635)(-0.0635452, -0.337793)(-0.0501672, -0.0568562)(0.0468227, 0.38796)(-0.0635452, -0.270903)(-0.117057, 0.0334448)(-0.00334448, 0.107023)(0.0434783, 0.374582)(-0.0434783, 0.451505)(0.157191, 0.501672)(0.12709, 0.207358)(0.0234114, -0.454849)(-0.00334448, -0.478261)(-0.0635452, -0.498328)(-0.103679, -0.491639)
descriptor[i][.]=(337, 269)(-0.12963, -0.5)(0.0555556, -0.450331)(-0.111111, 0.47351)(0.444444, 0.496689)
				 (337, 269)(-0.0463576, -0.5)(0.0198675, -0.450331)(-0.0397351, 0.47351)(0.15894, 0.496689)
				 (337, 269)(-0.0463576, -0.5)(-0.109272, -0.374172)(-0.0827815, -0.218543)(-0.142384, -0.0562914)(-0.0927152, 0)(0.00331126, 0.0430464)(0.00993377, 0.215232)(0.0430464, 0.387417)(0.00331126, 0.483444)(0.168874, 0.490066)(0.155629, 0.321192)(0.125828, 0.145695)(0.168874, -0.0231788)(0.129139, -0.192053)(0.0430464, -0.354305)
				 (337, 269)(-0.0562914, -0.317881)(0.00331126, 0.013245)(0.119205, 0.195364)(0.0298013, -0.377483)(-0.0529801, -0.0496689)(0.0496689, 0.380795)(-0.0562914, -0.317881)(-0.178808, -0.013245)(-0.15894, 0.0231788)(-0.119205, 0.0331126)(0.00331126, 0.013245)(-0.0430464, 0.453642)(0.175497, 0.486755)(0.129139, 0.211921)(0.175497, -0.089404)(0.0927152, -0.301325)(0.0331126, -0.374172)(0.0364238, -0.39404)(-0.0331126, -0.496689)(-0.10596, -0.476821)
descriptor[i][.]=(337, 271)(-0.261682, -0.498316)(0.0186916, -0.468013)(-0.121495, 0.47138)(0.448598, 0.498316)
				 (337, 271)(-0.0942761, -0.498316)(0.00673401, -0.468013)(-0.043771, 0.47138)(0.161616, 0.498316)
				 (337, 271)(-0.0942761, -0.498316)(-0.0740741, -0.353535)(-0.114478, -0.185185)(-0.175084, -0.023569)(-0.0538721, -0.0505051)(0, 0.10101)(0.040404, 0.276094)(0.00673401, 0.434343)(0.0505051, 0.501684)(0.178451, 0.441077)(0.144781, 0.26936)(0.13468, 0.0976431)(0.164983, -0.0740741)(0.121212, -0.239057)(0.030303, -0.393939)
				 (337, 271)(-0.0639731, -0.333333)(0.003367, 0.00673401)(0.121212, 0.191919)(-0.0606061, -0.0538721)(0.047138, 0.390572)(-0.0639731, -0.333333)(-0.175084, -0.03367)(-0.161616, 0.013468)(-0.114478, 0.016835)(-0.00673401, 0.114478)(-0.040404, 0.444444)(0.00673401, 0.498316)(0.178451, 0.488215)(0.121212, 0.191919)(0.178451, -0.0976431)(0.00673401, -0.468013)(-0.114478, -0.488215)(-0.124579, -0.461279)
descriptor[i][.]=(337, 270)(-0.261682, -0.498328)(0.00934579, -0.461538)(-0.130841, 0.471572)(0.46729, 0.501672)
				 (337, 270)(-0.0936455, -0.498328)(0.00334448, -0.461538)(-0.0468227, 0.471572)(0.167224, 0.501672)
				 (337, 270)(-0.0936455, -0.498328)(-0.0869565, -0.344482)(-0.113712, -0.180602)(-0.173913, -0.0234114)(-0.0535117, -0.0468227)(0, 0.107023)(0.0367893, 0.280936)(0.0100334, 0.431438)(0.0468227, 0.501672)(0.180602, 0.451505)(0.143813, 0.280936)(0.130435, 0.107023)(0.160535, -0.0635452)(0.117057, -0.234114)(0.0301003, -0.38796)
				 (337, 270)(-0.0735786, -0.284281)(-0.00668896, 0.00334448)(0.117057, 0.187291)(-0.0635452, -0.0501672)(0.0501672, 0.377926)(-0.177258, -0.0100334)(-0.0334448, -0.0167224)(-0.00668896, 0.00334448)(-0.0401338, 0.451505)(0.167224, 0.501672)(0.120401, 0.190635)(0.090301, -0.307692)(0.00334448, -0.461538)(-0.0869565, -0.498328)
descriptor[i][.]=(338, 271)(-0.311321, -0.5)(0.0188679, -0.463087)(-0.113208, 0.473154)(0.45283, 0.5)
				 (338, 271)(-0.110738, -0.5)(0.00671141, -0.463087)(-0.0402685, 0.473154)(0.161074, 0.5)
				 (338, 271)(-0.110738, -0.5)(-0.0838926, -0.352349)(-0.120805, -0.181208)(-0.171141, -0.0234899)(-0.0402685, -0.0167785)(-0.00671141, 0.137584)(0.0402685, 0.308725)(-0.0302013, 0.446309)(0.0838926, 0.5)(0.171141, 0.409396)(0.124161, 0.244966)(0.130872, 0.0738255)(0.161074, -0.0939597)(0.100671, -0.265101)(0.0167785, -0.416107)
				 (338, 271)(-0.0805369, -0.298658)(-0.0033557, 0.00671141)(0.114094, 0.184564)(0.0234899, -0.375839)(-0.0704698, -0.0536913)(0.0503356, 0.35906)(-0.0805369, -0.298658)(-0.177852, -0.0536913)(-0.14094, 0)(-0.107383, -0.0100671)(-0.0402685, -0.0167785)(-0.0436242, 0.449664)(0.161074, 0.5)(0.177852, 0.473154)(0.11745, 0.187919)(0.167785, -0.104027)(0.0872483, -0.305369)(0.0167785, -0.442953)(-0.0167785, -0.489933)(-0.110738, -0.5)
descriptor[i][.]=(337, 270)(-0.152381, -0.5)(0.0190476, -0.456667)(-0.114286, 0.473333)(0.47619, 0.5)
				 (337, 270)(-0.0533333, -0.5)(0.00666667, -0.456667)(-0.04, 0.473333)(0.166667, 0.5)
				 (337, 270)(-0.0533333, -0.5)(-0.123333, -0.386667)(-0.0966667, -0.23)(-0.163333, -0.0666667)(-0.06, -0.0533333)(-0.00666667, 0.0933333)(0.0333333, 0.256667)(0.02, 0.42)(0.0333333, 0.496667)(0.176667, 0.463333)(0.15, 0.296667)(0.133333, 0.13)(0.163333, -0.04)(0.12, -0.213333)(0.0333333, -0.363333)
				 (337, 270)(-0.0766667, -0.333333)(-0.00333333, 0.00666667)(0.113333, 0.186667)(0.0333333, -0.36)(-0.07, -0.0566667)(0.05, 0.323333)(0.123333, 0.0633333)(-0.0766667, -0.333333)(-0.173333, -0.05)(-0.163333, -0.0233333)(-0.11, -0.01)(-0.0466667, -0.0133333)(-0.01, 0.1)(0.05, 0.323333)(-0.0433333, 0.453333)(0.166667, 0.5)(0.116667, 0.19)(0.133333, 0.13)(0.123333, 0.0633333)(0.166667, -0.1)(0.09, -0.303333)(0.06, -0.343333)(0.0333333, -0.36)(0.01, -0.453333)(-0.0366667, -0.496667)(-0.11, -0.49)
descriptor[i][.]=(338, 269)(-0.152381, -0.5)(0.00952381, -0.450331)(-0.133333, 0.470199)(0.457143, 0.5)
				 (338, 269)(-0.0529801, -0.5)(0.00331126, -0.450331)(-0.0463576, 0.470199)(0.15894, 0.5)
				 (338, 269)(-0.0529801, -0.5)(-0.129139, -0.387417)(-0.102649, -0.231788)(-0.162252, -0.0629139)(-0.0629139, -0.0562914)(-0.00993377, 0.0927152)(0.0264901, 0.258278)(0.0198675, 0.423841)(0.0364238, 0.496689)(0.175497, 0.456954)(0.142384, 0.291391)(0.125828, 0.122517)(0.155629, -0.0430464)(0.112583, -0.208609)(0.0231788, -0.357616)
				 (338, 269)(-0.0827815, -0.327815)(-0.00993377, 0.00993377)(0.109272, 0.211921)(0.0198675, -0.360927)(-0.0728477, -0.0596026)(0.0430464, 0.370861)(-0.119205, -0.360927)(-0.0827815, -0.327815)(-0.172185, -0.0463576)(-0.15894, -0.0198675)(-0.13245, -0.00331126)(-0.0463576, -0.00993377)(-0.00993377, 0.00993377)(-0.0430464, 0.453642)(0.00331126, 0.496689)(0.15894, 0.5)(0.175497, 0.466887)(0.112583, 0.215232)(0.162252, -0.0960265)(0.0860927, -0.294702)(0.0596026, -0.334437)(0.0198675, -0.360927)(-0.0364238, -0.496689)(-0.122517, -0.476821)
descriptor[i][.]=(338, 269)(-0.242718, -0.498339)(0, -0.438538)(-0.135922, 0.471761)(0.466019, 0.501661)
				 (338, 269)(-0.0830565, -0.498339)(0, -0.438538)(-0.0465116, 0.471761)(0.159468, 0.501661)
				 (338, 269)(-0.0830565, -0.498339)(-0.126246, -0.372093)(-0.109635, -0.212625)(-0.169435, -0.0465116)(-0.0465116, -0.0332226)(-0.00332226, 0.129568)(0.0365449, 0.299003)(-0.0166113, 0.44186)(0.0730897, 0.501661)(0.166113, 0.421927)(0.129568, 0.252492)(0.126246, 0.0863787)(0.156146, -0.0830565)(0.0930233, -0.245847)(0.0166113, -0.385382)
				 (338, 269)(-0.0863787, -0.322259)(-0.00996678, 0.00996678)(0.10299, 0.199336)(0.0166113, -0.362126)(-0.0697674, -0.0598007)(0.0465116, 0.375415)(-0.129568, -0.375415)(-0.0863787, -0.322259)(-0.169435, -0.0531561)(-0.13289, -0.00664452)(-0.0365449, -0.00996678)(-0.0398671, 0.451827)(0.00332226, 0.498339)(0.159468, 0.501661)(0.106312, 0.202658)(0.162791, -0.0930233)(0.0598007, -0.335548)(0.0299003, -0.355482)(0.0166113, -0.398671)(-0.0299003, -0.491694)(-0.112957, -0.491694)(-0.146179, -0.471761)
descriptor[i][.]=(339, 270)(-0.186275, -0.5)(0.215686, -0.313333)(-0.147059, 0.47)(0.460784, 0.5)
				 (339, 270)(-0.0633333, -0.5)(0.0733333, -0.313333)(-0.05, 0.47)(0.156667, 0.5)
				 (339, 270)(-0.0633333, -0.5)(-0.136667, -0.39)(-0.11, -0.236667)(-0.16, -0.0733333)(-0.0566667, -0.05)(-0.01, 0.0966667)(0.0266667, 0.256667)(0.0166667, 0.42)(0.0233333, 0.5)(0.17, 0.47)(0.143333, 0.303333)(0.113333, 0.136667)(0.153333, -0.0333333)(0.116667, -0.196667)(0.0333333, -0.353333)
				 (339, 270)(-0.09, -0.33)(-0.0133333, 0.00333333)(0.1, 0.196667)(-0.07, -0.06)(0.0433333, 0.353333)(-0.123333, -0.36)(-0.09, -0.33)(-0.17, -0.0566667)(-0.133333, -0.01)(-0.0133333, 0.00333333)(-0.0233333, 0.05)(0.0433333, 0.353333)(-0.05, 0.453333)(0, 0.496667)(0.156667, 0.5)(0.103333, 0.2)(0.16, -0.0966667)(-0.0233333, -0.476667)(-0.0466667, -0.493333)(-0.12, -0.486667)(-0.146667, -0.46)
descriptor[i][.]=(340, 272)(-0.35, -0.5)(0.2, -0.324324)(-0.17, 0.469595)(0.47, 0.5)
				 (340, 272)(-0.118243, -0.5)(0.0675676, -0.324324)(-0.0574324, 0.469595)(0.158784, 0.5)
				 (340, 272)(-0.118243, -0.5)(-0.131757, -0.35473)(-0.135135, -0.189189)(-0.155405, -0.0304054)(-0.0168919, -0.00675676)(-0.00675676, 0.158784)(0.027027, 0.324324)(-0.0472973, 0.445946)(0.0810811, 0.5)(0.165541, 0.412162)(0.125, 0.25)(0.108108, 0.0810811)(0.14527, -0.0878378)(0.0878378, -0.246622)(0.00675676, -0.398649)
				 (340, 272)(-0.108108, -0.310811)(-0.0135135, 0)(0.097973, 0.192568)(-0.0743243, -0.0641892)(0.0405405, 0.361486)(0.108108, 0.0641892)(-0.111486, -0.314189)(-0.138514, -0.0168919)(-0.0439189, -0.0236486)(-0.0135135, 0)(-0.0540541, 0.452703)(0.158784, 0.5)(0.101351, 0.195946)(0.10473, 0.172297)(0.108108, 0.0641892)(0.158784, -0.108108)(-0.00675676, -0.449324)(-0.111486, -0.5)(-0.152027, -0.483108)
descriptor[i][.]=(339, 270)(-0.382353, -0.498328)(0.0196078, -0.397993)(-0.156863, 0.471572)(0.460784, 0.501672)
				 (339, 270)(-0.130435, -0.498328)(0.00668896, -0.397993)(-0.0535117, 0.471572)(0.157191, 0.501672)
				 (339, 270)(-0.130435, -0.498328)(-0.113712, -0.354515)(-0.123746, -0.19398)(-0.157191, -0.0301003)(-0.0367893, -0.0133779)(-0.00668896, 0.147157)(0.0367893, 0.311037)(-0.0401338, 0.448161)(0.0802676, 0.498328)(0.167224, 0.414716)(0.120401, 0.247492)(0.110368, 0.0769231)(0.153846, -0.090301)(0.0869565, -0.26087)(0, -0.411371)
				 (339, 270)(-0.09699, -0.341137)(-0.0133779, 0.00334448)(0.100334, 0.197324)(0.0100334, -0.367893)(-0.0668896, -0.0635452)(0.0434783, 0.361204)(-0.147157, -0.38796)(-0.143813, -0.0133779)(-0.0200669, 0.0301003)(-0.0468227, 0.451505)(0.157191, 0.501672)(0.110368, 0.210702)(0.0100334, -0.367893)(-0.0133779, -0.458194)(-0.123746, -0.498328)
descriptor[i][.]=(340, 271)(-0.257426, -0.5)(0, -0.419463)(-0.00990099, 0.496644)(0.455446, 0.5)
				 (340, 271)(-0.0872483, -0.5)(0, -0.419463)(-0.0033557, 0.496644)(0.154362, 0.5)
				 (340, 271)(-0.0872483, -0.5)(-0.137584, -0.372483)(-0.124161, -0.208054)(-0.167785, -0.0469799)(-0.0402685, -0.033557)(-0.0167785, 0.11745)(0.0268456, 0.281879)(-0.0100671, 0.436242)(0.0536913, 0.5)(0.16443, 0.436242)(0.137584, 0.268456)(0.107383, 0.100671)(0.147651, -0.0637584)(0.0939597, -0.228188)(0.0033557, -0.375839)
				 (340, 271)(-0.110738, -0.298658)(-0.0134228, 0.0033557)(0.0973154, 0.191275)(0.0033557, -0.375839)(-0.0671141, -0.0637584)(0.0302013, 0.38255)(-0.110738, -0.298658)(-0.16443, -0.0369128)(-0.11745, -0.0134228)(-0.0302013, 0.0805369)(0.0268456, 0.369128)(-0.0033557, 0.496644)(0.154362, 0.5)(0.100671, 0.194631)(0.157718, -0.104027)(0.0771812, -0.298658)(0.0503356, -0.338926)(0.0033557, -0.375839)(-0.0167785, -0.463087)(-0.0771812, -0.5)
descriptor[i][.]=(338, 270)(-0.342857, -0.498328)(0.0190476, -0.401338)(-0.133333, 0.471572)(0.457143, 0.501672)
				 (338, 270)(-0.120401, -0.498328)(0.00668896, -0.401338)(-0.0468227, 0.471572)(0.160535, 0.501672)
				 (338, 270)(-0.120401, -0.498328)(-0.113712, -0.351171)(-0.123746, -0.183946)(-0.16388, -0.0234114)(-0.0301003, -0.0133779)(0.00334448, 0.150502)(0.0367893, 0.317726)(-0.0367893, 0.448161)(0.0869565, 0.498328)(0.170569, 0.408027)(0.130435, 0.250836)(0.117057, 0.083612)(0.153846, -0.0869565)(0.0936455, -0.250836)(0.00668896, -0.401338)
				 (338, 270)(-0.0936455, -0.32107)(-0.0100334, 0.00334448)(0.107023, 0.187291)(0.0100334, -0.364548)(-0.0635452, -0.0535117)(0.0468227, 0.361204)(-0.0936455, -0.32107)(-0.173913, -0.0501672)(-0.137124, -0.00334448)(-0.0367893, -0.0167224)(-0.0468227, 0.454849)(0.00334448, 0.498328)(0.160535, 0.501672)(0.110368, 0.190635)(0.16388, -0.100334)(0.0401338, -0.344482)(0.0100334, -0.364548)(-0.00668896, -0.438127)(-0.0535117, -0.48495)(-0.120401, -0.498328)
descriptor[i][.]=(338, 271)(-0.361905, -0.498316)(0.209524, -0.30303)(-0.142857, 0.47138)(0.485714, 0.501684)
				 (338, 271)(-0.127946, -0.498316)(0.0740741, -0.30303)(-0.0505051, 0.47138)(0.171717, 0.501684)
				 (338, 271)(-0.127946, -0.498316)(-0.10101, -0.346801)(-0.131313, -0.181818)(-0.164983, -0.013468)(-0.040404, -0.03367)(0.003367, 0.127946)(0.037037, 0.296296)(-0.020202, 0.441077)(0.0673401, 0.501684)(0.171717, 0.434343)(0.141414, 0.262626)(0.114478, 0.0976431)(0.154882, -0.0740741)(0.0942761, -0.245791)(0.00673401, -0.40404)
				 (338, 271)(-0.0942761, -0.329966)(-0.003367, 0.003367)(0.107744, 0.185185)(-0.0639731, -0.0606061)(0.040404, 0.390572)(-0.0942761, -0.329966)(-0.175084, -0.023569)(-0.148148, 0.003367)(-0.040404, -0.023569)(-0.003367, 0.003367)(-0.043771, 0.451178)(0.171717, 0.501684)(0.111111, 0.188552)(0.164983, -0.104377)(-0.010101, -0.447811)(-0.121212, -0.498316)(-0.154882, -0.474747)
descriptor[i][.]=(335, 269)(-0.36036, -0.495017)(0, -0.435216)(-0.0990991, 0.471761)(0.459459, 0.501661)
				 (335, 269)(-0.13289, -0.495017)(0, -0.435216)(-0.0365449, 0.471761)(0.169435, 0.501661)
				 (335, 269)(-0.0797342, -0.498339)(-0.13289, -0.375415)(-0.0963455, -0.219269)(-0.156146, -0.0465116)(-0.089701, -0.0299003)(0.013289, 0.0664452)(0.0365449, 0.239203)(0.0398671, 0.41196)(0.0232558, 0.501661)(0.186047, 0.475083)(0.162791, 0.302326)(0.129568, 0.129568)(0.169435, -0.0465116)(0.119601, -0.209302)(0.0166113, -0.362126)
				 (335, 269)(-0.076412, -0.318937)(0.013289, 0.0199336)(0.119601, 0.189369)(0.0166113, -0.358804)(-0.0564784, -0.0498339)(0.0498339, 0.365449)(-0.126246, -0.358804)(-0.076412, -0.318937)(-0.182724, -0.013289)(-0.129568, 0.0265781)(0.0498339, 0.365449)(-0.0332226, 0.451827)(0.169435, 0.501661)(0.186047, 0.475083)(0.122924, 0.192691)(0.179402, -0.0996678)(0.0863787, -0.292359)(0.0531561, -0.332226)(0.0166113, -0.358804)(0.00332226, -0.428571)(-0.0631229, -0.495017)(-0.13289, -0.495017)
descriptor[i][.]=(335, 271)(-0.285714, -0.5)(0, -0.446309)(-0.107143, 0.469799)(0.464286, 0.496644)
				 (335, 271)(-0.107383, -0.5)(0, -0.446309)(-0.0402685, 0.469799)(0.174497, 0.496644)
				 (335, 271)(-0.107383, -0.5)(-0.100671, -0.355705)(-0.114094, -0.187919)(-0.184564, -0.0234899)(-0.0738255, -0.0469799)(0.0167785, 0.0939597)(0.0469799, 0.265101)(0.033557, 0.416107)(0.0369128, 0.5)(0.184564, 0.456376)(0.157718, 0.285235)(0.130872, 0.110738)(0.167785, -0.0671141)(0.110738, -0.234899)(0.0134228, -0.385906)
				 (335, 271)(-0.0771812, -0.322148)(0.0100671, 0.0167785)(0.120805, 0.181208)(0.0167785, -0.369128)(-0.0604027, -0.0536913)(0.0536913, 0.372483)(-0.14094, -0.389262)(-0.0771812, -0.322148)(-0.187919, -0.0201342)(-0.147651, 0.0302013)(-0.110738, 0.0134228)(0.0100671, 0.0167785)(0.0033557, 0.0469799)(-0.033557, 0.449664)(0.181208, 0.493289)(0.157718, 0.248322)(0.120805, 0.181208)(0.090604, -0.298658)(0.0536913, -0.342282)(0.0167785, -0.369128)(-0.00671141, -0.456376)(-0.0973154, -0.5)(-0.14094, -0.47651)
descriptor[i][.]=(332, 272)(-0.252174, -0.5)(0, -0.469595)(-0.0695652, 0.469595)(0.434783, 0.5)
				 (332, 272)(-0.097973, -0.5)(0, -0.469595)(-0.027027, 0.469595)(0.168919, 0.5)
				 (332, 272)(-0.097973, -0.5)(-0.0912162, -0.358108)(-0.101351, -0.189189)(-0.185811, -0.0236486)(-0.0912162, -0.0371622)(0.0135135, 0.0506757)(0.0540541, 0.22973)(0.0540541, 0.405405)(0.0405405, 0.5)(0.195946, 0.462838)(0.172297, 0.283784)(0.152027, 0.108108)(0.182432, -0.0675676)(0.121622, -0.239865)(0.0168919, -0.398649)
				 (332, 272)(-0.0641892, -0.293919)(0.0168919, 0.0202703)(0.135135, 0.172297)(0.0304054, -0.375)(-0.0574324, -0.0675676)(0.0641892, 0.337838)(-0.0641892, -0.293919)(-0.192568, -0.0135135)(-0.175676, 0.027027)(-0.114865, 0.0202703)(0.0135135, 0.0439189)(0.0641892, 0.337838)(-0.0236486, 0.452703)(0.0236486, 0.496622)(0.192568, 0.489865)(0.135135, 0.172297)(0.195946, -0.10473)(0.0675676, -0.347973)(0.0304054, -0.375)(0.0101351, -0.456081)(-0.135135, -0.483108)
descriptor[i][.]=(332, 271)(-0.279661, -0.498316)(0.0254237, -0.444444)(-0.0677966, 0.47138)(0.466102, 0.501684)
				 (332, 271)(-0.111111, -0.498316)(0.010101, -0.444444)(-0.026936, 0.47138)(0.185185, 0.501684)
				 (332, 271)(-0.111111, -0.498316)(-0.0808081, -0.350168)(-0.107744, -0.181818)(-0.198653, -0.016835)(-0.0942761, -0.03367)(0.016835, 0.043771)(0.0505051, 0.225589)(0.0538721, 0.40404)(0.040404, 0.501684)(0.198653, 0.468013)(0.171717, 0.286195)(0.154882, 0.107744)(0.181818, -0.0740741)(0.117845, -0.245791)(0.013468, -0.400673)
				 (332, 271)(-0.0707071, -0.23569)(0.016835, 0.023569)(0.13468, 0.185185)(0.030303, -0.37037)(-0.0639731, -0.333333)(-0.141414, -0.0673401)(-0.0606061, -0.0673401)(0.0572391, 0.380471)(-0.0808081, -0.286195)(-0.0707071, -0.23569)(-0.138047, -0.0841751)(-0.195286, -0.020202)(-0.198653, 0.00673401)(-0.151515, 0.047138)(-0.016835, 0.447811)(0.185185, 0.501684)(0.198653, 0.481481)(0.138047, 0.188552)(0.195286, -0.10101)(0.104377, -0.299663)(0.0707071, -0.343434)(0.030303, -0.37037)(-0.047138, -0.491582)(-0.111111, -0.498316)
descriptor[i][.]=(330, 272)(-0.218487, -0.498305)(0.00840336, -0.471186)(-0.0588235, 0.471186)(0.478992, 0.501695)
				 (330, 272)(-0.0881356, -0.498305)(0.00338983, -0.471186)(-0.0237288, 0.471186)(0.19322, 0.501695)
				 (330, 272)(-0.0881356, -0.498305)(-0.0813559, -0.349153)(-0.0983051, -0.179661)(-0.19322, -0.020339)(-0.0949153, -0.0305085)(0.0237288, 0.040678)(0.0576271, 0.220339)(0.0610169, 0.40339)(0.0372881, 0.501695)(0.20339, 0.477966)(0.183051, 0.298305)(0.155932, 0.122034)(0.19322, -0.0610169)(0.138983, -0.237288)(0.0338983, -0.389831)
				 (330, 272)(-0.0576271, -0.328814)(0.0237288, 0.020339)(0.142373, 0.172881)(0.040678, -0.376271)(-0.105085, -0.142373)(-0.0644068, -0.0610169)(0.0711864, 0.349153)(-0.122034, -0.389831)(-0.0576271, -0.328814)(-0.0711864, -0.308475)(-0.105085, -0.142373)(-0.2, 0.0101695)(-0.135593, 0.040678)(-0.0237288, -0.0101695)(0.020339, 0.0440678)(0.0711864, 0.349153)(-0.020339, 0.454237)(0.19322, 0.501695)(0.142373, 0.172881)(0.20339, -0.105085)(0.0779661, -0.355932)(0.040678, -0.376271)(0.020339, -0.447458)(-0.0271186, -0.494915)(-0.118644, -0.484746)
descriptor[i][.]=(331, 271)(-0.260504, -0.498316)(0, -0.468013)(-0.0672269, 0.47138)(0.436975, 0.501684)
				 (331, 271)(-0.104377, -0.498316)(0, -0.468013)(-0.026936, 0.47138)(0.175084, 0.501684)
				 (331, 271)(-0.104377, -0.498316)(-0.0942761, -0.3367)(-0.114478, -0.171717)(-0.195286, -0.013468)(-0.0875421, -0.0572391)(0.016835, 0.0538721)(0.0606061, 0.228956)(0.0572391, 0.407407)(0.043771, 0.501684)(0.20202, 0.464646)(0.175084, 0.286195)(0.154882, 0.111111)(0.185185, -0.0707071)(0.131313, -0.242424)(0.030303, -0.393939)
				 (331, 271)(-0.0707071, -0.316498)(0.016835, 0.023569)(0.138047, 0.188552)(-0.124579, -0.111111)(-0.0707071, -0.0639731)(0.0606061, 0.380471)(-0.10101, -0.340067)(-0.0707071, -0.316498)(-0.124579, -0.111111)(-0.198653, -0.023569)(-0.171717, 0.026936)(-0.13468, 0.03367)(-0.040404, -0.013468)(-0.023569, 0.454545)(0.175084, 0.501684)(0.141414, 0.191919)(0.198653, -0.104377)(0, -0.468013)(-0.10101, -0.498316)
descriptor[i][.]=(331, 272)(-0.235294, -0.498305)(0.218487, -0.355932)(-0.0420168, 0.471186)(0.462185, 0.501695)
				 (331, 272)(-0.0949153, -0.498305)(0.0881356, -0.355932)(-0.0169492, 0.471186)(0.186441, 0.501695)
				 (331, 272)(-0.0949153, -0.498305)(-0.0813559, -0.349153)(-0.115254, -0.179661)(-0.19661, -0.020339)(-0.0847458, -0.0677966)(0.020339, 0.0610169)(0.0610169, 0.230508)(0.0576271, 0.389831)(0.0372881, 0.501695)(0.20339, 0.474576)(0.176271, 0.291525)(0.152542, 0.118644)(0.189831, -0.0610169)(0.138983, -0.233898)(0.0474576, -0.389831)
				 (331, 272)(-0.0677966, -0.328814)(0.020339, 0.0338983)(0.138983, 0.189831)(-0.122034, -0.111864)(-0.0677966, -0.0745763)(0.0711864, 0.355932)(-0.0949153, -0.291525)(-0.19661, -0.0440678)(-0.183051, 0.0101695)(-0.128814, 0.020339)(-0.0372881, -0.020339)(0.0711864, 0.355932)(-0.020339, 0.454237)(0.0305085, 0.498305)(0.186441, 0.501695)(0.172881, 0.233898)(0.142373, 0.19322)(0.2, -0.101695)(0.0983051, -0.342373)(-0.00338983, -0.464407)(-0.0474576, -0.494915)(-0.0949153, -0.498305)(-0.128814, -0.484746)
descriptor[i][.]=(333, 270)(-0.169492, -0.498328)(0.194915, -0.371237)(-0.0677966, 0.474916)(0.483051, 0.501672)
				 (333, 270)(-0.0668896, -0.498328)(0.0769231, -0.371237)(-0.0267559, 0.474916)(0.190635, 0.501672)
				 (333, 270)(-0.0668896, -0.498328)(-0.120401, -0.374582)(-0.110368, -0.214047)(-0.183946, -0.0635452)(-0.090301, -0.0568562)(0.0133779, 0.0434783)(0.0401338, 0.217391)(0.0501672, 0.394649)(0.0234114, 0.488294)(0.197324, 0.498328)(0.180602, 0.32107)(0.137124, 0.147157)(0.183946, -0.0334448)(0.137124, -0.207358)(0.0602007, -0.381271)
				 (333, 270)(-0.0735786, -0.32107)(0.00668896, 0.0100334)(0.130435, 0.19398)(-0.12709, -0.103679)(-0.0735786, -0.0735786)(0.0635452, 0.374582)(-0.0735786, -0.32107)(-0.197324, -0.0501672)(-0.157191, 0.00334448)(-0.12709, 0.00668896)(-0.0468227, -0.0167224)(0.00668896, 0.0100334)(-0.0267559, 0.451505)(0.190635, 0.501672)(0.160535, 0.237458)(0.133779, 0.197324)(0.083612, -0.361204)(-0.0301003, -0.488294)(-0.140468, -0.468227)
descriptor[i][.]=(334, 270)(-0.162162, -0.498328)(0.18018, -0.384615)(-0.0900901, 0.471572)(0.468468, 0.501672)
				 (334, 270)(-0.0602007, -0.498328)(0.0668896, -0.384615)(-0.0334448, 0.471572)(0.173913, 0.501672)
				 (334, 270)(-0.0602007, -0.498328)(-0.133779, -0.377926)(-0.117057, -0.22408)(-0.183946, -0.0769231)(-0.0735786, -0.0635452)(0, 0.0735786)(0.0468227, 0.244147)(0.0367893, 0.41806)(0.0401338, 0.501672)(0.187291, 0.464883)(0.170569, 0.29097)(0.140468, 0.120401)(0.177258, -0.0535117)(0.133779, -0.217391)(0.0668896, -0.384615)
				 (334, 270)(-0.090301, -0.314381)(0.00334448, 0.00668896)(0.12709, 0.170569)(-0.123746, -0.12709)(-0.0735786, -0.0635452)(0.0568562, 0.371237)(-0.090301, -0.314381)(-0.107023, -0.294314)(-0.183946, -0.0802676)(-0.147157, -0.0133779)(-0.0468227, -0.0200669)(0.00334448, 0.00668896)(-0.00334448, 0.0501672)(0.0535117, 0.35786)(-0.0334448, 0.458194)(0.173913, 0.501672)(0.187291, 0.481605)(0.12709, 0.170569)(0.100334, -0.331104)(-0.0334448, -0.491639)(-0.123746, -0.478261)
descriptor[i][.]=(336, 269)(-0.196262, -0.498339)(0.046729, -0.395349)(-0.121495, 0.468439)(0.46729, 0.501661)
				 (336, 269)(-0.0697674, -0.498339)(0.0166113, -0.395349)(-0.0431894, 0.468439)(0.166113, 0.501661)
				 (336, 269)(-0.0697674, -0.498339)(-0.142857, -0.38206)(-0.126246, -0.229236)(-0.172757, -0.0830565)(-0.0531561, -0.0332226)(0.00664452, 0.119601)(0.0365449, 0.285714)(0.00664452, 0.435216)(0.0598007, 0.501661)(0.17608, 0.44186)(0.166113, 0.272425)(0.139535, 0.109635)(0.166113, -0.0598007)(0.122924, -0.222591)(0.0531561, -0.385382)
				 (336, 269)(-0.0930233, -0.315615)(-0.00664452, 0.00996678)(0.0166113, -0.392027)(-0.122924, -0.122924)(-0.0697674, -0.0465116)(0.0531561, 0.372093)(-0.0930233, -0.315615)(-0.172757, -0.0863787)(-0.17608, -0.0598007)(-0.146179, -0.0232558)(-0.109635, -0.0166113)(-0.0730897, -0.0431894)(-0.0498339, -0.0199336)(-0.0431894, 0.461794)(0.00996678, 0.498339)(0.166113, 0.501661)(0.0598007, -0.38206)(0.0166113, -0.392027)(-0.0365449, -0.48505)(-0.0598007, -0.498339)(-0.109635, -0.48505)
descriptor[i][.]=(339, 271)(-0.392157, -0.498316)(0.166667, -0.390572)(-0.0588235, 0.488215)(0.421569, 0.501684)
				 (339, 271)(-0.13468, -0.498316)(0.0572391, -0.390572)(-0.020202, 0.488215)(0.144781, 0.501684)
				 (339, 271)(-0.13468, -0.498316)(-0.111111, -0.353535)(-0.138047, -0.195286)(-0.154882, -0.047138)(-0.023569, 0.016835)(0, 0.185185)(0.023569, 0.350168)(-0.047138, 0.47138)(0.117845, 0.501684)(0.158249, 0.373737)(0.124579, 0.205387)(0.151515, 0.037037)(0.161616, -0.131313)(0.0976431, -0.289562)(-0.003367, -0.420875)
				 (339, 271)(-0.0976431, -0.333333)(-0.020202, -0.00673401)(-0.131313, -0.13468)(0.03367, 0.383838)(-0.148148, -0.185185)(-0.164983, -0.114478)(-0.171717, -0.0707071)(-0.13468, -0.037037)(-0.043771, 0.451178)(-0.026936, 0.484848)(0.171717, -0.114478)(-0.023569, -0.478114)
descriptor[i][.]=(340, 269)(-0.363636, -0.498339)(0, -0.408638)(-0.161616, 0.471761)(0.474747, 0.501661)
				 (340, 269)(-0.119601, -0.498339)(0, -0.408638)(-0.0531561, 0.471761)(0.156146, 0.501661)
				 (340, 269)(-0.119601, -0.498339)(-0.126246, -0.345515)(-0.13289, -0.196013)(-0.146179, -0.0398671)(-0.0265781, 0.00996678)(-0.00332226, 0.179402)(0.0232558, 0.348837)(-0.0431894, 0.475083)(0.116279, 0.498339)(0.152824, 0.378738)(0.126246, 0.212625)(0.146179, 0.0431894)(0.156146, -0.122924)(0.0930233, -0.282392)(0, -0.405316)
				 (340, 269)(-0.10299, -0.322259)(-0.0232558, -0.00332226)(0.00332226, -0.392027)(-0.13289, -0.122924)(-0.0631229, -0.0631229)(0.0365449, 0.388704)(-0.159468, -0.405316)(-0.129568, -0.295681)(-0.136213, -0.136213)(-0.159468, -0.10299)(-0.152824, -0.0431894)(-0.0963455, -0.0332226)(-0.0265781, -0.00664452)(-0.0332226, 0.0199336)(-0.0398671, 0.448505)(0.156146, 0.501661)(0.0564784, -0.38206)(0.00332226, -0.392027)(-0.0232558, -0.465116)(-0.0598007, -0.491694)
descriptor[i][.]=(342, 270)(-0.333333, -0.493333)(0, -0.396667)(-0.00980392, 0.5)(0.362745, 0.5)
				 (342, 270)(-0.113333, -0.493333)(0, -0.396667)(-0.00333333, 0.5)(0.123333, 0.5)
				 (342, 270)(-0.0666667, -0.5)(-0.16, -0.403333)(-0.15, -0.243333)(-0.163333, -0.0833333)(-0.04, -0.04)(-0.0233333, 0.126667)(0.0166667, 0.296667)(-0.03, 0.436667)(0.0566667, 0.5)(0.156667, 0.42)(0.146667, 0.273333)(0.133333, 0.103333)(0.153333, -0.06)(0.103333, -0.226667)(0.0466667, -0.39)
				 (342, 270)(-0.123333, -0.323333)(-0.0333333, -0.03)(0.113333, 0.163333)(0, -0.393333)(-0.133333, -0.126667)(0.03, 0.373333)(-0.163333, -0.103333)(-0.0333333, -0.03)(-0.04, 0.0166667)(-0.05, 0.446667)(0.146667, 0.493333)(0.17, 0.33)(0.116667, 0.166667)(0.13, 0.123333)(0.0533333, -0.386667)(0, -0.393333)(-0.05, -0.493333)(-0.146667, -0.483333)
descriptor[i][.]=(342, 271)(-0.418367, -0.5)(0, -0.40604)(-0.0102041, 0.5)(0.479592, 0.5)
				 (342, 271)(-0.137584, -0.5)(0, -0.40604)(-0.0033557, 0.5)(0.157718, 0.5)
				 (342, 271)(-0.137584, -0.5)(-0.137584, -0.342282)(-0.144295, -0.177852)(-0.11745, -0.033557)(-0.033557, 0.0268456)(-0.00671141, 0.194631)(0.0302013, 0.35906)(-0.033557, 0.47651)(0.130872, 0.5)(0.147651, 0.362416)(0.120805, 0.197987)(0.144295, 0.0302013)(0.151007, -0.130872)(0.0939597, -0.298658)(-0.00671141, -0.419463)
				 (342, 271)(-0.033557, -0.0369128)(0, -0.402685)(0.033557, 0.379195)(-0.157718, -0.0671141)(-0.057047, 0.45302)(-0.0100671, 0.496644)(0.157718, 0.5)(0.16443, -0.110738)(0.0503356, -0.395973)(0, -0.402685)(-0.0302013, -0.479866)(-0.137584, -0.5)
descriptor[i][.]=(343, 268)(-0.214286, -0.5)(0.132653, -0.381579)(-0.0204082, 0.5)(0.479592, 0.5)
				 (343, 268)(-0.0690789, -0.5)(0.0427632, -0.381579)(-0.00657895, 0.5)(0.154605, 0.5)
				 (343, 268)(-0.0690789, -0.5)(-0.154605, -0.394737)(-0.151316, -0.25)(-0.157895, -0.0888158)(-0.0427632, -0.0328947)(-0.0230263, 0.134868)(0.00986842, 0.296053)(-0.0296053, 0.4375)(0.0526316, 0.5)(0.151316, 0.4375)(0.134868, 0.269737)(0.128289, 0.101974)(0.154605, -0.0657895)(0.0986842, -0.230263)(0.0328947, -0.381579)
				 (343, 268)(-0.105263, -0.325658)(-0.0394737, -0.0197368)(-0.00328947, -0.381579)(-0.134868, -0.115132)(0.0263158, 0.391447)(-0.154605, -0.0986842)(-0.157895, -0.0592105)(-0.128289, -0.0230263)(-0.0427632, 0.0230263)(-0.0559211, 0.450658)(-0.0131579, 0.496711)(0.154605, 0.5)(0.157895, -0.0986842)(0.0657895, -0.355263)(0.0493421, -0.378289)(-0.00328947, -0.381579)(-0.0559211, -0.496711)(-0.131579, -0.486842)
descriptor[i][.]=(341, 268)(-0.26, -0.49835)(0, -0.405941)(-0.17, 0.471947)(0.45, 0.50165)
				 (341, 268)(-0.0858086, -0.49835)(0, -0.405941)(-0.0561056, 0.471947)(0.148515, 0.50165)
				 (341, 268)(-0.0858086, -0.49835)(-0.141914, -0.379538)(-0.141914, -0.237624)(-0.155116, -0.0891089)(-0.0363036, -0.0132013)(-0.00990099, 0.155116)(0.0231023, 0.320132)(-0.0462046, 0.448845)(0.0759076, 0.49835)(0.158416, 0.409241)(0.135314, 0.240924)(0.138614, 0.0792079)(0.165017, -0.0891089)(0.105611, -0.247525)(0.0231023, -0.379538)
				 (341, 268)(-0.0924092, -0.330033)(-0.0264026, 0)(0.00330033, -0.382838)(-0.132013, -0.118812)(0.0363036, 0.386139)(-0.155116, -0.10231)(-0.125413, -0.0264026)(-0.0363036, 0.0231023)(-0.049505, 0.448845)(0.148515, 0.50165)(0.165017, -0.0990099)(0.0759076, -0.349835)(0.0561056, -0.379538)(0.00330033, -0.382838)(0, -0.405941)(-0.0462046, -0.491749)(-0.151815, -0.458746)
descriptor[i][.]=(343, 269)(-0.40404, -0.491694)(0, -0.392027)(-0.010101, 0.501661)(0.464646, 0.501661)
				 (343, 269)(-0.13289, -0.491694)(0, -0.392027)(-0.00332226, 0.501661)(0.152824, 0.501661)
				 (343, 269)(-0.0664452, -0.498339)(-0.152824, -0.398671)(-0.146179, -0.259136)(-0.156146, -0.10299)(-0.0498339, -0.0365449)(-0.0232558, 0.13289)(0.013289, 0.299003)(-0.0332226, 0.44186)(0.0531561, 0.498339)(0.152824, 0.435216)(0.139535, 0.265781)(0.129568, 0.0963455)(0.159468, -0.0697674)(0.10299, -0.232558)(0.0398671, -0.388704)
				 (343, 269)(-0.10299, -0.325581)(-0.0332226, 0)(0, -0.388704)(-0.136213, -0.119601)(0.0332226, 0.38206)(-0.126246, -0.305648)(-0.156146, -0.106312)(-0.152824, -0.0498339)(-0.126246, -0.0265781)(-0.0431894, 0.0199336)(-0.0531561, 0.448505)(-0.00996678, 0.498339)(0.152824, 0.501661)(0.0498339, -0.385382)(0, -0.388704)(-0.00664452, -0.421927)(-0.0531561, -0.491694)(-0.13289, -0.491694)
descriptor[i][.]=(343, 271)(-0.38, -0.5)(0.15, -0.395973)(-0.02, 0.5)(0.46, 0.5)
				 (343, 271)(-0.127517, -0.5)(0.0503356, -0.395973)(-0.00671141, 0.5)(0.154362, 0.5)
				 (343, 271)(-0.127517, -0.5)(-0.120805, -0.352349)(-0.14094, -0.201342)(-0.144295, -0.0469799)(-0.0369128, 0.0302013)(-0.00671141, 0.197987)(0.0268456, 0.365772)(-0.0469799, 0.473154)(0.11745, 0.5)(0.144295, 0.372483)(0.120805, 0.204698)(0.144295, 0.0369128)(0.154362, -0.127517)(0.090604, -0.291946)(0, -0.409396)
				 (343, 271)(-0.104027, -0.332215)(0.0134228, 0.258389)(-0.134228, -0.130872)(-0.0536913, -0.0436242)(0.0302013, 0.38255)(-0.161074, -0.110738)(-0.154362, -0.0536913)(-0.127517, -0.033557)(-0.0536913, -0.0436242)(0.0033557, 0.244966)(-0.0604027, 0.449664)(-0.0134228, 0.496644)(0.154362, 0.5)(-0.0536913, -0.493289)(-0.127517, -0.5)(-0.157718, -0.483221)
descriptor[i][.]=(343, 271)(-0.38, -0.498316)(0.2, -0.380471)(-0.02, 0.501684)(0.43, 0.501684)
				 (343, 271)(-0.127946, -0.498316)(0.0673401, -0.380471)(-0.00673401, 0.501684)(0.144781, 0.501684)
				 (343, 271)(-0.127946, -0.498316)(-0.104377, -0.356902)(-0.138047, -0.20202)(-0.154882, -0.0505051)(-0.03367, 0.023569)(-0.010101, 0.188552)(0.023569, 0.356902)(-0.0505051, 0.47138)(0.114478, 0.501684)(0.144781, 0.37037)(0.121212, 0.205387)(0.144781, 0.037037)(0.151515, -0.131313)(0.0909091, -0.296296)(0, -0.414141)
				 (343, 271)(-0.10101, -0.3367)(-0.03367, -0.00673401)(-0.131313, -0.131313)(0.030303, 0.383838)(-0.124579, -0.316498)(-0.151515, -0.188552)(-0.164983, -0.111111)(-0.158249, -0.0538721)(-0.13468, -0.037037)(-0.0606061, 0.451178)(-0.013468, 0.498316)(0.144781, 0.501684)(-0.037037, -0.488215)(-0.127946, -0.498316)
