runDescr5.dat
size1 46
size3 47
beh_type.id 9
sizes[]=51 54 44 47 44 50 53 40 48 49 42 44 47 51 54 53 53 49 49 50 48 49 52 52 45 46 44 43 43 52 55 53 54 46 45 46 59 47 51 49 58 37 42 40 51 54 
thresholds[]=0.16 0.16 0.16 0.16 0.16 0.16 0.16 0.16 0.16 0.16 0.16 0.16 0.16 0.16 0.16 0.16 0.16 0.16 0.16 0.16 0.16 0.16 0.16 0.16 0.16 0.16 0.16 0.16 0.16 0.16 0.16 0.16 0.16 0.16 0.16 0.16 0.16 0.16 0.16 0.16 0.16 0.16 0.16 0.16 0.16 0.16 
map[0][.]=0 1 0 0 0 0 0 0 0 0 0 0 0 0 0 0 0 0 0 0 0 0 0 0 0 0 0 0 0 0 0 0 0 0 0 0 0 0 0 0 0 0 0 0 0 0 0 
map[1][.]=0 0 1 0 0 0 0 0 0 0 0 0 0 0 0 0 0 0 0 0 0 0 0 0 0 0 0 0 0 0 0 0 0 0 0 0 0 0 0 0 0 0 0 0 0 0 0 
map[2][.]=0 0 0 1 0 0 0 0 0 0 0 0 0 0 0 0 0 0 0 0 0 0 0 0 0 0 0 0 0 0 0 0 0 0 0 0 0 0 0 0 0 0 0 0 0 0 0 
map[3][.]=0 0 0 0 1 0 0 0 0 0 0 0 0 0 0 0 0 0 0 0 0 0 0 0 0 0 0 0 0 0 0 0 0 0 0 0 0 0 0 0 0 0 0 0 0 0 0 
map[4][.]=0 0 0 0 0 1 0 0 0 0 0 0 0 0 0 0 0 0 0 0 0 0 0 0 0 0 0 0 0 0 0 0 0 0 0 0 0 0 0 0 0 0 0 0 0 0 0 
map[5][.]=0 0 0 0 0 0 1 0 0 0 0 0 0 0 0 0 0 0 0 0 0 0 0 0 0 0 0 0 0 0 0 0 0 0 0 0 0 0 0 0 0 0 0 0 0 0 0 
map[6][.]=0 0 0 0 0 0 0 1 0 0 0 0 0 0 0 0 0 0 0 0 0 0 0 0 0 0 0 0 0 0 0 0 0 0 0 0 0 0 0 0 0 0 0 0 0 0 0 
map[7][.]=0 0 0 0 0 0 0 0 1 0 0 0 0 0 0 0 0 0 0 0 0 0 0 0 0 0 0 0 0 0 0 0 0 0 0 0 0 0 0 0 0 0 0 0 0 0 0 
map[8][.]=0 0 0 0 0 0 0 0 0 1 0 0 0 0 0 0 0 0 0 0 0 0 0 0 0 0 0 0 0 0 0 0 0 0 0 0 0 0 0 0 0 0 0 0 0 0 0 
map[9][.]=0 0 0 0 0 0 0 0 0 0 1 0 0 0 0 0 0 0 0 0 0 0 0 0 0 0 0 0 0 0 0 0 0 0 0 0 0 0 0 0 0 0 0 0 0 0 0 
map[10][.]=0 0 0 0 0 0 0 0 0 0 0 1 0 0 0 0 0 0 0 0 0 0 0 0 0 0 0 0 0 0 0 0 0 0 0 0 0 0 0 0 0 0 0 0 0 0 0 
map[11][.]=0 0 0 0 0 0 0 0 0 0 0 0 1 0 0 0 0 0 0 0 0 0 0 0 0 0 0 0 0 0 0 0 0 0 0 0 0 0 0 0 0 0 0 0 0 0 0 
map[12][.]=0 0 0 0 0 0 0 0 0 0 0 0 0 1 0 0 0 0 0 0 0 0 0 0 0 0 0 0 0 0 0 0 0 0 0 0 0 0 0 0 0 0 0 0 0 0 0 
map[13][.]=0 0 0 0 0 0 0 0 0 0 0 0 0 0 1 0 0 0 0 0 0 0 0 0 0 0 0 0 0 0 0 0 0 0 0 0 0 0 0 0 0 0 0 0 0 0 0 
map[14][.]=0 0 0 0 0 0 0 0 0 0 0 0 0 0 0 1 0 0 0 0 0 0 0 0 0 0 0 0 0 0 0 0 0 0 0 0 0 0 0 0 0 0 0 0 0 0 0 
map[15][.]=0 0 0 0 0 0 0 0 0 0 0 0 0 0 0 0 1 0 0 0 0 0 0 0 0 0 0 0 0 0 0 0 0 0 0 0 0 0 0 0 0 0 0 0 0 0 0 
map[16][.]=0 0 0 0 0 0 0 0 0 0 0 0 0 0 0 0 0 1 0 0 0 0 0 0 0 0 0 0 0 0 0 0 0 0 0 0 0 0 0 0 0 0 0 0 0 0 0 
map[17][.]=0 0 0 0 0 0 0 0 0 0 0 0 0 0 0 0 0 0 1 0 0 0 0 0 0 0 0 0 0 0 0 0 0 0 0 0 0 0 0 0 0 0 0 0 0 0 0 
map[18][.]=0 0 0 0 0 0 0 0 0 0 0 0 0 0 0 0 0 0 0 1 0 0 0 0 0 0 0 0 0 0 0 0 0 0 0 0 0 0 0 0 0 0 0 0 0 0 0 
map[19][.]=0 0 0 0 0 0 0 0 0 0 0 0 0 0 0 0 0 0 0 0 1 0 0 0 0 0 0 0 0 0 0 0 0 0 0 0 0 0 0 0 0 0 0 0 0 0 0 
map[20][.]=0 0 0 0 0 0 0 0 0 0 0 0 0 0 0 0 0 0 0 0 0 1 0 0 0 0 0 0 0 0 0 0 0 0 0 0 0 0 0 0 0 0 0 0 0 0 0 
map[21][.]=0 0 0 0 0 0 0 0 0 0 0 0 0 0 0 0 0 0 0 0 0 0 1 0 0 0 0 0 0 0 0 0 0 0 0 0 0 0 0 0 0 0 0 0 0 0 0 
map[22][.]=0 0 0 0 0 0 0 0 0 0 0 0 0 0 0 0 0 0 0 0 0 0 0 1 0 0 0 0 0 0 0 0 0 0 0 0 0 0 0 0 0 0 0 0 0 0 0 
map[23][.]=0 0 0 0 0 0 0 0 0 0 0 0 0 0 0 0 0 0 0 0 0 0 0 0 1 0 0 0 0 0 0 0 0 0 0 0 0 0 0 0 0 0 0 0 0 0 0 
map[24][.]=0 0 0 0 0 0 0 0 0 0 0 0 0 0 0 0 0 0 0 0 0 0 0 0 0 1 0 0 0 0 0 0 0 0 0 0 0 0 0 0 0 0 0 0 0 0 0 
map[25][.]=0 0 0 0 0 0 0 0 0 0 0 0 0 0 0 0 0 0 0 0 0 0 0 0 0 0 1 0 0 0 0 0 0 0 0 0 0 0 0 0 0 0 0 0 0 0 0 
map[26][.]=0 0 0 0 0 0 0 0 0 0 0 0 0 0 0 0 0 0 0 0 0 0 0 0 0 0 0 1 0 0 0 0 0 0 0 0 0 0 0 0 0 0 0 0 0 0 0 
map[27][.]=0 0 0 0 0 0 0 0 0 0 0 0 0 0 0 0 0 0 0 0 0 0 0 0 0 0 0 0 1 0 0 0 0 0 0 0 0 0 0 0 0 0 0 0 0 0 0 
map[28][.]=0 0 0 0 0 0 0 0 0 0 0 0 0 0 0 0 0 0 0 0 0 0 0 0 0 0 0 0 0 1 0 0 0 0 0 0 0 0 0 0 0 0 0 0 0 0 0 
map[29][.]=0 0 0 0 0 0 0 0 0 0 0 0 0 0 0 0 0 0 0 0 0 0 0 0 0 0 0 0 0 0 1 0 0 0 0 0 0 0 0 0 0 0 0 0 0 0 0 
map[30][.]=0 0 0 0 0 0 0 0 0 0 0 0 0 0 0 0 0 0 0 0 0 0 0 0 0 0 0 0 0 0 0 1 0 0 0 0 0 0 0 0 0 0 0 0 0 0 0 
map[31][.]=0 0 0 0 0 0 0 0 0 0 0 0 0 0 0 0 0 0 0 0 0 0 0 0 0 0 0 0 0 0 0 0 1 0 0 0 0 0 0 0 0 0 0 0 0 0 0 
map[32][.]=0 0 0 0 0 0 0 0 0 0 0 0 0 0 0 0 0 0 0 0 0 0 0 0 0 0 0 0 0 0 0 0 0 1 0 0 0 0 0 0 0 0 0 0 0 0 0 
map[33][.]=0 0 0 0 0 0 0 0 0 0 0 0 0 0 0 0 0 0 0 0 0 0 0 0 0 0 0 0 0 0 0 0 0 0 1 0 0 0 0 0 0 0 0 0 0 0 0 
map[34][.]=0 0 0 0 0 0 0 0 0 0 0 0 0 0 0 0 0 0 0 0 0 0 0 0 0 0 0 0 0 0 0 0 0 0 0 1 0 0 0 0 0 0 0 0 0 0 0 
map[35][.]=0 0 0 0 0 0 0 0 0 0 0 0 0 0 0 0 0 0 0 0 0 0 0 0 0 0 0 0 0 0 0 0 0 0 0 0 1 0 0 0 0 0 0 0 0 0 0 
map[36][.]=0 0 0 0 0 0 0 0 0 0 0 0 0 0 0 0 0 0 0 0 0 0 0 0 0 0 0 0 0 0 0 0 0 0 0 0 0 1 0 0 0 0 0 0 0 0 0 
map[37][.]=0 0 0 0 0 0 0 0 0 0 0 0 0 0 0 0 0 0 0 0 0 0 0 0 0 0 0 0 0 0 0 0 0 0 0 0 0 0 1 0 0 0 0 0 0 0 0 
map[38][.]=0 0 0 0 0 0 0 0 0 0 0 0 0 0 0 0 0 0 0 0 0 0 0 0 0 0 0 0 0 0 0 0 0 0 0 0 0 0 0 1 0 0 0 0 0 0 0 
map[39][.]=0 0 0 0 0 0 0 0 0 0 0 0 0 0 0 0 0 0 0 0 0 0 0 0 0 0 0 0 0 0 0 0 0 0 0 0 0 0 0 0 1 0 0 0 0 0 0 
map[40][.]=0 0 0 0 0 0 0 0 0 0 0 0 0 0 0 0 0 0 0 0 0 0 0 0 0 0 0 0 0 0 0 0 0 0 0 0 0 0 0 0 0 1 0 0 0 0 0 
map[41][.]=0 0 0 0 0 0 0 0 0 0 0 0 0 0 0 0 0 0 0 0 0 0 0 0 0 0 0 0 0 0 0 0 0 0 0 0 0 0 0 0 0 0 1 0 0 0 0 
map[42][.]=0 0 0 0 0 0 0 0 0 0 0 0 0 0 0 0 0 0 0 0 0 0 0 0 0 0 0 0 0 0 0 0 0 0 0 0 0 0 0 0 0 0 0 1 0 0 0 
map[43][.]=0 0 0 0 0 0 0 0 0 0 0 0 0 0 0 0 0 0 0 0 0 0 0 0 0 0 0 0 0 0 0 0 0 0 0 0 0 0 0 0 0 0 0 0 1 0 0 
map[44][.]=0 0 0 0 0 0 0 0 0 0 0 0 0 0 0 0 0 0 0 0 0 0 0 0 0 0 0 0 0 0 0 0 0 0 0 0 0 0 0 0 0 0 0 0 0 1 0 
map[45][.]=0 0 0 0 0 0 0 0 0 0 0 0 0 0 0 0 0 0 0 0 0 0 0 0 0 0 0 0 0 0 0 0 0 0 0 0 0 0 0 0 0 0 0 0 0 0 1 
map[46][.]=0 0 0 0 0 0 0 0 0 0 0 0 0 0 0 0 0 0 0 0 0 0 0 0 0 0 0 0 0 0 0 0 0 0 0 0 0 0 0 0 0 0 0 0 0 0 0 
isLast[.]=false false false false false false false false false false false false false false false false false false false false false false false false false false false false false false false false false false false false false false false false false false false false false false true 
descriptor[i][.]=(82, 245)(-0.0810811, -0.425993)(0.162162, -0.498195)(-0.387387, 0.487365)(0, 0.501805)
				 (82, 245)(-0.032491, -0.425993)(0.0649819, -0.498195)(-0.155235, 0.487365)(0, 0.501805)
				 (82, 245)(0.0541516, -0.498195)(-0.0144404, -0.371841)(-0.151625, -0.259928)(-0.166065, -0.0974729)(-0.0758123, 0.0541516)(-0.0288809, 0.227437)(-0.122744, 0.350181)(-0.122744, 0.487365)(0.0433213, 0.483755)(0.0794224, 0.353791)(0.126354, 0.184116)(0.111913, 0.0108303)(0.202166, -0.101083)(0.111913, -0.202166)(0.119134, -0.364621)
				 (82, 245)(-0.0180505, 0.158845)(0.032491, 0.415162)(0.115523, -0.0505415)(0.119134, -0.151625)(-0.0180505, -0.357401)(0.101083, 0.111913)(0.0830325, -0.3213)(-0.0433213, 0.126354)(-0.0216606, 0.155235)(-0.162455, 0.483755)(-0.0108303, 0.501805)(0.0541516, 0.487365)(0.032491, 0.415162)(0.101083, 0.111913)(0.115523, -0.0361011)(0.184116, -0.0758123)(0.191336, -0.144404)(0.119134, -0.151625)(0.0830325, -0.3213)(0.108303, -0.487365)(0.0649819, -0.498195)(-0.0866426, -0.32852)(-0.144404, -0.277978)(-0.184116, -0.212996)
descriptor[i][.]=(86, 245)(-0.0625, -0.460432)(0.178571, -0.5)(-0.303571, 0.485612)(0.0714286, 0.5)
				 (86, 245)(-0.0251799, -0.460432)(0.0719424, -0.5)(-0.122302, 0.485612)(0.028777, 0.5)
				 (86, 245)(0.0431655, -0.5)(-0.0215827, -0.377698)(-0.165468, -0.26259)(-0.165468, -0.0935252)(-0.0755396, 0.0647482)(-0.0467626, 0.215827)(-0.147482, 0.370504)(-0.0863309, 0.485612)(0.0863309, 0.485612)(0.0899281, 0.359712)(0.118705, 0.183453)(0.107914, 0.00719424)(0.201439, -0.118705)(0.111511, -0.223022)(0.111511, -0.374101)
				 (86, 245)(-0.028777, 0.140288)(0.111511, -0.0467626)(0.115108, -0.165468)(-0.0215827, -0.374101)(-0.104317, -0.028777)(-0.0323741, 0.208633)(0.057554, 0.417266)(0.0755396, -0.334532)(-0.172662, -0.104317)(-0.140288, -0.057554)(-0.104317, -0.028777)(-0.0323741, 0.136691)(-0.0323741, 0.208633)(-0.165468, 0.460432)(0.104317, 0.485612)(0.057554, 0.417266)(0.0755396, 0.395683)(0.100719, 0.341727)(0.194245, -0.107914)(0.201439, -0.143885)(0.118705, -0.18705)(0.104317, -0.356115)(0.122302, -0.395683)(0.100719, -0.489209)(0.0431655, -0.5)(-0.0359712, -0.44964)(-0.100719, -0.334532)
descriptor[i][.]=(91, 242)(-0.0176991, -0.43662)(0.19469, -0.5)(-0.0176991, 0.5)(0.371681, 0.5)
				 (91, 242)(-0.00704225, -0.43662)(0.0774648, -0.5)(-0.00704225, 0.5)(0.147887, 0.5)
				 (91, 242)(0.0739437, -0.5)(-0.028169, -0.362676)(-0.169014, -0.253521)(-0.140845, -0.0915493)(-0.0457746, 0.0669014)(-0.0492958, 0.221831)(-0.151408, 0.373239)(-0.0704225, 0.485915)(0.102113, 0.5)(0.0950704, 0.394366)(0.123239, 0.225352)(0.112676, 0.0492958)(0.161972, -0.0915493)(0.116197, -0.183099)(0.0985915, -0.352113)
				 (91, 242)(-0.00704225, 0.144366)(0.119718, -0.0774648)(0.116197, -0.179577)(-0.0140845, -0.376761)(0.0915493, 0.415493)(0.0880282, -0.338028)(-0.0105634, 0.140845)(-0.0985915, 0.482394)(0.147887, 0.5)(0.147887, 0.464789)(0.123239, -0.0633803)(0.190141, -0.0950704)(0.197183, -0.147887)(0.109155, -0.482394)(0.0246479, -0.478873)(-0.0140845, -0.380282)(-0.0633803, -0.355634)
descriptor[i][.]=(95, 241)(-0.027027, -0.472028)(0.144144, -0.5)(-0.045045, 0.5)(0.297297, 0.5)
				 (95, 241)(-0.0104895, -0.472028)(0.0559441, -0.5)(-0.0174825, 0.5)(0.115385, 0.5)
				 (95, 241)(0.0454545, -0.5)(-0.0244755, -0.367133)(-0.167832, -0.255245)(-0.13986, -0.0944056)(-0.0524476, 0.0559441)(-0.0314685, 0.22028)(-0.143357, 0.36014)(-0.0629371, 0.482517)(0.104895, 0.5)(0.104895, 0.374126)(0.118881, 0.202797)(0.111888, 0.0314685)(0.188811, -0.0979021)(0.115385, -0.213287)(0.115385, -0.370629)
				 (95, 241)(-0.00699301, 0.178322)(0.111888, 0.013986)(0.118881, -0.160839)(-0.020979, -0.370629)(0.0909091, 0.41958)(0.129371, -0.0804196)(0.0804196, -0.335664)(-0.0104895, 0.174825)(-0.160839, 0.395105)(-0.0979021, 0.482517)(0.115385, 0.5)(0.111888, 0.013986)(0.129371, -0.0769231)(0.188811, -0.0979021)(0.108392, -0.36014)(0.122378, -0.426573)(0.101399, -0.482517)(0.0559441, -0.5)(-0.0244755, -0.402098)(-0.0699301, -0.34965)
descriptor[i][.]=(103, 243)(-0.00952381, -0.478723)(0.171429, -0.5)(-0.0761905, 0.5)(0.27619, 0.5)
				 (103, 243)(-0.0035461, -0.478723)(0.0638298, -0.5)(-0.0283688, 0.5)(0.102837, 0.5)
				 (103, 243)(0.0496454, -0.5)(-0.0141844, -0.379433)(-0.138298, -0.265957)(-0.14539, -0.120567)(-0.0638298, 0.0319149)(0, 0.198582)(-0.117021, 0.326241)(-0.0815603, 0.460993)(0.0673759, 0.5)(0.0886525, 0.382979)(0.138298, 0.223404)(0.131206, 0.0567376)(0.180851, -0.0780142)(0.109929, -0.212766)(0.109929, -0.368794)
				 (103, 243)(0.0035461, 0.205674)(0.0815603, -0.333333)(-0.0177305, -0.368794)(0.117021, -0.152482)(0, 0.202128)(-0.0531915, 0.492908)(0.102837, 0.5)(0.187943, -0.0957447)(0.109929, -0.283688)(0.0851064, -0.329787)(0.12766, -0.397163)(0.102837, -0.475177)(0.0638298, -0.5)(0.0070922, -0.489362)(-0.0248227, -0.429078)(-0.0602837, -0.35461)(-0.102837, -0.329787)
descriptor[i][.]=(108, 244)(-0.0606061, -0.415771)(0.242424, -0.494624)(-0.151515, 0.501792)(0.222222, 0.501792)
				 (108, 244)(-0.0215054, -0.415771)(0.0860215, -0.494624)(-0.0537634, 0.501792)(0.078853, 0.501792)
				 (108, 244)(0.0358423, -0.498208)(-0.0286738, -0.362007)(-0.154122, -0.236559)(-0.121864, -0.0896057)(-0.0537634, 0.0681004)(-0.00716846, 0.232975)(-0.136201, 0.340502)(-0.0716846, 0.487455)(0.0896057, 0.491039)(0.0860215, 0.37276)(0.157706, 0.222222)(0.139785, 0.0573477)(0.175627, -0.0896057)(0.107527, -0.225806)(0.114695, -0.379928)
				 (108, 244)(-0.00716846, 0.193548)(0.0573477, 0.433692)(0.121864, 0)(0.111111, -0.146953)(-0.0250896, -0.365591)(-0.0143369, 0.25448)(0.103943, 0.27957)(0.078853, -0.329749)(-0.00716846, 0.193548)(-0.0143369, 0.250896)(-0.143369, 0.365591)(-0.0716846, 0.491039)(0.114695, 0.483871)(0.0573477, 0.433692)(0.103943, 0.27957)(0.121864, 0)(0.179211, -0.0645161)(0.111111, -0.146953)(0.0967742, -0.290323)(0.100358, -0.480287)(0.0107527, -0.491039)(-0.0250896, -0.369176)(-0.0967742, -0.329749)
descriptor[i][.]=(121, 246)(-0.0217391, -0.481884)(0.163043, -0.5)(-0.326087, 0.5)(0.0543478, 0.5)
				 (121, 246)(-0.00724638, -0.481884)(0.0543478, -0.5)(-0.108696, 0.5)(0.0181159, 0.5)
				 (121, 246)(0.0289855, -0.5)(-0.0326087, -0.376812)(-0.144928, -0.246377)(-0.123188, -0.0905797)(-0.0869565, 0.0652174)(-0.0326087, 0.224638)(-0.130435, 0.351449)(-0.115942, 0.48913)(0.0326087, 0.485507)(0.0471014, 0.369565)(0.15942, 0.23913)(0.137681, 0.076087)(0.134058, -0.0688406)(0.0869565, -0.213768)(0.0869565, -0.376812)
				 (121, 246)(-0.0326087, 0.213768)(0.0253623, 0.398551)(0.0543478, -0.311594)(-0.0362319, -0.369565)(-0.119565, -0.0833333)(-0.0543478, 0.286232)(0.108696, 0.0144928)(0.0942029, -0.101449)(-0.119565, -0.0833333)(-0.0434783, 0.199275)(-0.0543478, 0.282609)(-0.0724638, 0.293478)(-0.112319, 0.315217)(-0.137681, 0.355072)(-0.115942, 0.496377)(0.0688406, 0.481884)(0.163043, 0.235507)(0.112319, 0.0181159)(0.137681, -0.0181159)(0.141304, -0.0615942)(0.057971, -0.307971)(0.101449, -0.394928)(0.0833333, -0.481884)(0.0289855, -0.5)(-0.0362319, -0.369565)(-0.105072, -0.322464)
descriptor[i][.]=(133, 244)(-0.102273, -0.480287)(0.0568182, -0.498208)(-0.454545, 0.501792)(0.0568182, 0.487455)
				 (133, 244)(-0.0322581, -0.480287)(0.0179211, -0.498208)(-0.143369, 0.501792)(0.0179211, 0.487455)
				 (133, 244)(0.0143369, -0.498208)(-0.0537634, -0.390681)(-0.139785, -0.258065)(-0.136201, -0.100358)(-0.111111, 0.0609319)(-0.0645161, 0.218638)(-0.121864, 0.37276)(-0.125448, 0.501792)(0.0322581, 0.476703)(0.0824373, 0.376344)(0.157706, 0.236559)(0.121864, 0.078853)(0.0896057, -0.078853)(0.0681004, -0.222222)(0.078853, -0.369176)
				 (133, 244)(-0.0645161, 0.207885)(0.0537634, 0.394265)(-0.0501792, -0.365591)(-0.078853, 0.114695)(-0.0824373, 0.111111)(-0.0681004, 0.204301)(-0.150538, 0.498208)(0.0501792, 0.473118)(0.0896057, 0.451613)(0.0286738, -0.494624)(-0.0322581, -0.480287)(-0.0716846, -0.422939)(-0.111111, -0.315412)
descriptor[i][.]=(134, 244)(-0.150538, -0.483871)(0.16129, -0.498208)(-0.387097, 0.501792)(0.301075, 0.473118)
				 (134, 244)(-0.0501792, -0.483871)(0.0537634, -0.498208)(-0.129032, 0.501792)(0.100358, 0.473118)
				 (134, 244)(0.0250896, -0.498208)(-0.0573477, -0.419355)(-0.121864, -0.27957)(-0.11828, -0.121864)(-0.100358, 0.0430108)(-0.0681004, 0.200717)(-0.111111, 0.351254)(-0.132616, 0.498208)(0.0215054, 0.469534)(0.100358, 0.390681)(0.164875, 0.229391)(0.136201, 0.0716846)(0.0896057, -0.09319)(0.0824373, -0.215054)(0.0896057, -0.37276)
				 (134, 244)(-0.0609319, 0.222222)(0.09319, 0.405018)(0.0896057, -0.0824373)(0.0501792, -0.311828)(-0.0430108, -0.37276)(-0.0716846, 0.0967742)(-0.11828, 0.0143369)(-0.0752688, 0.157706)(-0.154122, 0.408602)(-0.164875, 0.462366)(-0.136201, 0.498208)(0.100358, 0.473118)(0.09319, 0.405018)(0.0967742, -0.0716846)(0.125448, -0.139785)(0.129032, -0.175627)(0.0609319, -0.297491)(0.0681004, -0.491039)(-0.0501792, -0.483871)(-0.0752688, -0.455197)(-0.121864, -0.286738)
descriptor[i][.]=(141, 242)(-0.0618557, -0.440141)(0.257732, -0.5)(-0.329897, 0.5)(0.484536, 0.485915)
				 (141, 242)(-0.0211268, -0.440141)(0.0880282, -0.5)(-0.112676, 0.5)(0.165493, 0.485915)
				 (141, 242)(0.00704225, -0.5)(-0.0598592, -0.352113)(-0.109155, -0.183099)(-0.084507, -0.00352113)(-0.0492958, 0.169014)(-0.116197, 0.338028)(-0.123239, 0.489437)(-0.0352113, 0.419014)(0.0669014, 0.471831)(0.130282, 0.419014)(0.161972, 0.242958)(0.140845, 0.0633803)(0.116197, -0.116197)(0.0950704, -0.246479)(0.119718, -0.411972)
				 (141, 242)(-0.0457746, 0.183099)(-0.00704225, 0.390845)(0.130282, 0.422535)(0.105634, -0.126761)(0.0704225, -0.327465)(-0.0140845, -0.387324)(-0.0457746, 0.0669014)(-0.0457746, 0.0669014)(-0.056338, 0.144366)(-0.165493, 0.40493)(-0.119718, 0.496479)(-0.0528169, 0.5)(-0.0176056, 0.478873)(0.165493, 0.485915)(0.116197, -0.116197)(0.140845, -0.169014)(0.0739437, -0.323944)(0.105634, -0.369718)(0.123239, -0.419014)(0.0950704, -0.496479)(0.00704225, -0.5)(-0.0528169, -0.362676)
descriptor[i][.]=(144, 239)(-0.132653, -0.33218)(0.255102, -0.49827)(-0.204082, 0.50173)(0.479592, 0.487889)
				 (144, 239)(-0.0449827, -0.33218)(0.0865052, -0.49827)(-0.0692042, 0.50173)(0.16263, 0.487889)
				 (144, 239)(0.0657439, -0.49827)(-0.00346021, -0.359862)(-0.083045, -0.214533)(-0.0553633, -0.0622837)(-0.0242215, 0.100346)(-0.0484429, 0.262976)(-0.15917, 0.384083)(-0.0553633, 0.49481)(0.107266, 0.487889)(0.117647, 0.408304)(0.16263, 0.252595)(0.16263, 0.0899654)(0.155709, -0.0726644)(0.121107, -0.214533)(0.134948, -0.363322)
				 (144, 239)(-0.017301, 0.204152)(0.110727, 0.432526)(0.0934256, -0.294118)(0.0138408, -0.391003)(-0.16955, 0.411765)(-0.124567, 0.467128)(-0.0899654, 0.49481)(0.16263, 0.487889)(0.0968858, -0.290657)(0.134948, -0.363322)(0.131488, -0.418685)(0.114187, -0.477509)(0.0934256, -0.49481)(0.0657439, -0.49827)(0.00346021, -0.442907)
descriptor[i][.]=(149, 241)(-0.141304, -0.336842)(0.271739, -0.498246)(-0.304348, 0.501754)(0.402174, 0.487719)
				 (149, 241)(-0.045614, -0.336842)(0.0877193, -0.498246)(-0.0982456, 0.501754)(0.129825, 0.487719)
				 (149, 241)(0.0666667, -0.498246)(0.00350877, -0.364912)(-0.0912281, -0.22807)(-0.0631579, -0.0701754)(-0.0210526, 0.0947368)(-0.0280702, 0.249123)(-0.157895, 0.368421)(-0.0842105, 0.501754)(0.077193, 0.487719)(0.0982456, 0.421053)(0.150877, 0.266667)(0.150877, 0.105263)(0.157895, -0.0596491)(0.115789, -0.207018)(0.122807, -0.364912)
				 (149, 241)(0.00350877, 0.207018)(0.0947368, 0.42807)(0.0912281, -0.319298)(0.00350877, -0.364912)(-0.0631579, -0.115789)(-0.0666667, -0.119298)(-0.0596491, -0.0140351)(-0.157895, 0.364912)(-0.161404, 0.414035)(-0.105263, 0.498246)(0.150877, 0.477193)(0.0947368, 0.42807)(0.161404, 0.238596)(0.0947368, -0.315789)(0.136842, -0.389474)(0.0666667, -0.498246)(-0.045614, -0.336842)
descriptor[i][.]=(162, 241)(-0.0108696, -0.471429)(0.184783, -0.5)(-0.304348, 0.496429)(0.217391, 0.496429)
				 (162, 241)(-0.00357143, -0.471429)(0.0607143, -0.5)(-0.1, 0.496429)(0.0714286, 0.496429)
				 (162, 241)(0.0535714, -0.5)(-0.0107143, -0.382143)(-0.1, -0.242857)(-0.0821429, -0.0857143)(-0.0357143, 0.075)(0.00357143, 0.232143)(-0.121429, 0.335714)(-0.125, 0.475)(0.0428571, 0.496429)(0.0678571, 0.410714)(0.125, 0.253571)(0.135714, 0.0892857)(0.160714, -0.0642857)(0.107143, -0.203571)(0.114286, -0.353571)
				 (162, 241)(0.0178571, 0.217857)(0.05, 0.446429)(0.075, -0.292857)(-0.0107143, -0.367857)(-0.0821429, -0.0964286)(0.117857, -0.103571)(-0.0821429, -0.0964286)(-0.160714, 0.360714)(-0.139286, 0.457143)(-0.107143, 0.492857)(-0.0714286, 0.5)(0.0964286, 0.489286)(0.05, 0.446429)(0.164286, -0.05)(0.0785714, -0.289286)(0.114286, -0.35)(0.0607143, -0.5)(0.0321429, -0.492857)(-0.025, -0.435714)(-0.0642857, -0.321429)
descriptor[i][.]=(177, 243)(-0.0222222, -0.494662)(0.111111, -0.498221)(-0.166667, 0.501779)(0.144444, 0.487544)
				 (177, 243)(-0.00711744, -0.494662)(0.0355872, -0.498221)(-0.0533808, 0.501779)(0.0462633, 0.487544)
				 (177, 243)(0, -0.498221)(-0.0427046, -0.352313)(-0.142349, -0.217082)(-0.106762, -0.0604982)(-0.0462633, 0.0925267)(-0.0213523, 0.245552)(-0.142349, 0.370107)(-0.0747331, 0.491103)(0.024911, 0.462633)(0.0711744, 0.330961)(0.117438, 0.177936)(0.0996441, 0.0106762)(0.145907, -0.117438)(0.0747331, -0.241993)(0.103203, -0.398577)
				 (177, 243)(-0.00711744, 0.177936)(-0.00355872, 0.437722)(0.0996441, -0.0391459)(0.0533808, -0.298932)(-0.0391459, -0.359431)(-0.106762, -0.0782918)(-0.0569395, 0.0640569)(-0.0427046, 0.27758)(0.0960854, -0.124555)(-0.0569395, 0.0640569)(-0.0213523, 0.160142)(-0.0427046, 0.27758)(-0.128114, 0.480427)(0.0462633, 0.487544)(0.103203, -0.024911)(0.149466, -0.0604982)(0.160142, -0.11032)(0.0960854, -0.124555)(0.0569395, -0.295374)(0.0854093, -0.345196)(0.103203, -0.391459)(0.0854093, -0.480427)(0, -0.498221)(-0.0925267, -0.320285)
descriptor[i][.]=(180, 244)(-0.0927835, -0.476703)(0.154639, -0.498208)(-0.0618557, 0.501792)(0.164948, 0.501792)
				 (180, 244)(-0.0322581, -0.476703)(0.0537634, -0.498208)(-0.0215054, 0.501792)(0.0573477, 0.501792)
				 (180, 244)(0.0430108, -0.498208)(-0.0250896, -0.390681)(-0.125448, -0.261649)(-0.132616, -0.114695)(-0.0716846, 0.0286738)(-0.0179211, 0.193548)(-0.09319, 0.351254)(-0.0967742, 0.480287)(0.0645161, 0.491039)(0.0860215, 0.34767)(0.129032, 0.182796)(0.107527, 0.0179211)(0.175627, -0.111111)(0.0896057, -0.21147)(0.100358, -0.362007)
				 (180, 244)(-0.0143369, 0.129032)(0.0250896, 0.419355)(0.107527, -0.0681004)(0.09319, -0.157706)(-0.0250896, -0.376344)(-0.100358, -0.0752688)(-0.0143369, 0.21147)(0.0573477, -0.322581)(-0.103943, -0.0322581)(-0.100358, 0.0107527)(-0.0179211, 0.125448)(-0.0179211, 0.179211)(-0.0143369, 0.21147)(-0.129032, 0.394265)(-0.129032, 0.473118)(0.0573477, 0.501792)(0.0609319, 0.387097)(0.164875, -0.09319)(0.175627, -0.132616)(0.09319, -0.157706)(0.100358, -0.362007)(0.0860215, -0.487455)(0.0537634, -0.498208)(-0.0322581, -0.476703)(-0.046595, -0.451613)(-0.0824373, -0.333333)(-0.16129, -0.218638)
descriptor[i][.]=(189, 241)(-0.01, -0.496503)(0.19, -0.5)(-0.11, 0.5)(0.39, 0.5)
				 (189, 241)(-0.0034965, -0.496503)(0.0664336, -0.5)(-0.0384615, 0.5)(0.136364, 0.5)
				 (189, 241)(0.0034965, -0.5)(-0.0559441, -0.353147)(-0.171329, -0.213287)(-0.0979021, -0.0664336)(-0.0244755, 0.0944056)(-0.0629371, 0.258741)(-0.15035, 0.416084)(-0.0244755, 0.5)(0.143357, 0.48951)(0.115385, 0.342657)(0.125874, 0.178322)(0.101399, 0.0034965)(0.171329, -0.132867)(0.0839161, -0.234266)(0.108392, -0.398601)
				 (189, 241)(-0.0174825, 0.164336)(0.0979021, 0.00699301)(0.0559441, -0.307692)(-0.027972, -0.367133)(-0.0979021, -0.0699301)(-0.020979, 0.0979021)(0.0874126, 0.433566)(0.111888, -0.104895)(0.0944056, -0.178322)(-0.171329, -0.164336)(-0.0244755, 0.0944056)(-0.0244755, 0.153846)(-0.15035, 0.388112)(-0.160839, 0.433566)(-0.15035, 0.461538)(0.136364, 0.5)(0.0979021, 0.00699301)(0.111888, -0.101399)(0.171329, -0.129371)(0.15035, -0.185315)(0.0944056, -0.178322)(0.0629371, -0.297203)(0.0839161, -0.486014)(0.0034965, -0.5)(-0.027972, -0.367133)(-0.167832, -0.230769)
descriptor[i][.]=(191, 240)(-0.00990099, -0.461806)(0.148515, -0.5)(-0.227723, 0.486111)(0.386139, 0.5)
				 (191, 240)(-0.00347222, -0.461806)(0.0520833, -0.5)(-0.0798611, 0.486111)(0.135417, 0.5)
				 (191, 240)(0.0451389, -0.5)(-0.03125, -0.357639)(-0.15625, -0.232639)(-0.0902778, -0.0763889)(-0.0243056, 0.0833333)(-0.0416667, 0.246528)(-0.145833, 0.395833)(-0.03125, 0.486111)(0.138889, 0.496528)(0.131944, 0.385417)(0.128472, 0.215278)(0.104167, 0.0451389)(0.135417, -0.114583)(0.0972222, -0.204861)(0.100694, -0.364583)
				 (191, 240)(-0.00694444, 0.107639)(0.104167, 0.0729167)(0.0659722, -0.305556)(-0.0208333, -0.364583)(-0.0833333, -0.0659722)(-0.0138889, 0.208333)(0.121528, 0.4375)(0.111111, -0.0972222)(0.100694, -0.1875)(-0.145833, -0.142361)(-0.0868056, -0.0694444)(-0.0833333, -0.0104167)(-0.0208333, 0.0902778)(-0.0138889, 0.197917)(-0.15625, 0.434028)(0.177083, 0.482639)(0.111111, 0.0833333)(0.114583, -0.0833333)(0.166667, -0.125)(0.149306, -0.190972)(0.100694, -0.1875)(0.0694444, -0.302083)(0.0902778, -0.486111)(0.0520833, -0.5)(-0.0173611, -0.423611)(-0.0590278, -0.350694)
descriptor[i][.]=(201, 240)(-0.103093, -0.484321)(0.206186, -0.498258)(-0.226804, 0.487805)(0.463918, 0.487805)
				 (201, 240)(-0.0348432, -0.484321)(0.0696864, -0.498258)(-0.0766551, 0.487805)(0.156794, 0.487805)
				 (201, 240)(0.0557491, -0.498258)(-0.0348432, -0.414634)(-0.125436, -0.278746)(-0.118467, -0.118467)(-0.0418118, 0.0383275)(0.00348432, 0.209059)(-0.121951, 0.344948)(-0.0801394, 0.484321)(0.0905923, 0.501742)(0.114983, 0.41115)(0.12892, 0.236934)(0.114983, 0.0662021)(0.121951, -0.108014)(0.101045, -0.191638)(0.087108, -0.351916)
				 (201, 240)(0.00348432, 0.195122)(0.10453, 0.0278746)(0.0592334, -0.313589)(-0.0209059, -0.376307)(0.114983, -0.097561)(0.10453, -0.1777)(0, 0.191638)(-0.146341, 0.362369)(-0.15331, 0.393728)(-0.146341, 0.428571)(-0.0940767, 0.477352)(0.156794, 0.487805)(0.10453, 0.0278746)(0.160279, -0.118467)(0.170732, -0.167247)(0.10453, -0.1777)(0.0627178, -0.310105)(0.111498, -0.400697)(0.0836237, -0.491289)(-0.0348432, -0.484321)(-0.0487805, -0.432056)(-0.0766551, -0.344948)
descriptor[i][.]=(207, 242)(-0.0105263, -0.485915)(0.221053, -0.5)(-0.0105263, 0.5)(0.242105, 0.5)
				 (207, 242)(-0.00352113, -0.485915)(0.0739437, -0.5)(-0.00352113, 0.5)(0.0809859, 0.5)
				 (207, 242)(0.0211268, -0.5)(-0.0492958, -0.359155)(-0.158451, -0.228873)(-0.0880282, -0.0774648)(-0.028169, 0.0809859)(-0.0176056, 0.246479)(-0.147887, 0.366197)(-0.0528169, 0.485915)(0.105634, 0.485915)(0.109155, 0.352113)(0.123239, 0.183099)(0.109155, 0.0140845)(0.169014, -0.126761)(0.084507, -0.235915)(0.0985915, -0.387324)
				 (207, 242)(0.00352113, 0.200704)(0.056338, -0.316901)(-0.0352113, -0.369718)(-0.0528169, 0.288732)(0.0985915, -0.169014)(0, 0.197183)(-0.0528169, 0.285211)(-0.0985915, 0.309859)(-0.144366, 0.352113)(-0.0915493, 0.482394)(0.123239, 0.485915)(0.169014, -0.123239)(0.165493, -0.158451)(0.0985915, -0.169014)(0.0598592, -0.31338)(0.0950704, -0.366197)(0.084507, -0.492958)(0.0211268, -0.5)(-0.0387324, -0.422535)(-0.0352113, -0.369718)(-0.0704225, -0.355634)(-0.158451, -0.239437)
descriptor[i][.]=(218, 241)(-0.0348837, -0.463158)(0.174419, -0.498246)(-0.186047, 0.501754)(0.139535, 0.501754)
				 (218, 241)(-0.0105263, -0.463158)(0.0526316, -0.498246)(-0.0561404, 0.501754)(0.0421053, 0.501754)
				 (218, 241)(0.0491228, -0.498246)(-0.0315789, -0.382456)(-0.122807, -0.238596)(-0.105263, -0.0912281)(-0.0631579, 0.0596491)(-0.00350877, 0.210526)(-0.108772, 0.319298)(-0.0736842, 0.463158)(0.0596491, 0.491228)(0.0877193, 0.368421)(0.150877, 0.22807)(0.126316, 0.0701754)(0.14386, -0.0666667)(0.0842105, -0.196491)(0.0842105, -0.347368)
				 (218, 241)(0, 0.224561)(0.0561404, 0.449123)(0.105263, -0.0140351)(0.0561404, -0.273684)(-0.0315789, -0.357895)(-0.0912281, -0.0736842)(-0.0385965, 0.291228)(0.0877193, -0.126316)(-0.0807018, 0.0245614)(-0.00350877, 0.221053)(-0.0385965, 0.291228)(-0.133333, 0.34386)(-0.129825, 0.378947)(-0.0631579, 0.498246)(0.0877193, 0.484211)(0.0561404, 0.449123)(0.108772, -0.0105263)(0.14386, -0.0596491)(0.0596491, -0.270175)(0.077193, -0.466667)(0.0596491, -0.494737)(-0.0315789, -0.445614)(-0.077193, -0.319298)
descriptor[i][.]=(227, 243)(-0.197674, -0.466192)(0.0465116, -0.498221)(-0.209302, 0.501779)(0.0348837, 0.501779)
				 (227, 243)(-0.0604982, -0.466192)(0.0142349, -0.498221)(-0.0640569, 0.501779)(0.0106762, 0.501779)
				 (227, 243)(0.00711744, -0.498221)(-0.0569395, -0.391459)(-0.128114, -0.241993)(-0.117438, -0.0960854)(-0.0782918, 0.0569395)(-0.0284698, 0.217082)(-0.120996, 0.330961)(-0.106762, 0.480427)(0.0427046, 0.487544)(0.0711744, 0.366548)(0.153025, 0.227758)(0.11032, 0.0711744)(0.113879, -0.0747331)(0.0604982, -0.224199)(0.0818505, -0.370107)
				 (227, 243)(-0.0213523, 0.231317)(0.0498221, 0.384342)(0.0925267, 0.0320285)(0.0320285, -0.298932)(-0.0498221, -0.359431)(-0.106762, -0.0782918)(0.0818505, -0.11032)(-0.106762, -0.0782918)(-0.11032, 0.0142349)(-0.0284698, 0.220641)(-0.13879, 0.348754)(-0.106762, 0.483986)(0.0604982, 0.483986)(0.0498221, 0.384342)(0.149466, 0.238434)(0.0960854, 0.0355872)(0.128114, -0.0462633)(0.0355872, -0.295374)(0.0569395, -0.476868)(0.0142349, -0.498221)(-0.0604982, -0.466192)
descriptor[i][.]=(240, 242)(-0.0697674, -0.5)(0.0348837, -0.496479)(-0.406977, 0.5)(0.0232558, 0.485915)
				 (240, 242)(-0.0211268, -0.5)(0.0105634, -0.496479)(-0.123239, 0.5)(0.00704225, 0.485915)
				 (240, 242)(-0.0211268, -0.5)(-0.0704225, -0.369718)(-0.126761, -0.228873)(-0.126761, -0.0669014)(-0.0880282, 0.084507)(-0.056338, 0.242958)(-0.119718, 0.394366)(-0.0809859, 0.5)(0.0669014, 0.450704)(0.0915493, 0.316901)(0.144366, 0.161972)(0.0774648, 0.00704225)(0.123239, -0.137324)(0.0387324, -0.239437)(0.0739437, -0.387324)
				 (240, 242)(-0.0528169, 0.235915)(0.0352113, 0.390845)(0.0739437, -0.0105634)(0.0211268, -0.274648)(-0.084507, 0.0669014)(0.056338, -0.151408)(-0.119718, 0.0387324)(-0.084507, 0.0669014)(-0.0528169, 0.235915)(-0.151408, 0.464789)(-0.130282, 0.496479)(0.0669014, 0.450704)(0.147887, 0.239437)(0.0774648, -0.00704225)(0.119718, -0.105634)(0.123239, -0.144366)(0.056338, -0.151408)(0.0246479, -0.271127)(0.0739437, -0.380282)(0.0387324, -0.485915)(-0.0211268, -0.5)(-0.112676, -0.31338)
descriptor[i][.]=(242, 242)(-0.0449438, -0.491166)(0.134831, -0.498233)(-0.41573, 0.501767)(0.314607, 0.487633)
				 (242, 242)(-0.0141343, -0.491166)(0.0424028, -0.498233)(-0.130742, 0.501767)(0.0989399, 0.487633)
				 (242, 242)(0.0212014, -0.498233)(-0.04947, -0.374558)(-0.113074, -0.222615)(-0.120141, -0.0600707)(-0.0706714, 0.0989399)(-0.0671378, 0.261484)(-0.14841, 0.40636)(-0.0706714, 0.501767)(0.0848057, 0.487633)(0.102473, 0.35689)(0.159011, 0.19788)(0.0954064, 0.0353357)(0.120141, -0.120141)(0.0565371, -0.212014)(0.0742049, -0.360424)
				 (242, 242)(-0.0530035, 0.229682)(0.0106007, 0.466431)(0.0777385, 0.40636)(0.0777385, -0.0742049)(0.024735, -0.300353)(-0.04947, -0.360424)(-0.0706714, 0.0954064)(0.0671378, -0.183746)(-0.0530035, 0.229682)(-0.155477, 0.448763)(-0.144876, 0.4947)(0.0106007, 0.466431)(0.0848057, 0.487633)(0.120141, 0.469965)(0.0777385, 0.40636)(0.155477, 0.236749)(0.0812721, -0.0706714)(0.137809, -0.130742)(0.134276, -0.173145)(0.0671378, -0.183746)(0.0318021, -0.289753)(0.0600707, -0.480565)(-0.0141343, -0.491166)(-0.04947, -0.360424)(-0.109541, -0.286219)
descriptor[i][.]=(251, 241)(-0.029703, -0.5)(0.0891089, -0.489796)(-0.356436, 0.486395)(0.455446, 0.496599)
				 (251, 241)(-0.0102041, -0.5)(0.0306122, -0.489796)(-0.122449, 0.486395)(0.156463, 0.496599)
				 (251, 241)(-0.0102041, -0.5)(-0.0612245, -0.346939)(-0.105442, -0.180272)(-0.112245, -0.0136054)(-0.0680272, 0.14966)(-0.119048, 0.306122)(-0.156463, 0.465986)(0, 0.455782)(0.159864, 0.493197)(0.119048, 0.360544)(0.142857, 0.190476)(0.0986395, 0.0272109)(0.102041, -0.139456)(0.0544218, -0.227891)(0.0782313, -0.380952)
				 (251, 241)(-0.0680272, 0.197279)(-0.00340136, 0.452381)(0.105442, 0.404762)(0.0340136, -0.278912)(-0.0442177, -0.367347)(-0.0680272, 0.0646259)(0.0816327, -0.0952381)(0.0646259, -0.207483)(-0.105442, 0.0102041)(-0.0782313, 0.0544218)(-0.0680272, 0.197279)(-0.170068, 0.428571)(-0.129252, 0.482993)(-0.0306122, 0.472789)(-0.00340136, 0.452381)(0.037415, 0.469388)(0.142857, 0.5)(0.119048, 0.367347)(0.146259, 0.207483)(0.085034, -0.0918367)(0.132653, -0.204082)(0.037415, -0.27551)(0.0612245, -0.472789)(-0.0102041, -0.5)(-0.0442177, -0.384354)
descriptor[i][.]=(254, 238)(-0.0194175, -0.467354)(0.0776699, -0.498282)(-0.320388, 0.501718)(0.38835, 0.501718)
				 (254, 238)(-0.00687285, -0.467354)(0.0274914, -0.498282)(-0.113402, 0.501718)(0.137457, 0.501718)
				 (254, 238)(0.0171821, -0.498282)(-0.0549828, -0.340206)(-0.0927835, -0.164948)(-0.0927835, 0.0137457)(-0.0584192, 0.19244)(-0.134021, 0.357388)(-0.123711, 0.491409)(-0.0206186, 0.412371)(0.024055, 0.4811)(0.171821, 0.463918)(0.134021, 0.295533)(0.123711, 0.113402)(0.0962199, -0.0652921)(0.106529, -0.213058)(0.0721649, -0.347079)
				 (254, 238)(-0.0584192, 0.213058)(0.00343643, 0.367698)(0.0549828, -0.24055)(-0.0584192, 0.0756014)(0.0412371, -0.309278)(-0.0618557, 0.0721649)(-0.0618557, 0.202749)(-0.168385, 0.484536)(-0.0412371, 0.487973)(0.0103093, 0.477663)(0.127148, 0.501718)(0.175258, 0.484536)(0.14433, -0.19244)(0.0412371, -0.309278)(0.0756014, -0.350515)(0.0893471, -0.388316)(0.0274914, -0.498282)(-0.0893471, -0.302405)
descriptor[i][.]=(256, 239)(-0.0306122, -0.437931)(0.193878, -0.5)(-0.357143, 0.5)(0.479592, 0.486207)
				 (256, 239)(-0.0103448, -0.437931)(0.0655172, -0.5)(-0.12069, 0.5)(0.162069, 0.486207)
				 (256, 239)(0.0551724, -0.5)(-0.0206897, -0.351724)(-0.0689655, -0.193103)(-0.0586207, -0.0206897)(-0.0172414, 0.155172)(-0.0931034, 0.317241)(-0.144828, 0.455172)(-0.0448276, 0.451724)(0.0724138, 0.486207)(0.124138, 0.424138)(0.151724, 0.251724)(0.137931, 0.0793103)(0.12069, -0.0965517)(0.106897, -0.196552)(0.103448, -0.355172)
				 (256, 239)(-0.0172414, 0.165517)(-0.00689655, 0.417241)(0.0655172, -0.296552)(-0.0103448, -0.368966)(-0.0758621, 0.303448)(0.103448, -0.2)(-0.0172414, 0.165517)(-0.0758621, 0.303448)(-0.127586, 0.496552)(-0.0413793, 0.486207)(0.168966, 0.482759)(0.165517, -0.17931)(0.103448, -0.2)(0.0931034, -0.241379)(0.0689655, -0.293103)(0.0965517, -0.486207)(0.0551724, -0.5)(-0.0137931, -0.4)(-0.0103448, -0.368966)
descriptor[i][.]=(260, 240)(-0.175258, -0.298611)(0.226804, -0.5)(-0.298969, 0.5)(0.443299, 0.5)
				 (260, 240)(-0.0590278, -0.298611)(0.0763889, -0.5)(-0.100694, 0.5)(0.149306, 0.5)
				 (260, 240)(0.0625, -0.5)(-0.0173611, -0.354167)(-0.0694444, -0.194444)(-0.0520833, -0.0243056)(-0.00347222, 0.149306)(-0.0729167, 0.302083)(-0.15625, 0.440972)(-0.0451389, 0.4375)(0.0763889, 0.486111)(0.107639, 0.430556)(0.152778, 0.267361)(0.142361, 0.09375)(0.128472, -0.0798611)(0.104167, -0.190972)(0.100694, -0.354167)
				 (260, 240)(0, 0.1875)(-0.0208333, 0.420139)(0.0729167, -0.298611)(0.107639, -0.180556)(0, 0.1875)(-0.163194, 0.381944)(-0.107639, 0.496528)(-0.0763889, 0.5)(-0.0104167, 0.46875)(0.149306, 0.5)(0.166667, -0.170139)(0.107639, -0.180556)(0.0763889, -0.295139)(0.118056, -0.423611)(0.100694, -0.486111)(0.0763889, -0.5)(0.00347222, -0.447917)
descriptor[i][.]=(270, 242)(-0.0786517, -0.43662)(0.202247, -0.5)(-0.235955, 0.5)(0.314607, 0.496479)
				 (270, 242)(-0.0246479, -0.43662)(0.0633803, -0.5)(-0.0739437, 0.5)(0.0985915, 0.496479)
				 (270, 242)(0.0598592, -0.5)(-0.0105634, -0.380282)(-0.0704225, -0.225352)(-0.056338, -0.0633803)(-0.00352113, 0.0915493)(0, 0.25)(-0.144366, 0.348592)(-0.102113, 0.485915)(0.056338, 0.5)(0.084507, 0.415493)(0.140845, 0.257042)(0.133803, 0.0915493)(0.158451, -0.0704225)(0.0985915, -0.21831)(0.116197, -0.369718)
				 (270, 242)(0.028169, 0.21831)(0.0774648, 0.429577)(0.0704225, -0.306338)(-0.0105634, -0.359155)(0.116197, -0.144366)(-0.151408, 0.352113)(-0.130282, 0.471831)(0.130282, 0.482394)(0.0774648, 0.429577)(0.158451, -0.102113)(0.116197, -0.144366)(0.0739437, -0.302817)(0.116197, -0.366197)(0.105634, -0.485915)(0.0633803, -0.5)(-0.0633803, -0.285211)
descriptor[i][.]=(276, 242)(-0.0348837, -0.385159)(0.209302, -0.498233)(-0.27907, 0.501767)(0.162791, 0.501767)
				 (276, 242)(-0.0106007, -0.385159)(0.0636042, -0.498233)(-0.0848057, 0.501767)(0.04947, 0.501767)
				 (276, 242)(0.0565371, -0.498233)(-0.0106007, -0.367491)(-0.0742049, -0.215548)(-0.0600707, -0.0636042)(-0.00706714, 0.0918728)(0.00706714, 0.24735)(-0.141343, 0.342756)(-0.0989399, 0.4947)(0.0636042, 0.491166)(0.0777385, 0.399293)(0.151943, 0.24735)(0.127208, 0.0883392)(0.144876, -0.0742049)(0.0918728, -0.226148)(0.116608, -0.374558)
				 (276, 242)(0.024735, 0.212014)(0.0530035, 0.434629)(0.0706714, -0.293286)(-0.0106007, -0.360424)(-0.0600707, -0.109541)(-0.0141343, 0.275618)(0.024735, 0.212014)(-0.0141343, 0.275618)(-0.141343, 0.342756)(-0.0989399, 0.4947)(0.109541, 0.484099)(0.0530035, 0.434629)(0.0777385, -0.282686)(0.106007, -0.484099)(0.0636042, -0.498233)(-0.0106007, -0.360424)
descriptor[i][.]=(295, 244)(-0.047619, -0.471429)(0.130952, -0.5)(-0.404762, 0.496429)(0.107143, 0.5)
				 (295, 244)(-0.0142857, -0.471429)(0.0392857, -0.5)(-0.121429, 0.496429)(0.0321429, 0.5)
				 (295, 244)(0.0285714, -0.5)(-0.05, -0.367857)(-0.128571, -0.221429)(-0.1, -0.0642857)(-0.0464286, 0.0892857)(-0.0464286, 0.246429)(-0.146429, 0.367857)(-0.0964286, 0.5)(0.0392857, 0.467857)(0.075, 0.342857)(0.132143, 0.189286)(0.0928571, 0.0285714)(0.15, -0.107143)(0.0642857, -0.217857)(0.0785714, -0.367857)
				 (295, 244)(-0.025, 0.207143)(0.00714286, 0.407143)(0.0928571, 0)(0.0357143, -0.296429)(-0.1, -0.0857143)(-0.0464286, 0.0892857)(-0.075, 0.307143)(0.0821429, -0.146429)(-0.110714, -0.0964286)(-0.103571, 0.0142857)(-0.05, 0.0857143)(-0.025, 0.207143)(-0.075, 0.307143)(-0.135714, 0.342857)(-0.132143, 0.485714)(0.0321429, 0.5)(0.0357143, 0.442857)(0.135714, 0.253571)(0.0928571, 0)(0.15, -0.128571)(0.0821429, -0.146429)(0.0392857, -0.292857)(0.075, -0.360714)(0.0857143, -0.385714)(0.0678571, -0.489286)
descriptor[i][.]=(302, 241)(-0.0105263, -0.482517)(0.136842, -0.5)(-0.463158, 0.486014)(0.126316, 0.5)
				 (302, 241)(-0.0034965, -0.482517)(0.0454545, -0.5)(-0.153846, 0.486014)(0.041958, 0.5)
				 (302, 241)(0.0384615, -0.5)(-0.020979, -0.384615)(-0.129371, -0.234266)(-0.0944056, -0.0769231)(-0.041958, 0.0804196)(-0.0629371, 0.248252)(-0.136364, 0.391608)(-0.0874126, 0.486014)(0.0734266, 0.486014)(0.111888, 0.353147)(0.15035, 0.188811)(0.101399, 0.0244755)(0.146853, -0.115385)(0.0769231, -0.199301)(0.0839161, -0.363636)
				 (302, 241)(-0.0384615, 0.185315)(0.0769231, 0.423077)(0.0944056, -0.0839161)(0.048951, -0.27972)(-0.020979, -0.384615)(-0.0909091, -0.0699301)(-0.0384615, 0.0874126)(0.0839161, -0.167832)(-0.122378, -0.115385)(-0.0944056, -0.0734266)(-0.104895, -0.0174825)(-0.0979021, 0.0104895)(-0.041958, 0.0839161)(-0.041958, 0.118881)(-0.0384615, 0.185315)(-0.164336, 0.472028)(0.0979021, 0.486014)(0.0769231, 0.423077)(0.157343, 0.223776)(0.0979021, -0.0734266)(0.167832, -0.160839)(0.0839161, -0.167832)(0.0524476, -0.276224)(0.0804196, -0.486014)(0.0454545, -0.5)(0.0034965, -0.486014)(-0.0454545, -0.426573)(-0.020979, -0.384615)
descriptor[i][.]=(316, 239)(-0.00892857, -0.494845)(0.0982143, -0.498282)(-0.276786, 0.498282)(0.482143, 0.498282)
				 (316, 239)(-0.00343643, -0.494845)(0.0378007, -0.498282)(-0.106529, 0.498282)(0.185567, 0.498282)
				 (316, 239)(0.00343643, -0.498282)(-0.0549828, -0.350515)(-0.164948, -0.206186)(-0.106529, -0.0412371)(-0.0687285, 0.127148)(-0.123711, 0.295533)(-0.178694, 0.463918)(-0.0137457, 0.474227)(0.158076, 0.498282)(0.130584, 0.388316)(0.130584, 0.213058)(0.0859107, 0.0378007)(0.106529, -0.127148)(0.0584192, -0.202749)(0.0756014, -0.367698)
				 (316, 239)(-0.0584192, 0.0859107)(-0.0137457, 0.474227)(0.0790378, 0.0137457)(0.0584192, -0.199313)(-0.0549828, -0.350515)(0.123711, 0.42268)(0.0824742, -0.109966)(0.0343643, -0.312715)(-0.0584192, 0.0859107)(-0.19244, 0.436426)(-0.178694, 0.467354)(-0.106529, 0.498282)(-0.0137457, 0.474227)(0.0721649, 0.501718)(0.185567, 0.498282)(0.19244, 0.474227)(0.109966, 0.113402)(0.0859107, 0.024055)(0.14433, -0.147766)(0.140893, -0.19244)(0.0343643, -0.312715)(0.0687285, -0.353952)(0.0790378, -0.388316)(0.00343643, -0.498282)(-0.0652921, -0.402062)(-0.0549828, -0.350515)
descriptor[i][.]=(322, 238)(-0.0247934, -0.479452)(0.140496, -0.5)(-0.264463, 0.5)(0.487603, 0.5)
				 (322, 238)(-0.010274, -0.479452)(0.0582192, -0.5)(-0.109589, 0.5)(0.202055, 0.5)
				 (322, 238)(0.0445205, -0.5)(-0.0308219, -0.363014)(-0.14726, -0.188356)(-0.0787671, 0)(-0.0684932, 0.195205)(-0.171233, 0.369863)(-0.0924658, 0.496575)(-0.0273973, 0.349315)(0.0410959, 0.424658)(0.178082, 0.496575)(0.150685, 0.363014)(0.123288, 0.164384)(0.10274, -0.0342466)(0.123288, -0.181507)(0.0582192, -0.332192)
				 (322, 238)(-0.0445205, 0.133562)(0.010274, 0.294521)(0.0958904, 0.0410959)(0.0410959, -0.30137)(-0.0308219, -0.363014)(-0.0753425, 0.407534)(0.143836, 0.424658)(0.10274, -0.10274)(0.0787671, -0.181507)(-0.205479, 0.390411)(-0.191781, 0.445205)(-0.116438, 0.496575)(-0.0787671, 0.5)(-0.0513699, 0.482877)(-0.0410959, 0.376712)(0.0308219, 0.472603)(0.0650685, 0.496575)(0.202055, 0.5)(0.0993151, 0.0445205)(0.106164, -0.0719178)(0.157534, -0.167808)(0.0582192, -0.280822)(0.0993151, -0.390411)(0.0753425, -0.482877)(-0.010274, -0.479452)(-0.0342466, -0.393836)(-0.140411, -0.226027)
descriptor[i][.]=(328, 238)(-0.27619, -0.232877)(0.142857, -0.5)(-0.333333, 0.496575)(0.361905, 0.5)
				 (328, 238)(-0.0993151, -0.232877)(0.0513699, -0.5)(-0.119863, 0.496575)(0.130137, 0.5)
				 (328, 238)(0.0410959, -0.5)(-0.0308219, -0.332192)(-0.113014, -0.160959)(-0.0547945, 0.0171233)(-0.0273973, 0.195205)(-0.136986, 0.335616)(-0.123288, 0.493151)(-0.0273973, 0.376712)(0.0239726, 0.455479)(0.178082, 0.479452)(0.15411, 0.325342)(0.133562, 0.140411)(0.123288, -0.0445205)(0.0924658, -0.178082)(0.0924658, -0.35274)
				 (328, 238)(-0.0136986, 0.181507)(0.0205479, 0.339041)(0.0616438, -0.294521)(-0.0753425, 0.424658)(0.10274, -0.150685)(-0.171233, 0.366438)(-0.126712, 0.493151)(-0.0993151, 0.5)(-0.0684932, 0.482877)(-0.0753425, 0.424658)(0.0273973, 0.482877)(0.178082, 0.479452)(0.14726, -0.130137)(0.10274, -0.150685)(0.0856164, -0.25)(0.0650685, -0.291096)(0.113014, -0.383562)(0.0924658, -0.479452)(0.0410959, -0.5)
descriptor[i][.]=(337, 242)(-0.0804598, -0.450704)(0.252874, -0.5)(-0.356322, 0.471831)(0.333333, 0.5)
				 (337, 242)(-0.0246479, -0.450704)(0.0774648, -0.5)(-0.109155, 0.471831)(0.102113, 0.5)
				 (337, 242)(0.0633803, -0.5)(-0.0140845, -0.383803)(-0.0774648, -0.228873)(-0.0598592, -0.056338)(0.00352113, 0.112676)(-0.028169, 0.271127)(-0.151408, 0.380282)(-0.056338, 0.426056)(-0.00352113, 0.482394)(0.151408, 0.46831)(0.133803, 0.316901)(0.130282, 0.140845)(0.133803, -0.0316901)(0.105634, -0.190141)(0.0915493, -0.352113)
				 (337, 242)(0.0246479, 0.207746)(-0.0140845, 0.380282)(0.0633803, -0.306338)(-0.0105634, -0.355634)(-0.0387324, 0.285211)(-0.0387324, 0.285211)(-0.105634, 0.306338)(-0.140845, 0.327465)(-0.126761, 0.457746)(-0.084507, 0.471831)(0.0140845, 0.496479)(0.147887, 0.478873)(0.0739437, -0.288732)(0.109155, -0.362676)(0.119718, -0.40493)(0.084507, -0.496479)(-0.0246479, -0.450704)(-0.0140845, -0.369718)
descriptor[i][.]=(348, 242)(-0.047619, -0.464789)(0.22619, -0.5)(-0.0714286, 0.5)(0.178571, 0.5)
				 (348, 242)(-0.0140845, -0.464789)(0.0669014, -0.5)(-0.0211268, 0.5)(0.0528169, 0.5)
				 (348, 242)(0.0492958, -0.5)(-0.0352113, -0.376761)(-0.0915493, -0.228873)(-0.0809859, -0.0704225)(-0.0422535, 0.084507)(-0.0176056, 0.235915)(-0.144366, 0.341549)(-0.0915493, 0.471831)(0.0598592, 0.492958)(0.0915493, 0.387324)(0.123239, 0.228873)(0.102113, 0.0704225)(0.147887, -0.0809859)(0.0739437, -0.207746)(0.0809859, -0.359155)
				 (348, 242)(0.0422535, -0.306338)(-0.0352113, -0.355634)(-0.00352113, 0.21831)(0.0915493, -0.130282)(0, 0.165493)(-0.0633803, 0.292254)(-0.126761, 0.461268)(0.105634, 0.485915)(0.147887, -0.0809859)(0.0915493, -0.130282)(0.0457746, -0.302817)(0.084507, -0.362676)(0.0774648, -0.492958)(-0.0140845, -0.464789)(-0.0105634, 0.15493)(-0.00352113, 0.21831)(-0.0633803, 0.292254)(-0.112676, 0.309859)(-0.137324, 0.323944)
descriptor[i][.]=(366, 242)(-0.115385, -0.464789)(0.115385, -0.5)(-0.25641, 0.5)(0.128205, 0.485915)
				 (366, 242)(-0.0316901, -0.464789)(0.0316901, -0.5)(-0.0704225, 0.5)(0.0352113, 0.485915)
				 (366, 242)(0.0105634, -0.5)(-0.0598592, -0.387324)(-0.123239, -0.228873)(-0.116197, -0.0739437)(-0.0774648, 0.0809859)(-0.0528169, 0.235915)(-0.137324, 0.359155)(-0.0774648, 0.492958)(0.0211268, 0.457746)(0.0704225, 0.302817)(0.116197, 0.158451)(0.0774648, 0.0105634)(0.137324, -0.126761)(0.0422535, -0.214789)(0.056338, -0.366197)
				 (366, 242)(-0.0457746, 0.211268)(0.0140845, 0.433099)(0.0669014, 0.0211268)(0.0492958, -0.176056)(-0.056338, -0.376761)(-0.0492958, 0.133803)(-0.0598592, 0.288732)(0.0704225, -0.0774648)(0.0176056, -0.320423)(-0.0528169, 0.130282)(-0.0528169, 0.151408)(-0.0457746, 0.211268)(-0.0598592, 0.285211)(-0.133803, 0.338028)(-0.109155, 0.46831)(-0.0774648, 0.496479)(0.0422535, 0.482394)(0.0140845, 0.433099)(0.123239, 0.232394)(0.123239, 0.179577)(0.0669014, 0.0211268)(0.0809859, -0.00704225)(0.126761, -0.112676)(0.137324, -0.151408)(0.0492958, -0.352113)(0.0633803, -0.394366)(0.0387324, -0.496479)(0.0105634, -0.5)(-0.0316901, -0.464789)(-0.0774648, -0.415493)(-0.056338, -0.376761)(-0.112676, -0.278169)
descriptor[i][.]=(372, 244)(-0.1, -0.475694)(0.1125, -0.5)(-0.2875, 0.5)(0.275, 0.458333)
				 (372, 244)(-0.0277778, -0.475694)(0.03125, -0.5)(-0.0798611, 0.5)(0.0763889, 0.458333)
				 (372, 244)(0.0138889, -0.5)(-0.0694444, -0.364583)(-0.121528, -0.21875)(-0.125, -0.0590278)(-0.0694444, 0.09375)(-0.0729167, 0.25)(-0.118056, 0.402778)(-0.0416667, 0.486111)(0.0729167, 0.430556)(0.0763889, 0.298611)(0.121528, 0.149306)(0.0659722, -0.00694444)(0.121528, -0.145833)(0.0416667, -0.204861)(0.0416667, -0.361111)
				 (372, 244)(-0.0590278, 0.128472)(0.03125, 0.375)(0.0625, -0.104167)(0.00694444, -0.302083)(0.0659722, 0.0243056)(0.0486111, -0.184028)(-0.0625, 0.125)(-0.118056, 0.479167)(-0.0798611, 0.5)(0.0763889, 0.458333)(0.03125, 0.375)(0.0729167, 0.326389)(0.135417, 0.177083)(0.0833333, 0.0451389)(0.0659722, -0.09375)(0.135417, -0.152778)(0.128472, -0.197917)(0.0104167, -0.298611)(0.0520833, -0.368056)(0.0416667, -0.493056)
descriptor[i][.]=(382, 240)(-0.0309278, -0.5)(0.0206186, -0.5)(-0.391753, 0.5)(0.484536, 0.472222)
				 (382, 240)(-0.0104167, -0.5)(0.00694444, -0.5)(-0.131944, 0.5)(0.163194, 0.472222)
				 (382, 240)(-0.0104167, -0.5)(-0.0798611, -0.368056)(-0.135417, -0.204861)(-0.128472, -0.0416667)(-0.0798611, 0.121528)(-0.107639, 0.288194)(-0.166667, 0.451389)(-0.0277778, 0.475694)(0.135417, 0.472222)(0.111111, 0.357639)(0.135417, 0.1875)(0.0763889, 0.0243056)(0.0659722, -0.131944)(0.0381944, -0.211806)(0.0486111, -0.364583)
				 (382, 240)(-0.0763889, 0.152778)(-0.0138889, 0.465278)(0.0486111, -0.104167)(0.00694444, -0.295139)(0.111111, 0.385417)(0.0590278, 0.0104167)(0.0416667, -0.208333)(-0.0763889, 0.152778)(-0.166667, 0.451389)(-0.138889, 0.496528)(-0.0555556, 0.5)(-0.0173611, 0.46875)(0.0381944, 0.482639)(0.163194, 0.472222)(0.121528, 0.395833)(0.138889, 0.208333)(0.0729167, -0.0277778)(0.0590278, -0.0868056)(0.104167, -0.152778)(0.118056, -0.201389)(0.0243056, -0.270833)(0.0555556, -0.402778)(0.03125, -0.489583)(-0.0486111, -0.475694)
descriptor[i][.]=(390, 239)(-0.0458716, -0.49827)(0.0642202, -0.49481)(-0.458716, 0.487889)(0.422018, 0.487889)
				 (390, 239)(-0.017301, -0.49827)(0.0242215, -0.49481)(-0.17301, 0.487889)(0.15917, 0.487889)
				 (390, 239)(-0.017301, -0.49827)(-0.110727, -0.32872)(-0.16263, -0.145329)(-0.121107, 0.0380623)(-0.110727, 0.228374)(-0.179931, 0.415225)(-0.0622837, 0.49481)(-0.0138408, 0.314879)(0.0103806, 0.470588)(0.179931, 0.470588)(0.124567, 0.304498)(0.0968858, 0.114187)(0.0484429, -0.0726644)(0.0622837, -0.211073)(0.0242215, -0.356401)
				 (390, 239)(-0.0934256, 0.148789)(0, 0.307958)(0.0484429, 0.0138408)(-0.00692042, -0.307958)(0.128028, 0.404844)(0.0484429, -0.117647)(0.0276817, -0.204152)(-0.0934256, 0.148789)(-0.176471, 0.401384)(-0.179931, 0.484429)(-0.0692042, 0.50173)(0.00346021, 0.456747)(0.15917, 0.487889)(0.190311, 0.463668)(0.141869, 0.352941)(0.128028, 0.179931)(0.0519031, 0.017301)(0.107266, -0.17301)(-0.00346021, -0.304498)(0.0276817, -0.356401)(0.0311419, -0.491349)(-0.017301, -0.49827)
descriptor[i][.]=(401, 238)(-0.0225564, -0.5)(0.0225564, -0.493151)(-0.458647, 0.486301)(0.488722, 0.486301)
				 (401, 238)(-0.010274, -0.5)(0.010274, -0.493151)(-0.208904, 0.486301)(0.222603, 0.486301)
				 (401, 238)(-0.010274, -0.5)(-0.10274, -0.342466)(-0.157534, -0.15411)(-0.116438, 0.0445205)(-0.136986, 0.243151)(-0.215753, 0.434932)(-0.0856164, 0.476027)(-0.0273973, 0.287671)(0.0479452, 0.356164)(0.171233, 0.476027)(0.191781, 0.366438)(0.123288, 0.191781)(0.0445205, 0)(0.0856164, -0.174658)(-0.0136986, -0.315068)
				 (401, 238)(-0.109589, 0.150685)(0.00684932, 0.229452)(0.0410959, 0.010274)(-0.0171233, -0.30137)(-0.0890411, 0.410959)(0.0410959, 0.277397)(0.171233, 0.400685)(0.140411, 0.30137)(0.0376712, -0.109589)(0.0205479, -0.188356)(-0.109589, 0.150685)(-0.226027, 0.472603)(-0.106164, 0.5)(-0.0856164, 0.482877)(-0.0650685, 0.390411)(-0.0445205, 0.359589)(0.0376712, 0.273973)(0.0376712, 0.308219)(0.0582192, 0.441781)(0.222603, 0.486301)(0.174658, 0.40411)(0.191781, 0.366438)(0.140411, 0.30137)(0.0410959, 0.010274)(0.0856164, -0.136986)(0.0856164, -0.178082)(0.0205479, -0.188356)(-0.0136986, -0.297945)(0.0171233, -0.482877)(-0.0582192, -0.482877)(-0.136986, -0.294521)
descriptor[i][.]=(403, 237)(-0.0538462, -0.5)(0.0307692, -0.486395)(-0.369231, 0.5)(0.484615, 0.486395)
				 (403, 237)(-0.0238095, -0.5)(0.0136054, -0.486395)(-0.163265, 0.5)(0.214286, 0.486395)
				 (403, 237)(-0.0238095, -0.5)(-0.105442, -0.323129)(-0.136054, -0.136054)(-0.108844, 0.0612245)(-0.139456, 0.255102)(-0.221088, 0.438776)(-0.102041, 0.438776)(-0.0170068, 0.261905)(0.047619, 0.312925)(0.129252, 0.469388)(0.173469, 0.391156)(0.139456, 0.20068)(0.0578231, 0.00680272)(0.0646259, -0.159864)(0.0102041, -0.336735)
				 (403, 237)(-0.105442, 0.159864)(0.0102041, 0.197279)(-0.105442, 0.159864)(-0.221088, 0.438776)(-0.207483, 0.479592)(-0.12585, 0.5)(0.0884354, 0.469388)(0.214286, 0.486395)(0.0238095, -0.479592)(-0.0238095, -0.5)
descriptor[i][.]=(404, 239)(-0.0307692, -0.484211)(0.0846154, -0.498246)(-0.323077, 0.501754)(0.484615, 0.494737)
				 (404, 239)(-0.0140351, -0.484211)(0.0385965, -0.498246)(-0.147368, 0.501754)(0.221053, 0.494737)
				 (404, 239)(0.0210526, -0.498246)(-0.0736842, -0.350877)(-0.14386, -0.154386)(-0.0912281, 0.0421053)(-0.112281, 0.235088)(-0.221053, 0.410526)(-0.101754, 0.459649)(-0.00701754, 0.284211)(0.0666667, 0.294737)(0.101754, 0.480702)(0.185965, 0.438596)(0.178947, 0.238596)(0.122807, 0.045614)(0.0701754, -0.140351)(0.0350877, -0.340351)
				 (404, 239)(-0.0807018, 0.175439)(0.0315789, 0.2)(0.0631579, 0.224561)(-0.0807018, 0.175439)(-0.214035, 0.396491)(-0.22807, 0.452632)(-0.140351, 0.501754)(0.0631579, 0.224561)(0.0561404, 0.312281)(0.0666667, 0.449123)(0.0912281, 0.477193)(0.221053, 0.494737)(0.0561404, -0.491228)(-0.0140351, -0.484211)(-0.140351, -0.221053)
descriptor[i][.]=(405, 240)(-0.0551181, -0.465278)(0.11811, -0.5)(-0.346457, 0.5)(0.488189, 0.486111)
				 (405, 240)(-0.0243056, -0.465278)(0.0520833, -0.5)(-0.152778, 0.5)(0.215278, 0.486111)
				 (405, 240)(0.0486111, -0.5)(-0.0486111, -0.357639)(-0.138889, -0.190972)(-0.09375, 0.00347222)(-0.0763889, 0.197917)(-0.194444, 0.368056)(-0.114583, 0.482639)(-0.0173611, 0.305556)(0.0625, 0.274306)(0.0868056, 0.46875)(0.180556, 0.4375)(0.173611, 0.239583)(0.131944, 0.0486111)(0.0902778, -0.121528)(0.0347222, -0.315972)
				 (405, 240)(-0.0729167, 0.190972)(0.0416667, 0.197917)(-0.0520833, -0.34375)(-0.21875, 0.444444)(-0.159722, 0.496528)(-0.121528, 0.489583)(0.0729167, 0.454861)(0.215278, 0.486111)(0.0625, -0.493056)(0.0173611, -0.496528)(-0.0243056, -0.465278)(-0.0555556, -0.413194)(-0.0763889, -0.336806)
descriptor[i][.]=(411, 240)(-0.00826446, -0.491289)(0.0247934, -0.498258)(-0.380165, 0.501742)(0.487603, 0.487805)
				 (411, 240)(-0.00348432, -0.491289)(0.010453, -0.498258)(-0.160279, 0.501742)(0.205575, 0.487805)
				 (411, 240)(0.010453, -0.498258)(-0.0592334, -0.344948)(-0.156794, -0.170732)(-0.097561, 0.0139373)(-0.0766551, 0.209059)(-0.188153, 0.369338)(-0.111498, 0.484321)(-0.0209059, 0.313589)(0.0348432, 0.365854)(0.15331, 0.487805)(0.15331, 0.369338)(0.156794, 0.170732)(0.108014, -0.0278746)(0.087108, -0.15331)(0.0452962, -0.341463)
				 (411, 240)(-0.0696864, 0.167247)(0.0243902, 0.250871)(0.146341, 0.428571)(0.0383275, -0.313589)(-0.0418118, -0.358885)(-0.10453, -0.0662021)(-0.0905923, 0.414634)(0.108014, -0.0452962)(0.0940767, -0.132404)(-0.0696864, 0.167247)(-0.209059, 0.397213)(-0.174216, 0.494774)(-0.108014, 0.484321)(-0.0905923, 0.421603)(0.0557491, 0.45993)(0.205575, 0.487805)(0.160279, 0.348432)(0.149826, -0.0557491)(0.160279, -0.101045)(0.0940767, -0.132404)(0.0662021, -0.358885)(0.0627178, -0.480836)(0.010453, -0.498258)(-0.0696864, -0.418118)
descriptor[i][.]=(418, 242)(-0.0740741, -0.487633)(0.0740741, -0.498233)(-0.361111, 0.498233)(0.462963, 0.487633)
				 (418, 242)(-0.0282686, -0.487633)(0.0282686, -0.498233)(-0.137809, 0.498233)(0.176678, 0.487633)
				 (418, 242)(0.0106007, -0.498233)(-0.0812721, -0.34629)(-0.183746, -0.169611)(-0.106007, 0.0141343)(-0.0989399, 0.215548)(-0.166078, 0.409894)(-0.0671378, 0.4947)(-0.0212014, 0.300353)(0.0176678, 0.40636)(0.159011, 0.487633)(0.134276, 0.328622)(0.130742, 0.127208)(0.0989399, -0.0742049)(0.127208, -0.166078)(0.0424028, -0.332155)
				 (418, 242)(-0.0918728, 0.187279)(0.0106007, 0.261484)(0.0989399, -0.0848057)(0.0954064, -0.183746)(-0.0459364, -0.367491)(-0.123675, -0.0600707)(-0.0636042, 0.392226)(0.120141, 0.424028)(0.0388693, -0.339223)(-0.162544, -0.0954064)(-0.123675, -0.0600707)(-0.0918728, 0.187279)(-0.190813, 0.45583)(-0.144876, 0.4947)(-0.0671378, 0.4947)(-0.0636042, 0.392226)(0.00706714, 0.363958)(0.024735, 0.469965)(0.176678, 0.487633)(0.180212, -0.109541)(0.190813, -0.14841)(0.0954064, -0.183746)(0.0812721, -0.303887)(0.0671378, -0.462898)(0.0388693, -0.4947)(-0.0282686, -0.487633)(-0.116608, -0.328622)
