runDescr1.dat
size1 42
size3 43
beh_type.id 9
sizes[]=43 42 44 43 38 42 44 48 51 40 44 48 38 47 50 49 45 44 46 50 44 49 49 47 52 57 47 58 56 42 47 50 51 47 49 50 51 57 45 44 43 41 
thresholds[]=0.16 0.16 0.16 0.16 0.16 0.16 0.16 0.16 0.16 0.16 0.16 0.16 0.16 0.16 0.16 0.16 0.16 0.16 0.16 0.16 0.16 0.16 0.16 0.16 0.16 0.16 0.16 0.16 0.16 0.16 0.16 0.16 0.16 0.16 0.16 0.16 0.16 0.16 0.16 0.16 0.16 0.16 
map[0][.]=0 1 0 0 0 0 0 0 0 0 0 0 0 0 0 0 0 0 0 0 0 0 0 0 0 0 0 0 0 0 0 0 0 0 0 0 0 0 0 0 0 0 0 
map[1][.]=0 0 1 0 0 0 0 0 0 0 0 0 0 0 0 0 0 0 0 0 0 0 0 0 0 0 0 0 0 0 0 0 0 0 0 0 0 0 0 0 0 0 0 
map[2][.]=0 0 0 1 0 0 0 0 0 0 0 0 0 0 0 0 0 0 0 0 0 0 0 0 0 0 0 0 0 0 0 0 0 0 0 0 0 0 0 0 0 0 0 
map[3][.]=0 0 0 0 1 0 0 0 0 0 0 0 0 0 0 0 0 0 0 0 0 0 0 0 0 0 0 0 0 0 0 0 0 0 0 0 0 0 0 0 0 0 0 
map[4][.]=0 0 0 0 0 1 0 0 0 0 0 0 0 0 0 0 0 0 0 0 0 0 0 0 0 0 0 0 0 0 0 0 0 0 0 0 0 0 0 0 0 0 0 
map[5][.]=0 0 0 0 0 0 1 0 0 0 0 0 0 0 0 0 0 0 0 0 0 0 0 0 0 0 0 0 0 0 0 0 0 0 0 0 0 0 0 0 0 0 0 
map[6][.]=0 0 0 0 0 0 0 1 0 0 0 0 0 0 0 0 0 0 0 0 0 0 0 0 0 0 0 0 0 0 0 0 0 0 0 0 0 0 0 0 0 0 0 
map[7][.]=0 0 0 0 0 0 0 0 1 0 0 0 0 0 0 0 0 0 0 0 0 0 0 0 0 0 0 0 0 0 0 0 0 0 0 0 0 0 0 0 0 0 0 
map[8][.]=0 0 0 0 0 0 0 0 0 1 0 0 0 0 0 0 0 0 0 0 0 0 0 0 0 0 0 0 0 0 0 0 0 0 0 0 0 0 0 0 0 0 0 
map[9][.]=0 0 0 0 0 0 0 0 0 0 1 0 0 0 0 0 0 0 0 0 0 0 0 0 0 0 0 0 0 0 0 0 0 0 0 0 0 0 0 0 0 0 0 
map[10][.]=0 0 0 0 0 0 0 0 0 0 0 1 0 0 0 0 0 0 0 0 0 0 0 0 0 0 0 0 0 0 0 0 0 0 0 0 0 0 0 0 0 0 0 
map[11][.]=0 0 0 0 0 0 0 0 0 0 0 0 1 0 0 0 0 0 0 0 0 0 0 0 0 0 0 0 0 0 0 0 0 0 0 0 0 0 0 0 0 0 0 
map[12][.]=0 0 0 0 0 0 0 0 0 0 0 0 0 1 0 0 0 0 0 0 0 0 0 0 0 0 0 0 0 0 0 0 0 0 0 0 0 0 0 0 0 0 0 
map[13][.]=0 0 0 0 0 0 0 0 0 0 0 0 0 0 1 0 0 0 0 0 0 0 0 0 0 0 0 0 0 0 0 0 0 0 0 0 0 0 0 0 0 0 0 
map[14][.]=0 0 0 0 0 0 0 0 0 0 0 0 0 0 0 1 0 0 0 0 0 0 0 0 0 0 0 0 0 0 0 0 0 0 0 0 0 0 0 0 0 0 0 
map[15][.]=0 0 0 0 0 0 0 0 0 0 0 0 0 0 0 0 1 0 0 0 0 0 0 0 0 0 0 0 0 0 0 0 0 0 0 0 0 0 0 0 0 0 0 
map[16][.]=0 0 0 0 0 0 0 0 0 0 0 0 0 0 0 0 0 1 0 0 0 0 0 0 0 0 0 0 0 0 0 0 0 0 0 0 0 0 0 0 0 0 0 
map[17][.]=0 0 0 0 0 0 0 0 0 0 0 0 0 0 0 0 0 0 1 0 0 0 0 0 0 0 0 0 0 0 0 0 0 0 0 0 0 0 0 0 0 0 0 
map[18][.]=0 0 0 0 0 0 0 0 0 0 0 0 0 0 0 0 0 0 0 1 0 0 0 0 0 0 0 0 0 0 0 0 0 0 0 0 0 0 0 0 0 0 0 
map[19][.]=0 0 0 0 0 0 0 0 0 0 0 0 0 0 0 0 0 0 0 0 1 0 0 0 0 0 0 0 0 0 0 0 0 0 0 0 0 0 0 0 0 0 0 
map[20][.]=0 0 0 0 0 0 0 0 0 0 0 0 0 0 0 0 0 0 0 0 0 1 0 0 0 0 0 0 0 0 0 0 0 0 0 0 0 0 0 0 0 0 0 
map[21][.]=0 0 0 0 0 0 0 0 0 0 0 0 0 0 0 0 0 0 0 0 0 0 1 0 0 0 0 0 0 0 0 0 0 0 0 0 0 0 0 0 0 0 0 
map[22][.]=0 0 0 0 0 0 0 0 0 0 0 0 0 0 0 0 0 0 0 0 0 0 0 1 0 0 0 0 0 0 0 0 0 0 0 0 0 0 0 0 0 0 0 
map[23][.]=0 0 0 0 0 0 0 0 0 0 0 0 0 0 0 0 0 0 0 0 0 0 0 0 1 0 0 0 0 0 0 0 0 0 0 0 0 0 0 0 0 0 0 
map[24][.]=0 0 0 0 0 0 0 0 0 0 0 0 0 0 0 0 0 0 0 0 0 0 0 0 0 1 0 0 0 0 0 0 0 0 0 0 0 0 0 0 0 0 0 
map[25][.]=0 0 0 0 0 0 0 0 0 0 0 0 0 0 0 0 0 0 0 0 0 0 0 0 0 0 1 0 0 0 0 0 0 0 0 0 0 0 0 0 0 0 0 
map[26][.]=0 0 0 0 0 0 0 0 0 0 0 0 0 0 0 0 0 0 0 0 0 0 0 0 0 0 0 1 0 0 0 0 0 0 0 0 0 0 0 0 0 0 0 
map[27][.]=0 0 0 0 0 0 0 0 0 0 0 0 0 0 0 0 0 0 0 0 0 0 0 0 0 0 0 0 1 0 0 0 0 0 0 0 0 0 0 0 0 0 0 
map[28][.]=0 0 0 0 0 0 0 0 0 0 0 0 0 0 0 0 0 0 0 0 0 0 0 0 0 0 0 0 0 1 0 0 0 0 0 0 0 0 0 0 0 0 0 
map[29][.]=0 0 0 0 0 0 0 0 0 0 0 0 0 0 0 0 0 0 0 0 0 0 0 0 0 0 0 0 0 0 1 0 0 0 0 0 0 0 0 0 0 0 0 
map[30][.]=0 0 0 0 0 0 0 0 0 0 0 0 0 0 0 0 0 0 0 0 0 0 0 0 0 0 0 0 0 0 0 1 0 0 0 0 0 0 0 0 0 0 0 
map[31][.]=0 0 0 0 0 0 0 0 0 0 0 0 0 0 0 0 0 0 0 0 0 0 0 0 0 0 0 0 0 0 0 0 1 0 0 0 0 0 0 0 0 0 0 
map[32][.]=0 0 0 0 0 0 0 0 0 0 0 0 0 0 0 0 0 0 0 0 0 0 0 0 0 0 0 0 0 0 0 0 0 1 0 0 0 0 0 0 0 0 0 
map[33][.]=0 0 0 0 0 0 0 0 0 0 0 0 0 0 0 0 0 0 0 0 0 0 0 0 0 0 0 0 0 0 0 0 0 0 1 0 0 0 0 0 0 0 0 
map[34][.]=0 0 0 0 0 0 0 0 0 0 0 0 0 0 0 0 0 0 0 0 0 0 0 0 0 0 0 0 0 0 0 0 0 0 0 1 0 0 0 0 0 0 0 
map[35][.]=0 0 0 0 0 0 0 0 0 0 0 0 0 0 0 0 0 0 0 0 0 0 0 0 0 0 0 0 0 0 0 0 0 0 0 0 1 0 0 0 0 0 0 
map[36][.]=0 0 0 0 0 0 0 0 0 0 0 0 0 0 0 0 0 0 0 0 0 0 0 0 0 0 0 0 0 0 0 0 0 0 0 0 0 1 0 0 0 0 0 
map[37][.]=0 0 0 0 0 0 0 0 0 0 0 0 0 0 0 0 0 0 0 0 0 0 0 0 0 0 0 0 0 0 0 0 0 0 0 0 0 0 1 0 0 0 0 
map[38][.]=0 0 0 0 0 0 0 0 0 0 0 0 0 0 0 0 0 0 0 0 0 0 0 0 0 0 0 0 0 0 0 0 0 0 0 0 0 0 0 1 0 0 0 
map[39][.]=0 0 0 0 0 0 0 0 0 0 0 0 0 0 0 0 0 0 0 0 0 0 0 0 0 0 0 0 0 0 0 0 0 0 0 0 0 0 0 0 1 0 0 
map[40][.]=0 0 0 0 0 0 0 0 0 0 0 0 0 0 0 0 0 0 0 0 0 0 0 0 0 0 0 0 0 0 0 0 0 0 0 0 0 0 0 0 0 1 0 
map[41][.]=0 0 0 0 0 0 0 0 0 0 0 0 0 0 0 0 0 0 0 0 0 0 0 0 0 0 0 0 0 0 0 0 0 0 0 0 0 0 0 0 0 0 1 
map[42][.]=0 0 0 0 0 0 0 0 0 0 0 0 0 0 0 0 0 0 0 0 0 0 0 0 0 0 0 0 0 0 0 0 0 0 0 0 0 0 0 0 0 0 0 
isLast[.]=false false false false false false false false false false false false false false false false false false false false false false false false false false false false false false false false false false false false false false false false false false true 
descriptor[i][.]=(47, 304)(-0.0232558, -0.49835)(0, -0.49835)(-0.162791, 0.50165)(0.0813953, 0.488449)
				 (47, 304)(-0.00660066, -0.49835)(0, -0.49835)(-0.0462046, 0.50165)(0.0231023, 0.488449)
				 (47, 304)(-0.00660066, -0.49835)(-0.029703, -0.369637)(-0.0990099, -0.250825)(-0.10231, -0.0924092)(-0.105611, 0.0627063)(-0.112211, 0.20462)(-0.141914, 0.359736)(-0.0561056, 0.488449)(0.0165017, 0.432343)(0.019802, 0.290429)(0.0660066, 0.138614)(0.141914, 0.00330033)(0.118812, -0.151815)(0.0825083, -0.30363)(0.0858086, -0.409241)
				 (47, 304)(-0.00990099, 0.382838)(0.0429043, -0.320132)(-0.019802, -0.379538)(0.0858086, 0.0528053)(-0.0528053, 0.49835)(0.0231023, 0.488449)(-0.00990099, 0.382838)(0.0858086, 0.0627063)(0.132013, 0.0231023)(0.0924092, -0.29703)(0.0858086, -0.353135)(0.0858086, -0.462046)(0, -0.49835)(-0.049505, -0.422442)(-0.0660066, -0.363036)(-0.0957096, -0.323432)
descriptor[i][.]=(53, 305)(-0.119565, -0.5)(0.076087, -0.490066)(-0.217391, 0.5)(0, 0.486755)
				 (53, 305)(-0.0364238, -0.5)(0.0231788, -0.490066)(-0.0662252, 0.5)(0, 0.486755)
				 (53, 305)(-0.0364238, -0.5)(-0.0596026, -0.36755)(-0.125828, -0.245033)(-0.125828, -0.089404)(-0.122517, 0.0629139)(-0.125828, 0.218543)(-0.149007, 0.374172)(-0.0662252, 0.5)(-0.013245, 0.423841)(0.013245, 0.264901)(0.0529801, 0.10596)(0.0761589, -0.0496689)(0.115894, -0.115894)(0.0827815, -0.271523)(0.0794702, -0.423841)
				 (53, 305)(0.0728477, -0.0463576)(0.0827815, -0.225166)(-0.0463576, -0.377483)(-0.0231788, 0.380795)(-0.0728477, 0.496689)(0, 0.486755)(0.0231788, 0.456954)(-0.0231788, 0.380795)(0.129139, -0.0364238)(0.0927152, -0.211921)(0.0860927, -0.284768)(0.0364238, -0.483444)(-0.0364238, -0.5)(-0.089404, -0.364238)(-0.122517, -0.321192)
descriptor[i][.]=(53, 304)(-0.0576923, -0.498328)(0.144231, -0.481605)(-0.182692, 0.501672)(0.00961538, 0.491639)
				 (53, 304)(-0.0200669, -0.498328)(0.0501672, -0.481605)(-0.0635452, 0.501672)(0.00334448, 0.491639)
				 (53, 304)(-0.0200669, -0.498328)(-0.0635452, -0.361204)(-0.153846, -0.227425)(-0.123746, -0.0802676)(-0.120401, 0.0802676)(-0.130435, 0.237458)(-0.147157, 0.401338)(-0.0434783, 0.494983)(-0.0167224, 0.391304)(0.0301003, 0.230769)(0.0668896, 0.0702341)(0.0802676, -0.090301)(0.143813, -0.167224)(0.0702341, -0.284281)(0.0802676, -0.404682)
				 (53, 304)(0.0802676, -0.090301)(0.0334448, -0.317726)(-0.0501672, -0.374582)(-0.0234114, 0.411371)(0.103679, -0.170569)(-0.113712, 0.478261)(-0.00334448, 0.494983)(0.0167224, 0.464883)(-0.0234114, 0.411371)(0.0802676, -0.0769231)(0.153846, -0.0936455)(0.16388, -0.157191)(0.090301, -0.264214)(0.0702341, -0.301003)(0.0735786, -0.364548)(0.083612, -0.454849)(-0.00668896, -0.498328)
descriptor[i][.]=(54, 305)(-0.0707071, -0.5)(0.262626, -0.446667)(-0.212121, 0.5)(0.010101, 0.486667)
				 (54, 305)(-0.0233333, -0.5)(0.0866667, -0.446667)(-0.07, 0.5)(0.00333333, 0.486667)
				 (54, 305)(-0.0233333, -0.5)(-0.0733333, -0.36)(-0.15, -0.223333)(-0.126667, -0.0733333)(-0.12, 0.08)(-0.126667, 0.233333)(-0.15, 0.39)(-0.0666667, 0.5)(-0.01, 0.406667)(0.0666667, 0.266667)(0.0966667, 0.113333)(0.0733333, -0.0433333)(0.156667, -0.136667)(0.1, -0.256667)(0.0833333, -0.413333)
				 (54, 305)(-0.0133333, 0.386667)(0.0733333, -0.06)(0.0966667, -0.163333)(-0.05, -0.38)(0.0733333, -0.316667)(-0.146667, 0.446667)(-0.0766667, 0.496667)(-0.00333333, 0.49)(0.0166667, 0.46)(0, 0.373333)(0.163333, -0.103333)(0.0733333, -0.316667)(0.0866667, -0.43)(-0.0133333, -0.5)(-0.0466667, -0.473333)(-0.113333, -0.32)
descriptor[i][.]=(54, 303)(-0.0645161, -0.488294)(0.0752688, -0.498328)(-0.268817, 0.498328)(0.0107527, 0.494983)
				 (54, 303)(-0.0200669, -0.488294)(0.0234114, -0.498328)(-0.083612, 0.498328)(0.00334448, 0.494983)
				 (54, 303)(0.0100334, -0.498328)(-0.0334448, -0.367893)(-0.103679, -0.227425)(-0.113712, -0.0735786)(-0.103679, 0.083612)(-0.107023, 0.240803)(-0.143813, 0.391304)(-0.0635452, 0.498328)(0.0468227, 0.431438)(0.0769231, 0.297659)(0.123746, 0.150502)(0.0936455, -0.00668896)(0.157191, -0.123746)(0.117057, -0.257525)(0.107023, -0.414716)
				 (54, 303)(0.0301003, 0.377926)(0.0869565, -0.0602007)(0.0936455, -0.301003)(-0.0334448, -0.367893)(-0.00334448, 0.498328)(0.0468227, 0.441472)(0.150502, -0.090301)(0.09699, -0.297659)(0.107023, -0.414716)(0.0434783, -0.491639)(-0.0200669, -0.488294)
descriptor[i][.]=(56, 304)(-0.0102041, -0.491749)(0.0306122, -0.49835)(-0.234694, 0.50165)(0.204082, 0.445545)
				 (56, 304)(-0.00330033, -0.491749)(0.00990099, -0.49835)(-0.0759076, 0.50165)(0.0660066, 0.445545)
				 (56, 304)(0.00660066, -0.49835)(-0.049505, -0.356436)(-0.0858086, -0.20462)(-0.105611, -0.0462046)(-0.0891089, 0.112211)(-0.115512, 0.267327)(-0.145215, 0.422442)(-0.0561056, 0.491749)(0.0528053, 0.425743)(0.0924092, 0.280528)(0.125413, 0.125413)(0.108911, -0.0330033)(0.115512, -0.155116)(0.125413, -0.273927)(0.115512, -0.422442)
				 (56, 304)(0.049505, 0.369637)(0.10231, -0.0693069)(0.10231, -0.323432)(-0.0231023, -0.379538)(0.0660066, 0.445545)(0.049505, 0.369637)(0.115512, 0.227723)(0.145215, -0.10231)(0.161716, -0.19802)(0.105611, -0.320132)(0.112211, -0.468647)(0.00990099, -0.49835)(-0.0330033, -0.412541)(-0.049505, -0.356436)(-0.0726073, -0.330033)
descriptor[i][.]=(64, 305)(-0.0288462, -0.478405)(0.153846, -0.498339)(-0.288462, 0.501661)(0.0769231, 0.445183)
				 (64, 305)(-0.00996678, -0.478405)(0.0531561, -0.498339)(-0.0996678, 0.501661)(0.0265781, 0.445183)
				 (64, 305)(0.0299003, -0.498339)(-0.0232558, -0.365449)(-0.0996678, -0.222591)(-0.0930233, -0.0797342)(-0.0830565, 0.0697674)(-0.0598007, 0.219269)(-0.139535, 0.352159)(-0.116279, 0.481728)(0.013289, 0.445183)(0.0664452, 0.305648)(0.112957, 0.149502)(0.109635, -0.00664452)(0.172757, -0.136213)(0.0996678, -0.269103)(0.112957, -0.392027)
				 (64, 305)(-0.0465116, 0.202658)(0.0232558, 0.372093)(0.106312, -0.0531561)(0.0697674, -0.322259)(-0.0199336, -0.372093)(-0.0465116, 0.202658)(-0.172757, 0.44186)(-0.106312, 0.498339)(-0.0465116, 0.488372)(0.0265781, 0.445183)(0.0232558, 0.372093)(0.109635, -0.0398671)(0.166113, -0.10299)(0.126246, -0.431894)(0.0664452, -0.491694)(-0.00996678, -0.478405)(-0.0299003, -0.405316)
descriptor[i][.]=(79, 306)(-0.0377358, -0.496575)(0.0471698, -0.5)(-0.320755, 0.5)(0.0188679, 0.34589)
				 (79, 306)(-0.0136986, -0.496575)(0.0171233, -0.5)(-0.116438, 0.5)(0.00684932, 0.34589)
				 (79, 306)(0.010274, -0.5)(-0.0445205, -0.366438)(-0.140411, -0.239726)(-0.109589, -0.10274)(-0.10274, 0.0479452)(-0.0376712, 0.202055)(-0.140411, 0.342466)(-0.14726, 0.482877)(-0.0273973, 0.44863)(0.0239726, 0.294521)(0.0821918, 0.14726)(0.0753425, -0.010274)(0.157534, -0.140411)(0.109589, -0.236301)(0.10274, -0.386986)
				 (79, 306)(-0.0376712, 0.205479)(-0.0136986, 0.366438)(0.0890411, -0.0958904)(0.106164, -0.243151)(-0.0410959, -0.369863)(-0.106164, -0.113014)(-0.126712, 0)(-0.0376712, 0.205479)(-0.181507, 0.431507)(-0.123288, 0.496575)(-0.0376712, 0.486301)(-0.0136986, 0.380137)(0.0684932, 0.236301)(0.178082, -0.219178)(0.109589, -0.308219)(0.10274, -0.44863)(0.0342466, -0.493151)(-0.0136986, -0.496575)(-0.0308219, -0.465753)(-0.0410959, -0.369863)(-0.157534, -0.219178)
descriptor[i][.]=(85, 301)(-0.00925926, -0.481728)(0.12037, -0.498339)(-0.0185185, 0.501661)(0.0925926, 0.501661)
				 (85, 301)(-0.00332226, -0.481728)(0.0431894, -0.498339)(-0.00664452, 0.501661)(0.0332226, 0.501661)
				 (85, 301)(0.0332226, -0.498339)(-0.0232558, -0.362126)(-0.152824, -0.239203)(-0.089701, -0.109635)(-0.0863787, 0.0531561)(-0.0564784, 0.212625)(-0.122924, 0.372093)(-0.089701, 0.478405)(0.0631229, 0.478405)(0.00996678, 0.342193)(0.0863787, 0.196013)(0.0797342, 0.0332226)(0.116279, -0.119601)(0.156146, -0.259136)(0.109635, -0.38206)
				 (85, 301)(-0.0199336, -0.365449)(-0.0398671, 0.149502)(-0.00332226, 0.415282)(0.0963455, -0.305648)(-0.089701, -0.112957)(0.0166113, 0.325581)(0.0930233, -0.106312)(-0.0199336, -0.365449)(-0.076412, -0.335548)(-0.089701, -0.112957)(-0.0431894, 0.146179)(-0.122924, 0.332226)(-0.152824, 0.471761)(0.0332226, 0.501661)(0.0631229, 0.48505)(-0.00332226, 0.415282)(0.00996678, 0.395349)(0.0166113, 0.325581)(0.126246, -0.122924)(0.169435, -0.179402)(0.179402, -0.239203)(0.112957, -0.425249)(0.0564784, -0.491694)(-0.00996678, -0.478405)
descriptor[i][.]=(92, 301)(-0.0505051, -0.463576)(0.121212, -0.5)(-0.0909091, 0.5)(0.030303, 0.5)
				 (92, 301)(-0.0165563, -0.463576)(0.0397351, -0.5)(-0.0298013, 0.5)(0.00993377, 0.5)
				 (92, 301)(0.0231788, -0.5)(-0.0298013, -0.357616)(-0.139073, -0.235099)(-0.0827815, -0.10596)(-0.0761589, 0.0529801)(-0.0397351, 0.211921)(-0.139073, 0.360927)(-0.109272, 0.486755)(0.0430464, 0.486755)(0.0231788, 0.354305)(0.0794702, 0.201987)(0.089404, 0.0430464)(0.119205, -0.112583)(0.135762, -0.258278)(0.115894, -0.413907)
				 (92, 301)(-0.0331126, 0.201987)(0.115894, -0.291391)(-0.0231788, -0.364238)(-0.0794702, -0.115894)(-0.0960265, -0.0331126)(-0.0331126, 0.201987)(0.0331126, 0.496689)(0.0596026, 0.480132)(0.119205, -0.400662)(0.0761589, -0.490066)(0.0397351, -0.5)(-0.0298013, -0.403974)(-0.152318, -0.208609)
descriptor[i][.]=(102, 307)(-0.011236, -0.482759)(0.157303, -0.5)(-0.235955, 0.5)(0.0449438, 0.5)
				 (102, 307)(-0.00344828, -0.482759)(0.0482759, -0.5)(-0.0724138, 0.5)(0.0137931, 0.5)
				 (102, 307)(0.0448276, -0.5)(-0.0310345, -0.375862)(-0.106897, -0.231034)(-0.0931034, -0.0862069)(-0.0862069, 0.0724138)(-0.0310345, 0.227586)(-0.141379, 0.348276)(-0.1, 0.486207)(0.0172414, 0.465517)(0.0241379, 0.32069)(0.151724, 0.22069)(0.12069, 0.062069)(0.117241, -0.0896552)(0.117241, -0.227586)(0.113793, -0.386207)
				 (102, 307)(-0.0310345, 0.227586)(0, 0.365517)(0.0931034, -0.0241379)(-0.0896552, -0.124138)(-0.0137931, 0.441379)(-0.0310345, 0.227586)(-0.151724, 0.382759)(-0.12069, 0.482759)(0.0137931, 0.5)(0.0275862, 0.47931)(0, 0.372414)(0.155172, 0.213793)(0.151724, -0.113793)(0.12069, -0.444828)(0.0482759, -0.5)(0.0103448, -0.489655)(-0.0172414, -0.468966)
descriptor[i][.]=(116, 303)(-0.0515464, -0.473154)(0.0824742, -0.5)(-0.360825, 0.5)(0.14433, 0.459732)
				 (116, 303)(-0.0167785, -0.473154)(0.0268456, -0.5)(-0.11745, 0.5)(0.0469799, 0.459732)
				 (116, 303)(0.0234899, -0.5)(-0.0302013, -0.362416)(-0.0872483, -0.224832)(-0.104027, -0.0671141)(-0.090604, 0.090604)(-0.0872483, 0.248322)(-0.14094, 0.402685)(-0.090604, 0.5)(0.0503356, 0.456376)(0.0604027, 0.308725)(0.147651, 0.177852)(0.104027, 0.0201342)(0.134228, -0.110738)(0.104027, -0.224832)(0.104027, -0.38255)
				 (116, 303)(-0.0738255, 0.224832)(0.0167785, 0.385906)(0.0738255, -0.0637584)(0.104027, -0.224832)(-0.0268456, -0.365772)(0.0872483, -0.345638)(-0.0738255, 0.224832)(-0.161074, 0.473154)(0.0536913, 0.456376)(0.0167785, 0.385906)(0.151007, 0.191275)(0.124161, -0.0973154)(0.16443, -0.16443)(0.104027, -0.224832)(0.0872483, -0.345638)(0.110738, -0.385906)(0.0637584, -0.486577)(0.0268456, -0.5)(0.00671141, -0.496644)(-0.0167785, -0.473154)(-0.0369128, -0.419463)
descriptor[i][.]=(123, 300)(-0.0380952, -0.448845)(0.161905, -0.49835)(-0.361905, 0.50165)(0.27619, 0.488449)
				 (123, 300)(-0.0132013, -0.448845)(0.0561056, -0.49835)(-0.125413, 0.50165)(0.0957096, 0.488449)
				 (123, 300)(0.0231023, -0.49835)(-0.0462046, -0.330033)(-0.0660066, -0.145215)(-0.0792079, 0.039604)(-0.0726073, 0.224422)(-0.145215, 0.39934)(-0.0627063, 0.50165)(-0.049505, 0.349835)(-0.0132013, 0.409241)(0.0990099, 0.485149)(0.10231, 0.313531)(0.128713, 0.125413)(0.112211, -0.0561056)(0.165017, -0.217822)(0.122112, -0.379538)
				 (123, 300)(-0.00990099, 0.293729)(0.10231, -0.30033)(-0.0693069, 0.435644)(-0.0561056, 0.50165)(-0.0363036, 0.485149)(-0.0693069, 0.435644)(0.0825083, 0.488449)(0.105611, -0.29703)(0.128713, -0.405941)(0.115512, -0.475248)(0.0231023, -0.49835)
descriptor[i][.]=(134, 303)(-0.027027, -0.444444)(0.144144, -0.498316)(-0.405405, 0.501684)(0.18018, 0.488215)
				 (134, 303)(-0.010101, -0.444444)(0.0538721, -0.498316)(-0.151515, 0.501684)(0.0673401, 0.488215)
				 (134, 303)(0.030303, -0.498316)(-0.020202, -0.350168)(-0.0639731, -0.191919)(-0.0673401, -0.037037)(-0.030303, 0.131313)(-0.0639731, 0.272727)(-0.178451, 0.400673)(-0.0942761, 0.498316)(0.0639731, 0.488215)(0.0707071, 0.346801)(0.124579, 0.185185)(0.117845, 0.020202)(0.185185, -0.107744)(0.131313, -0.259259)(0.131313, -0.424242)
				 (134, 303)(-0.010101, 0.218855)(-0.043771, 0.47138)(0.040404, 0.417508)(0.114478, -0.0505051)(0.13468, -0.188552)(0.00673401, -0.37037)(-0.175084, 0.393939)(-0.185185, 0.424242)(-0.158249, 0.498316)(-0.043771, 0.47138)(0.0673401, 0.488215)(0.040404, 0.417508)(0.188552, -0.117845)(0.185185, -0.148148)(0.131313, -0.444444)(0.0606061, -0.494949)(0.030303, -0.498316)(-0.010101, -0.444444)(-0.040404, -0.329966)(-0.0572391, -0.289562)
descriptor[i][.]=(152, 305)(-0.0530973, -0.44898)(0.0884956, -0.5)(-0.256637, 0.5)(0.0265487, 0.5)
				 (152, 305)(-0.0204082, -0.44898)(0.0340136, -0.5)(-0.0986395, 0.5)(0.0102041, 0.5)
				 (152, 305)(0.0170068, -0.5)(-0.0306122, -0.353741)(-0.12585, -0.207483)(-0.0816327, -0.0646259)(-0.0408163, 0.0952381)(-0.0408163, 0.248299)(-0.180272, 0.370748)(-0.0952381, 0.5)(0.0238095, 0.465986)(0.0306122, 0.316327)(0.112245, 0.176871)(0.0952381, 0.0136054)(0.153061, -0.12585)(0.112245, -0.221088)(0.122449, -0.384354)
				 (152, 305)(-0.0136054, 0.190476)(-0.0136054, 0.418367)(0.085034, -0.0170068)(0.108844, -0.227891)(-0.0204082, -0.370748)(-0.0816327, -0.122449)(0.0272109, 0.319728)(0.112245, -0.0986395)(-0.0136054, 0.190476)(-0.190476, 0.37415)(0.0102041, 0.5)(0.0408163, 0.482993)(-0.0136054, 0.418367)(0.0272109, 0.319728)(0.0986395, 0.255102)(0.085034, -0.0170068)(0.112245, -0.0952381)(0.173469, -0.136054)(0.190476, -0.156463)(0.183673, -0.20068)(0.122449, -0.377551)(0.102041, -0.459184)(0.0340136, -0.5)
descriptor[i][.]=(168, 299)(-0.010101, -0.468852)(0.171717, -0.498361)(-0.393939, 0.498361)(0.222222, 0.501639)
				 (168, 299)(-0.00327869, -0.468852)(0.0557377, -0.498361)(-0.127869, 0.498361)(0.0721311, 0.501639)
				 (168, 299)(0.042623, -0.498361)(-0.0131148, -0.363934)(-0.137705, -0.236066)(-0.0655738, -0.095082)(-0.052459, 0.0655738)(-0.0721311, 0.229508)(-0.144262, 0.386885)(-0.0885246, 0.501639)(0.0786885, 0.498361)(0.052459, 0.393443)(0.0918033, 0.229508)(0.0754098, 0.0622951)(0.114754, -0.101639)(0.134426, -0.24918)(0.114754, -0.377049)
				 (168, 299)(-0.0360656, 0.147541)(0.042623, 0.363934)(0.0754098, -0.304918)(-0.0131148, -0.363934)(-0.0622951, -0.127869)(0.0622951, 0.445902)(0.0721311, 0.042623)(-0.0852459, -0.0262295)(-0.0360656, 0.147541)(-0.134426, 0.495082)(0.118033, 0.485246)(0.0622951, 0.445902)(0.042623, 0.363934)(0.0918033, 0.236066)(0.0721311, 0.042623)(0.111475, -0.363934)(0.118033, -0.455738)(0.0557377, -0.498361)(0.0229508, -0.495082)(-0.0229508, -0.442623)(-0.0131148, -0.363934)(-0.131148, -0.245902)
descriptor[i][.]=(180, 304)(-0.0288462, -0.462838)(0.201923, -0.5)(-0.375, 0.496622)(0.0576923, 0.5)
				 (180, 304)(-0.0101351, -0.462838)(0.0709459, -0.5)(-0.131757, 0.496622)(0.0202703, 0.5)
				 (180, 304)(0.0608108, -0.5)(-0.00337838, -0.378378)(-0.10473, -0.233108)(-0.0709459, -0.0912162)(-0.0540541, 0.0743243)(0, 0.22973)(-0.125, 0.344595)(-0.138514, 0.483108)(0.0168919, 0.5)(0.0506757, 0.385135)(0.111486, 0.22973)(0.10473, 0.0675676)(0.118243, -0.0945946)(0.131757, -0.216216)(0.125, -0.378378)
				 (180, 304)(0.00337838, 0.226351)(0.0405405, 0.408784)(0.0945946, -0.00337838)(0.131757, -0.209459)(-0.00337838, -0.375)(-0.0574324, -0.121622)(0.118243, -0.0945946)(-0.0675676, 0.0506757)(-0.175676, 0.391892)(-0.138514, 0.493243)(0.0743243, 0.476351)(0.0405405, 0.408784)(0.0945946, -0.00337838)(0.118243, -0.0878378)(0.0777027, -0.496622)(0.027027, -0.493243)(-0.0101351, -0.462838)(-0.0168919, -0.422297)
descriptor[i][.]=(204, 306)(-0.0210526, -0.5)(0.0421053, -0.5)(-0.410526, 0.5)(0.357895, 0.260274)
				 (204, 306)(-0.00684932, -0.5)(0.0136986, -0.5)(-0.133562, 0.5)(0.116438, 0.260274)
				 (204, 306)(-0.00684932, -0.5)(-0.0479452, -0.35274)(-0.10274, -0.202055)(-0.106164, -0.0410959)(-0.0753425, 0.113014)(-0.0650685, 0.267123)(-0.14726, 0.383562)(-0.0993151, 0.5)(-0.0308219, 0.414384)(0.0753425, 0.280822)(0.130137, 0.15411)(0.0650685, -0.00342466)(0.14726, -0.140411)(0.0856164, -0.243151)(0.0958904, -0.400685)
				 (204, 306)(-0.0376712, 0.232877)(-0.123288, 0.414384)(-0.0205479, 0.376712)(0.0650685, -0.00684932)(0.0856164, -0.212329)(-0.0376712, -0.369863)(-0.160959, 0.34589)(-0.133562, 0.40411)(-0.140411, 0.486301)(-0.010274, 0.479452)(0.140411, 0.236301)(0.0650685, -0.00684932)(0.160959, -0.181507)(0.0582192, -0.486301)(-0.00684932, -0.5)(-0.0547945, -0.424658)(-0.0376712, -0.369863)
descriptor[i][.]=(218, 300)(-0.00961538, -0.49505)(0.163462, -0.49835)(-0.384615, 0.50165)(0.288462, 0.488449)
				 (218, 300)(-0.00330033, -0.49505)(0.0561056, -0.49835)(-0.132013, 0.50165)(0.0990099, 0.488449)
				 (218, 300)(0.00660066, -0.49835)(-0.0462046, -0.353135)(-0.0825083, -0.194719)(-0.0990099, -0.0330033)(-0.0726073, 0.128713)(-0.118812, 0.287129)(-0.168317, 0.445545)(-0.039604, 0.478548)(0.112211, 0.468647)(0.0726073, 0.323432)(0.128713, 0.174917)(0.0891089, 0.00990099)(0.108911, -0.145215)(0.112211, -0.247525)(0.10231, -0.389439)
				 (218, 300)(-0.0660066, 0.171617)(-0.0330033, 0.475248)(0.0825083, -0.0726073)(0.0858086, -0.270627)(-0.039604, -0.366337)(0.0594059, 0.359736)(-0.0660066, 0.171617)(-0.155116, 0.488449)(-0.0528053, 0.488449)(0.0990099, 0.488449)(0.0594059, 0.359736)(0.168317, -0.20132)(0.151815, -0.250825)(0.105611, -0.39934)(0.0957096, -0.448845)(0.0627063, -0.49505)(0.00660066, -0.49835)(-0.039604, -0.366337)(-0.0660066, -0.326733)
descriptor[i][.]=(228, 301)(-0.0263158, -0.451827)(0.22807, -0.495017)(-0.377193, 0.501661)(0.263158, 0.488372)
				 (228, 301)(-0.00996678, -0.451827)(0.0863787, -0.495017)(-0.142857, 0.501661)(0.0996678, 0.488372)
				 (228, 301)(0.0299003, -0.498339)(-0.0365449, -0.325581)(-0.0564784, -0.146179)(-0.0631229, 0.0332226)(-0.0431894, 0.215947)(-0.152824, 0.378738)(-0.112957, 0.48505)(-0.0299003, 0.335548)(-0.0166113, 0.468439)(0.0797342, 0.44186)(0.122924, 0.262458)(0.119601, 0.0830565)(0.126246, -0.089701)(0.146179, -0.229236)(0.119601, -0.375415)
				 (228, 301)(-0.0398671, 0.212625)(-0.00996678, 0.318937)(0.0797342, 0.431894)(0.106312, -0.0730897)(0.0963455, -0.335548)(-0.0664452, 0.385382)(-0.0398671, 0.212625)(-0.186047, 0.451827)(-0.149502, 0.498339)(-0.0863787, 0.488372)(-0.0664452, 0.385382)(-0.0166113, 0.475083)(0.0697674, 0.491694)(0.106312, 0.48505)(0.0797342, 0.431894)(0.13289, -0.0930233)(0.189369, -0.186047)(0.0996678, -0.332226)(0.126246, -0.448505)(0.0963455, -0.488372)(0.0332226, -0.498339)(0.00664452, -0.478405)(-0.00996678, -0.451827)
descriptor[i][.]=(241, 307)(-0.149123, -0.265993)(0.201754, -0.498316)(-0.315789, 0.501684)(0.0789474, 0.488215)
				 (241, 307)(-0.0572391, -0.265993)(0.0774411, -0.498316)(-0.121212, 0.501684)(0.030303, 0.488215)
				 (241, 307)(0.0707071, -0.498316)(-0.010101, -0.373737)(-0.0505051, -0.222222)(-0.0538721, -0.0572391)(-0.016835, 0.104377)(-0.013468, 0.249158)(-0.161616, 0.343434)(-0.127946, 0.491582)(0.026936, 0.488215)(0.0639731, 0.353535)(0.131313, 0.20202)(0.117845, 0.037037)(0.164983, -0.0976431)(0.121212, -0.208754)(0.13468, -0.363636)
				 (241, 307)(0.026936, 0.218855)(0.040404, 0.417508)(0.114478, -0.0673401)(0.121212, -0.198653)(0.114478, -0.340067)(-0.0606061, 0.020202)(-0.191919, 0.37037)(-0.127946, 0.498316)(0.0639731, 0.47138)(0.040404, 0.417508)(0.131313, 0.252525)(0.181818, -0.10101)(0.131313, -0.356902)(0.13468, -0.457912)(0.107744, -0.484848)(0.0774411, -0.498316)(0.037037, -0.491582)
descriptor[i][.]=(269, 303)(-0.0212766, -0.493464)(0.0638298, -0.5)(-0.223404, 0.5)(0.0744681, 0.5)
				 (269, 303)(-0.00653595, -0.493464)(0.0196078, -0.5)(-0.0686275, 0.5)(0.0228758, 0.5)
				 (269, 303)(0.0130719, -0.5)(-0.0392157, -0.362745)(-0.153595, -0.22549)(-0.0915033, -0.0882353)(-0.0620915, 0.0718954)(-0.0686275, 0.228758)(-0.133987, 0.375817)(-0.0849673, 0.490196)(0.00653595, 0.460784)(0.0228758, 0.316993)(0.0947712, 0.173203)(0.0522876, 0.0163399)(0.104575, -0.127451)(0.111111, -0.235294)(0.0915033, -0.375817)
				 (269, 303)(-0.0457516, 0.153595)(-0.0228758, 0.421569)(0.0490196, 0)(0.0718954, -0.284314)(-0.0424837, -0.356209)(-0.0947712, -0.143791)(0.00980392, 0.326797)(0.0686275, -0.0980392)(-0.0490196, 0.150327)(-0.133987, 0.480392)(0.0228758, 0.5)(0.00326797, 0.395425)(0.00980392, 0.326797)(0.0947712, 0.235294)(0.0849673, 0.111111)(0.0490196, 0)(0.0686275, -0.0980392)(0.120915, -0.137255)(0.153595, -0.218954)(0.0718954, -0.477124)(0.0130719, -0.5)(-0.0424837, -0.356209)
descriptor[i][.]=(278, 301)(-0.00980392, -0.475728)(0.22549, -0.495146)(-0.235294, 0.501618)(0.313725, 0.501618)
				 (278, 301)(-0.00323625, -0.475728)(0.0744337, -0.495146)(-0.0776699, 0.501618)(0.10356, 0.501618)
				 (278, 301)(0.0355987, -0.498382)(-0.0194175, -0.359223)(-0.126214, -0.220065)(-0.0711974, -0.0711974)(-0.0355987, 0.0841424)(-0.0647249, 0.242718)(-0.152104, 0.391586)(-0.0776699, 0.501618)(0.0841424, 0.501618)(0.0647249, 0.381877)(0.0938511, 0.223301)(0.0809061, 0.0647249)(0.0938511, -0.0938511)(0.158576, -0.245955)(0.119741, -0.385113)
				 (278, 301)(-0.0323625, 0.171521)(0.0744337, -0.00323625)(0.10356, -0.297735)(-0.0161812, -0.36246)(-0.0582524, -0.145631)(-0.0355987, 0.0776699)(0.0647249, 0.443366)(-0.038835, 0.0744337)(-0.0323625, 0.171521)(-0.113269, 0.485437)(0.10356, 0.501618)(0.110032, 0.478964)(0.0647249, 0.443366)(0.0938511, 0.223301)(0.0744337, -0.00323625)(0.165049, -0.220065)(0.110032, -0.466019)(0.038835, -0.498382)(-0.00323625, -0.475728)(-0.02589, -0.394822)(-0.0161812, -0.36246)(-0.116505, -0.252427)
descriptor[i][.]=(299, 306)(-0.020202, -0.473333)(0.151515, -0.5)(-0.30303, 0.5)(0.151515, 0.5)
				 (299, 306)(-0.00666667, -0.473333)(0.05, -0.5)(-0.1, 0.5)(0.05, 0.5)
				 (299, 306)(0.04, -0.5)(-0.0266667, -0.36)(-0.07, -0.21)(-0.0766667, -0.0466667)(-0.0366667, 0.11)(-0.0366667, 0.263333)(-0.163333, 0.37)(-0.0766667, 0.496667)(0.0433333, 0.476667)(0.05, 0.336667)(0.126667, 0.2)(0.09, 0.0366667)(0.14, -0.103333)(0.1, -0.22)(0.116667, -0.376667)
				 (299, 306)(-0.00333333, 0.223333)(0.00333333, 0.416667)(0.09, -0.0566667)(0.1, -0.183333)(-0.0266667, -0.346667)(0.0833333, 0.0266667)(-0.08, 0.0366667)(-0.153333, 0.346667)(-0.106667, 0.496667)(0.05, 0.5)(0.00333333, 0.416667)(0.126667, 0.253333)(0.09, 0.0366667)(0.103333, -0.0233333)(0.163333, -0.116667)(0.113333, -0.45)(0.1, -0.48)(0.05, -0.5)(-0.00666667, -0.473333)(-0.0266667, -0.346667)
descriptor[i][.]=(323, 303)(-0.0194175, -0.5)(0.0291262, -0.5)(-0.407767, 0.5)(0.174757, 0.473856)
				 (323, 303)(-0.00653595, -0.5)(0.00980392, -0.5)(-0.137255, 0.5)(0.0588235, 0.473856)
				 (323, 303)(-0.00653595, -0.5)(-0.0555556, -0.346405)(-0.0915033, -0.189542)(-0.107843, -0.0228758)(-0.0653595, 0.137255)(-0.111111, 0.29085)(-0.166667, 0.454248)(-0.0261438, 0.493464)(0.0196078, 0.431373)(0.0718954, 0.277778)(0.111111, 0.130719)(0.0620915, -0.0261438)(0.150327, -0.169935)(0.0784314, -0.248366)(0.0980392, -0.398693)
				 (323, 303)(-0.0686275, 0.215686)(0.0130719, 0.359477)(0.0588235, -0.0228758)(0.0784314, -0.228758)(-0.0424837, -0.359477)(0.0718954, -0.0980392)(0.0653595, -0.346405)(-0.163399, 0.424837)(-0.166667, 0.464052)(-0.143791, 0.496732)(0.0588235, 0.473856)(0.0130719, 0.359477)(0.0947712, 0.261438)(0.124183, 0.176471)(0.0588235, -0.0228758)(0.0718954, -0.0980392)(0.166667, -0.183007)(0.169935, -0.20915)(0.153595, -0.232026)(0.0980392, -0.385621)(0.0784314, -0.480392)(-0.00653595, -0.5)(-0.0424837, -0.457516)(-0.0555556, -0.385621)(-0.0882353, -0.294118)
descriptor[i][.]=(333, 301)(-0.0175439, -0.478964)(0.184211, -0.498382)(-0.421053, 0.501618)(0.324561, 0.488673)
				 (333, 301)(-0.00647249, -0.478964)(0.0679612, -0.498382)(-0.15534, 0.501618)(0.119741, 0.488673)
				 (333, 301)(0.0582524, -0.498382)(-0.0226537, -0.365696)(-0.0809061, -0.187702)(-0.0776699, -0.00970874)(-0.038835, 0.171521)(-0.12945, 0.339806)(-0.142395, 0.501618)(-0.0614887, 0.404531)(-0.00323625, 0.417476)(0.113269, 0.488673)(0.0938511, 0.320388)(0.113269, 0.139159)(0.0938511, -0.0453074)(0.184466, -0.203883)(0.100324, -0.343042)
				 (333, 301)(-0.0355987, 0.200647)(-0.012945, 0.330097)(0.0841424, -0.00323625)(0.119741, -0.252427)(-0.0194175, -0.355987)(-0.0550162, -0.106796)(-0.0744337, 0.436893)(0.0841424, 0.372168)(0.113269, -0.139159)(-0.0582524, -0.110032)(-0.0776699, -0.0161812)(-0.0355987, 0.200647)(-0.184466, 0.433657)(-0.161812, 0.498382)(-0.0679612, 0.501618)(-0.0744337, 0.436893)(0.00647249, 0.485437)(0.119741, 0.488673)(0.0938511, 0.38835)(0.0841424, -0.00323625)(0.113269, -0.139159)(0.177994, -0.184466)(0.174757, -0.236246)(0.126214, -0.275081)(0.100324, -0.485437)(0.0679612, -0.498382)(0.038835, -0.495146)(0.00647249, -0.485437)(-0.02589, -0.38835)(-0.0194175, -0.355987)
descriptor[i][.]=(346, 307)(-0.0258621, -0.42953)(0.25, -0.5)(-0.301724, 0.5)(0.198276, 0.486577)
				 (346, 307)(-0.0100671, -0.42953)(0.0973154, -0.5)(-0.11745, 0.5)(0.0771812, 0.486577)
				 (346, 307)(0.0671141, -0.5)(-0.00671141, -0.369128)(-0.0436242, -0.214765)(-0.0469799, -0.0469799)(-0.00671141, 0.110738)(-0.00671141, 0.255034)(-0.16443, 0.362416)(-0.124161, 0.493289)(0.033557, 0.479866)(0.0671141, 0.38255)(0.134228, 0.221477)(0.114094, 0.057047)(0.151007, -0.0973154)(0.144295, -0.214765)(0.134228, -0.375839)
				 (346, 307)(0.033557, 0.228188)(0.0503356, 0.412752)(0.0973154, 0.0167785)(0.144295, -0.184564)(0, -0.352349)(0.120805, -0.0805369)(-0.184564, 0.372483)(-0.147651, 0.47651)(-0.124161, 0.496644)(0.0771812, 0.486577)(0.0503356, 0.412752)(0.134228, 0.261745)(0.0973154, 0.0167785)(0.120805, -0.0771812)(0.177852, -0.107383)(0.194631, -0.154362)(0.127517, -0.466443)(0.110738, -0.493289)(0.0302013, -0.493289)(-0.0167785, -0.338926)
descriptor[i][.]=(367, 306)(-0.019802, -0.486667)(0.168317, -0.5)(-0.227723, 0.5)(0.00990099, 0.5)
				 (367, 306)(-0.00666667, -0.486667)(0.0566667, -0.5)(-0.0766667, 0.5)(0.00333333, 0.5)
				 (367, 306)(0.0366667, -0.5)(-0.03, -0.376667)(-0.0833333, -0.226667)(-0.0733333, -0.0766667)(-0.0433333, 0.08)(-0.0333333, 0.24)(-0.136667, 0.373333)(-0.0733333, 0.5)(-0.0166667, 0.43)(0.08, 0.296667)(0.116667, 0.153333)(0.0666667, 0.00666667)(0.136667, -0.14)(0.1, -0.223333)(0.106667, -0.38)
				 (367, 306)(-0.02, 0.21)(-0.00333333, 0.373333)(0.0666667, 0)(0.0966667, -0.226667)(-0.0266667, -0.36)(-0.07, -0.153333)(-0.09, 0.333333)(0.0866667, -0.08)(0.09, -0.346667)(-0.0866667, -0.0333333)(-0.02, 0.21)(-0.0866667, 0.32)(-0.116667, 0.35)(-0.166667, 0.403333)(-0.143333, 0.45)(-0.0833333, 0.496667)(0.00333333, 0.5)(0.0966667, 0.29)(0.133333, 0.24)(0.126667, 0.176667)(0.09, 0.0366667)(0.0666667, 0)(0.0866667, -0.0766667)(0.11, -0.0966667)(0.166667, -0.166667)(0.17, -0.22)(0.0966667, -0.226667)(0.103333, -0.36)(0.113333, -0.393333)(0.1, -0.47)(0.07, -0.493333)
descriptor[i][.]=(388, 302)(-0.027027, -0.488889)(0.0540541, -0.498413)(-0.351351, 0.485714)(0.486486, 0.488889)
				 (388, 302)(-0.00952381, -0.488889)(0.0190476, -0.498413)(-0.12381, 0.485714)(0.171429, 0.488889)
				 (388, 302)(0.0126984, -0.498413)(-0.0444444, -0.326984)(-0.0571429, -0.161905)(-0.0634921, 0.0222222)(-0.0634921, 0.209524)(-0.152381, 0.380952)(-0.0634921, 0.48254)(-0.0126984, 0.320635)(0.00634921, 0.498413)(0.177778, 0.47619)(0.0857143, 0.330159)(0.104762, 0.149206)(0.0857143, -0.0380952)(0.142857, -0.209524)(0.104762, -0.368254)
				 (388, 302)(-0.0507937, 0.190476)(-0.0190476, 0.31746)(0.0857143, 0.361905)(0.0920635, -0.330159)(-0.0222222, -0.361905)(-0.0571429, -0.177778)(-0.0666667, 0.422222)(0.104762, 0.44127)(0.0857143, -0.0444444)(-0.0793651, -0.015873)(-0.0507937, 0.190476)(-0.174603, 0.425397)(-0.130159, 0.48254)(-0.0857143, 0.488889)(-0.0507937, 0.469841)(-0.0666667, 0.422222)(-0.0031746, 0.495238)(0.171429, 0.488889)(0.0952381, 0.377778)(0.0857143, -0.0444444)(0.149206, -0.219048)(0.155556, -0.263492)(0.0920635, -0.47619)(0.0730159, -0.488889)(0.0190476, -0.498413)(-0.00952381, -0.488889)(-0.0380952, -0.409524)(-0.0222222, -0.361905)(-0.0952381, -0.253968)
descriptor[i][.]=(401, 307)(-0.027027, -0.459016)(0.198198, -0.498361)(-0.324324, 0.488525)(0.189189, 0.501639)
				 (401, 307)(-0.00983607, -0.459016)(0.0721311, -0.498361)(-0.118033, 0.488525)(0.0688525, 0.501639)
				 (401, 307)(0.0262295, -0.498361)(-0.0262295, -0.337705)(-0.0459016, -0.167213)(-0.052459, 0.0131148)(0.0131148, 0.183607)(-0.104918, 0.311475)(-0.137705, 0.452459)(-0.052459, 0.386885)(-0.0131148, 0.501639)(0.0721311, 0.452459)(0.12459, 0.278689)(0.131148, 0.0983607)(0.114754, -0.0721311)(0.170492, -0.216393)(0.118033, -0.377049)
				 (401, 307)(0.0196721, 0.213115)(-0.0360656, 0.370492)(0.0688525, 0.432787)(0.108197, -0.052459)(0.131148, -0.255738)(-0.12459, 0.485246)(-0.0688525, 0.472131)(-0.0327869, 0.498361)(0.111475, 0.485246)(0.0688525, 0.432787)(0.157377, -0.0918033)(0.183607, -0.203279)(0.134426, -0.281967)(0.0918033, -0.491803)(0.0262295, -0.498361)
descriptor[i][.]=(436, 306)(-0.0106383, -0.5)(0.0425532, -0.5)(-0.382979, 0.5)(0.0531915, 0.474026)
				 (436, 306)(-0.00324675, -0.5)(0.012987, -0.5)(-0.116883, 0.5)(0.0162338, 0.474026)
				 (436, 306)(-0.00324675, -0.5)(-0.0616883, -0.376623)(-0.103896, -0.233766)(-0.100649, -0.0779221)(-0.0714286, 0.0746753)(-0.0584416, 0.233766)(-0.152597, 0.376623)(-0.0941558, 0.5)(0.00974026, 0.435065)(0.025974, 0.301948)(0.100649, 0.168831)(0.0519481, 0.00974026)(0.103896, -0.136364)(0.0909091, -0.220779)(0.0714286, -0.373377)
				 (436, 306)(-0.0487013, 0.188312)(-0.0194805, 0.350649)(0.0487013, -0.00649351)(0.0746753, -0.233766)(-0.0519481, -0.36039)(0.0811688, -0.123377)(-0.0487013, 0.188312)(-0.152597, 0.376623)(-0.123377, 0.496753)(0.0162338, 0.474026)(0.0227273, 0.451299)(0.0974026, 0.237013)(0.103896, 0.178571)(0.0811688, -0.116883)(0.12987, -0.149351)(0.149351, -0.220779)(0.0681818, -0.454545)(0.012987, -0.5)(-0.0324675, -0.493506)(-0.0681818, -0.386364)
descriptor[i][.]=(447, 303)(-0.0510204, -0.492013)(0.112245, -0.498403)(-0.346939, 0.501597)(0.438776, 0.501597)
				 (447, 303)(-0.0159744, -0.492013)(0.0351438, -0.498403)(-0.108626, 0.501597)(0.13738, 0.501597)
				 (447, 303)(0.00958466, -0.498403)(-0.0415335, -0.357827)(-0.118211, -0.198083)(-0.0894569, -0.057508)(-0.0479233, 0.102236)(-0.0766773, 0.265176)(-0.153355, 0.421725)(-0.0543131, 0.501597)(0.105431, 0.501597)(0.0670927, 0.399361)(0.0926518, 0.236422)(0.0670927, 0.0734824)(0.0766773, -0.0926518)(0.15655, -0.230032)(0.086262, -0.380192)
				 (447, 303)(-0.0415335, 0.214058)(0.0607029, 0.00638978)(0.086262, -0.348243)(-0.0383387, -0.361022)(-0.0766773, -0.127796)(-0.0479233, 0.086262)(0.0670927, 0.4377)(0.0798722, -0.13738)(-0.102236, -0.0255591)(-0.0607029, 0.0702875)(-0.0415335, 0.214058)(-0.153355, 0.421725)(-0.153355, 0.485623)(0.13738, 0.501597)(0.0958466, 0.220447)(0.0607029, 0.00638978)(0.0798722, -0.13738)(0.153355, -0.210863)(0.0958466, -0.338658)(0.0702875, -0.482428)(-0.0223642, -0.488818)(-0.0511182, -0.421725)(-0.0383387, -0.361022)
descriptor[i][.]=(458, 308)(-0.00980392, -0.488449)(0.176471, -0.49835)(-0.313725, 0.50165)(0.313725, 0.50165)
				 (458, 308)(-0.00330033, -0.488449)(0.0594059, -0.49835)(-0.105611, 0.50165)(0.105611, 0.50165)
				 (458, 308)(0.0330033, -0.49835)(-0.0330033, -0.369637)(-0.0759076, -0.207921)(-0.0792079, -0.039604)(-0.00990099, 0.115512)(-0.019802, 0.273927)(-0.161716, 0.392739)(-0.0627063, 0.50165)(0.0957096, 0.50165)(0.039604, 0.389439)(0.141914, 0.247525)(0.105611, 0.0792079)(0.108911, -0.0858086)(0.122112, -0.214521)(0.0990099, -0.376238)
				 (458, 308)(0.0165017, 0.231023)(0.029703, 0.432343)(0.0825083, -0.00330033)(0.122112, -0.207921)(-0.029703, -0.349835)(0.0660066, 0.330033)(0.118812, -0.10231)(-0.165017, 0.392739)(-0.168317, 0.422442)(-0.112211, 0.49835)(0.105611, 0.50165)(0.029703, 0.432343)(0.0660066, 0.330033)(0.138614, 0.273927)(0.0825083, -0.00330033)(0.118812, -0.0990099)(0.151815, -0.115512)(0.168317, -0.161716)(0.135314, -0.290429)(0.10231, -0.462046)(0.0660066, -0.49505)(-0.00990099, -0.485149)(-0.029703, -0.349835)(-0.0759076, -0.273927)
descriptor[i][.]=(483, 308)(-0.0217391, -0.5)(0.0108696, -0.5)(-0.0217391, 0.5)(0.119565, 0.5)
				 (483, 308)(-0.00641026, -0.5)(0.00320513, -0.5)(-0.00641026, 0.5)(0.0352564, 0.5)
				 (483, 308)(-0.00641026, -0.5)(-0.0544872, -0.365385)(-0.0961538, -0.217949)(-0.102564, -0.0641026)(-0.0608974, 0.0897436)(-0.0705128, 0.24359)(-0.137821, 0.391026)(-0.0673077, 0.487179)(0.0224359, 0.451923)(0.0608974, 0.307692)(0.115385, 0.169872)(0.0737179, 0.0192308)(0.102564, -0.13141)(0.0833333, -0.224359)(0.0737179, -0.38141)
				 (483, 308)(-0.0480769, 0.176282)(0, 0.413462)(0.0608974, -0.025641)(0.0801282, -0.227564)(-0.0544872, -0.355769)(0.0737179, -0.0865385)(-0.0480769, 0.176282)(-0.147436, 0.461538)(0.0416667, 0.496795)(0, 0.413462)(0.112179, 0.25641)(0.128205, 0.221154)(0.0608974, -0.025641)(0.0737179, -0.0833333)(0.144231, -0.173077)(0.147436, -0.211538)(0.0320513, -0.49359)(0.00320513, -0.5)(-0.0416667, -0.480769)(-0.0705128, -0.423077)
descriptor[i][.]=(498, 303)(-0.034188, -0.498442)(0.0683761, -0.495327)(-0.247863, 0.489097)(0.478632, 0.501558)
				 (498, 303)(-0.0124611, -0.498442)(0.0249221, -0.495327)(-0.0903427, 0.489097)(0.174455, 0.501558)
				 (498, 303)(-0.0124611, -0.498442)(-0.0560748, -0.34891)(-0.0872274, -0.183801)(-0.0965732, -0.0186916)(-0.0654206, 0.146417)(-0.127726, 0.305296)(-0.161994, 0.451713)(-0.00623053, 0.485981)(0.158879, 0.498442)(0.0872274, 0.404984)(0.109034, 0.23676)(0.0996885, 0.0685358)(0.0809969, -0.0965732)(0.149533, -0.255452)(0.0716511, -0.376947)
				 (498, 303)(-0.0623053, 0.193146)(0.0778816, 0.392523)(0.05919, -0.339564)(-0.0529595, -0.35514)(-0.0841121, -0.180685)(-0.0623053, 0.0654206)(0.0716511, -0.046729)(-0.0654206, 0.0623053)(-0.0623053, 0.193146)(-0.105919, 0.252336)(-0.180685, 0.433022)(-0.140187, 0.47352)(0.174455, 0.501558)(0.11838, 0.211838)(0.0716511, -0.046729)(0.149533, -0.246106)(0.0747664, -0.433022)(0.0311526, -0.492212)(-0.00311526, -0.498442)(-0.0436137, -0.476636)(-0.0685358, -0.404984)(-0.0996885, -0.267913)
descriptor[i][.]=(503, 307)(-0.00884956, -0.490446)(0.123894, -0.5)(-0.300885, 0.487261)(0.486726, 0.496815)
				 (503, 307)(-0.00318471, -0.490446)(0.044586, -0.5)(-0.10828, 0.487261)(0.175159, 0.496815)
				 (503, 307)(0.0382166, -0.5)(-0.0286624, -0.353503)(-0.0605096, -0.16879)(-0.0605096, 0.0191083)(-0.00318471, 0.203822)(-0.143312, 0.350318)(-0.0828025, 0.487261)(-0.0350318, 0.359873)(0.00636943, 0.461783)(0.165605, 0.493631)(0.111465, 0.363057)(0.156051, 0.171975)(0.10828, -0.0127389)(0.143312, -0.178344)(0.101911, -0.343949)
				 (503, 307)(-0.00318471, 0.203822)(0, 0.324841)(0.105096, 0.407643)(0.101911, -0.334395)(-0.0286624, -0.347134)(-0.0732484, 0.420382)(0.11465, 0.464968)(0.105096, -0.0350318)(-0.171975, 0.382166)(-0.178344, 0.414013)(-0.11465, 0.484076)(-0.0477707, 0.487261)(0.0191083, 0.496815)(0.181529, 0.493631)(0.11465, 0.464968)(0.10828, 0.410828)(0.159236, 0.16242)(0.105096, -0.0350318)(0.16879, -0.254777)(0.111465, -0.39172)(0.066879, -0.490446)(0.044586, -0.5)(-0.00318471, -0.490446)
descriptor[i][.]=(525, 309)(-0.00952381, -0.498382)(0.0285714, -0.498382)(-0.142857, 0.501618)(0.295238, 0.495146)
				 (525, 309)(-0.00323625, -0.498382)(0.00970874, -0.498382)(-0.0485437, 0.501618)(0.100324, 0.495146)
				 (525, 309)(-0.00323625, -0.498382)(-0.0517799, -0.352751)(-0.0841424, -0.194175)(-0.0809061, -0.0291262)(-0.00323625, 0.122977)(-0.0420712, 0.2589)(-0.168285, 0.375405)(-0.0420712, 0.501618)(0.0970874, 0.482201)(0.0841424, 0.349515)(0.139159, 0.200647)(0.110032, 0.0355987)(0.145631, -0.0938511)(0.0970874, -0.226537)(0.0809061, -0.391586)
				 (525, 309)(0.0291262, 0.210356)(0.038835, 0.443366)(0.0938511, -0.0744337)(0.0970874, -0.210356)(-0.0485437, -0.333333)(-0.0744337, -0.165049)(-0.00647249, 0.116505)(-0.0744337, -0.165049)(-0.0873786, -0.116505)(-0.0744337, 0.0453074)(-0.00647249, 0.116505)(-0.165049, 0.346278)(-0.0550162, 0.498382)(0.100324, 0.495146)(0.038835, 0.443366)(0.12945, 0.281553)(0.0970874, -0.0647249)(0.139159, -0.0906149)(0.168285, -0.113269)(0.145631, -0.174757)(0.0550162, -0.485437)(0.00970874, -0.498382)(-0.0420712, -0.478964)(-0.0809061, -0.297735)
descriptor[i][.]=(549, 303)(-0.106383, -0.498442)(0.0319149, -0.489097)(-0.287234, 0.501558)(0.0744681, 0.501558)
				 (549, 303)(-0.0311526, -0.498442)(0.00934579, -0.489097)(-0.0841121, 0.501558)(0.0218069, 0.501558)
				 (549, 303)(-0.0311526, -0.498442)(-0.0778816, -0.358255)(-0.127726, -0.208723)(-0.109034, -0.05919)(-0.0498442, 0.0872274)(-0.0529595, 0.242991)(-0.11838, 0.395639)(-0.0529595, 0.501558)(0.05919, 0.448598)(0.0373832, 0.314642)(0.0996885, 0.17134)(0.0654206, 0.0186916)(0.0872274, -0.140187)(0.0778816, -0.233645)(0.0529595, -0.386293)
				 (549, 303)(-0.0747664, -0.339564)(-0.0373832, 0.161994)(0.0124611, 0.373832)(0.0654206, -0.109034)(0.0747664, -0.23676)(-0.105919, -0.102804)(-0.0498442, 0.0841121)(0.0498442, -0.345794)(-0.143302, -0.190031)(-0.146417, -0.158879)(-0.109034, -0.105919)(-0.115265, -0.0280374)(-0.0498442, 0.0841121)(-0.0404984, 0.158879)(-0.130841, 0.457944)(-0.11838, 0.485981)(0.0218069, 0.501558)(0.0623053, 0.479751)(0.0716511, 0.461059)(0.0124611, 0.373832)(0.0965732, 0.242991)(0.115265, -0.152648)(0.143302, -0.186916)(0.0778816, -0.286604)(0.0498442, -0.345794)(0.0623053, -0.426791)(0.0498442, -0.461059)(0.0218069, -0.482866)(-0.0280374, -0.498442)(-0.0841121, -0.445483)
descriptor[i][.]=(568, 309)(-0.0102041, -0.498382)(0.0918367, -0.498382)(-0.234694, 0.498382)(0.265306, 0.501618)
				 (568, 309)(-0.00323625, -0.498382)(0.0291262, -0.498382)(-0.0744337, 0.498382)(0.0841424, 0.501618)
				 (568, 309)(-0.00323625, -0.498382)(-0.0517799, -0.349515)(-0.113269, -0.190939)(-0.100324, -0.02589)(-0.02589, 0.12945)(-0.012945, 0.268608)(-0.145631, 0.391586)(-0.0420712, 0.501618)(0.110032, 0.488673)(0.0873786, 0.33657)(0.148867, 0.187702)(0.0970874, 0.0291262)(0.139159, -0.100324)(0.119741, -0.226537)(0.0841424, -0.38835)
				 (568, 309)(0.0291262, 0.236246)(0.0679612, 0.394822)(0.0744337, -0.0453074)(0.10356, -0.174757)(-0.0517799, -0.349515)(-0.158576, 0.404531)(-0.0809061, 0.495146)(0.116505, 0.485437)(0.145631, 0.265372)(0.158576, -0.113269)(0.152104, -0.148867)(0.119741, -0.216828)(0.0841424, -0.446602)(0.0647249, -0.485437)(-0.00323625, -0.498382)(-0.0485437, -0.466019)(-0.0614887, -0.391586)(-0.100324, -0.268608)
descriptor[i][.]=(588, 309)(-0.130952, -0.5)(0.0714286, -0.5)(-0.22619, 0.5)(0.154762, 0.5)
				 (588, 309)(-0.0354839, -0.5)(0.0193548, -0.5)(-0.0612903, 0.5)(0.0419355, 0.5)
				 (588, 309)(-0.0354839, -0.5)(-0.0806452, -0.36129)(-0.119355, -0.216129)(-0.129032, -0.0580645)(-0.0741935, 0.0935484)(-0.0483871, 0.248387)(-0.122581, 0.393548)(-0.0483871, 0.496774)(0.0354839, 0.451613)(0.0645161, 0.316129)(0.132258, 0.183871)(0.0806452, 0.0258065)(0.0870968, -0.119355)(0.0709677, -0.254839)(0.0645161, -0.406452)
				 (588, 309)(-0.0322581, 0.2)(0.00645161, 0.387097)(0.0451613, -0.0548387)(0.0677419, -0.232258)(-0.0741935, -0.374194)(-0.0354839, 0.196774)(-0.106452, 0.483871)(0.0419355, 0.5)(0.0612903, 0.483871)(0.116129, 0.270968)(0.0483871, -0.0516129)(0.1, -0.203226)(0.0677419, -0.232258)(0.0258065, -0.496774)(-0.0354839, -0.5)(-0.0741935, -0.474194)(-0.0741935, -0.374194)
descriptor[i][.]=(591, 305)(-0.025, -0.498423)(0.1, -0.498423)(-0.2125, 0.501577)(0.2875, 0.501577)
				 (591, 305)(-0.00630915, -0.498423)(0.0252366, -0.498423)(-0.0536278, 0.501577)(0.0725552, 0.501577)
				 (591, 305)(-0.00630915, -0.498423)(-0.0567823, -0.369085)(-0.104101, -0.223975)(-0.11041, -0.0694006)(-0.0662461, 0.0788644)(-0.0473186, 0.236593)(-0.100946, 0.384858)(-0.0820189, 0.485804)(0.0694006, 0.501577)(0.0883281, 0.356467)(0.126183, 0.198738)(0.100946, 0.044164)(0.0883281, -0.100946)(0.0946372, -0.239748)(0.0725552, -0.394322)
				 (591, 305)(-0.0378549, 0.205047)(0.0851735, 0.362776)(0.0662461, -0.0410095)(-0.0536278, -0.359621)(-0.0630915, 0.0851735)(-0.0630915, 0.0851735)(-0.0378549, 0.205047)(-0.126183, 0.476341)(0.0725552, 0.501577)(0.0851735, 0.362776)(0.0851735, -0.0126183)(0.104101, -0.116719)(0.113565, -0.205047)(0.0757098, -0.457413)(-0.0347003, -0.488959)(-0.0599369, -0.460568)
descriptor[i][.]=(596, 306)(-0.0810811, -0.488889)(0.0405405, -0.498413)(-0.121622, 0.501587)(0.243243, 0.501587)
				 (596, 306)(-0.0190476, -0.488889)(0.00952381, -0.498413)(-0.0285714, 0.501587)(0.0571429, 0.501587)
				 (596, 306)(0.00634921, -0.498413)(-0.0603175, -0.377778)(-0.104762, -0.234921)(-0.101587, -0.0825397)(-0.0793651, 0.0666667)(-0.0031746, 0.212698)(-0.0793651, 0.346032)(-0.0825397, 0.488889)(0.0634921, 0.495238)(0.101587, 0.346032)(0.114286, 0.203175)(0.101587, 0.0507937)(0.0857143, -0.0984127)(0.104762, -0.238095)(0.0730159, -0.384127)
				 (596, 306)(-0.0031746, 0.222222)(0.0730159, -0.0444444)(-0.0507937, -0.355556)(-0.0349206, 0.253968)(-0.111111, 0.469841)(0.0571429, 0.501587)(0.0761905, -0.0380952)(0.0698413, -0.466667)(0.0539683, -0.485714)(0.00952381, -0.498413)(-0.0380952, -0.479365)(-0.0539683, -0.457143)(-0.0666667, -0.412698)(-0.0507937, -0.355556)
