runDescr8.dat
size1 36
size3 37
beh_type.id 9
sizes[]=46 50 51 44 46 48 48 44 50 42 44 51 46 43 46 45 49 44 47 52 52 46 49 47 45 55 56 49 48 47 46 55 53 48 45 46 
thresholds[]=0.16 0.16 0.16 0.16 0.16 0.16 0.16 0.16 0.16 0.16 0.16 0.16 0.16 0.16 0.16 0.16 0.16 0.16 0.16 0.16 0.16 0.16 0.16 0.16 0.16 0.16 0.16 0.16 0.16 0.16 0.16 0.16 0.16 0.16 0.16 0.16 
map[0][.]=0 1 0 0 0 0 0 0 0 0 0 0 0 0 0 0 0 0 0 0 0 0 0 0 0 0 0 0 0 0 0 0 0 0 0 0 0 
map[1][.]=0 0 1 0 0 0 0 0 0 0 0 0 0 0 0 0 0 0 0 0 0 0 0 0 0 0 0 0 0 0 0 0 0 0 0 0 0 
map[2][.]=0 0 0 1 0 0 0 0 0 0 0 0 0 0 0 0 0 0 0 0 0 0 0 0 0 0 0 0 0 0 0 0 0 0 0 0 0 
map[3][.]=0 0 0 0 1 0 0 0 0 0 0 0 0 0 0 0 0 0 0 0 0 0 0 0 0 0 0 0 0 0 0 0 0 0 0 0 0 
map[4][.]=0 0 0 0 0 1 0 0 0 0 0 0 0 0 0 0 0 0 0 0 0 0 0 0 0 0 0 0 0 0 0 0 0 0 0 0 0 
map[5][.]=0 0 0 0 0 0 1 0 0 0 0 0 0 0 0 0 0 0 0 0 0 0 0 0 0 0 0 0 0 0 0 0 0 0 0 0 0 
map[6][.]=0 0 0 0 0 0 0 1 0 0 0 0 0 0 0 0 0 0 0 0 0 0 0 0 0 0 0 0 0 0 0 0 0 0 0 0 0 
map[7][.]=0 0 0 0 0 0 0 0 1 0 0 0 0 0 0 0 0 0 0 0 0 0 0 0 0 0 0 0 0 0 0 0 0 0 0 0 0 
map[8][.]=0 0 0 0 0 0 0 0 0 1 0 0 0 0 0 0 0 0 0 0 0 0 0 0 0 0 0 0 0 0 0 0 0 0 0 0 0 
map[9][.]=0 0 0 0 0 0 0 0 0 0 1 0 0 0 0 0 0 0 0 0 0 0 0 0 0 0 0 0 0 0 0 0 0 0 0 0 0 
map[10][.]=0 0 0 0 0 0 0 0 0 0 0 1 0 0 0 0 0 0 0 0 0 0 0 0 0 0 0 0 0 0 0 0 0 0 0 0 0 
map[11][.]=0 0 0 0 0 0 0 0 0 0 0 0 1 0 0 0 0 0 0 0 0 0 0 0 0 0 0 0 0 0 0 0 0 0 0 0 0 
map[12][.]=0 0 0 0 0 0 0 0 0 0 0 0 0 1 0 0 0 0 0 0 0 0 0 0 0 0 0 0 0 0 0 0 0 0 0 0 0 
map[13][.]=0 0 0 0 0 0 0 0 0 0 0 0 0 0 1 0 0 0 0 0 0 0 0 0 0 0 0 0 0 0 0 0 0 0 0 0 0 
map[14][.]=0 0 0 0 0 0 0 0 0 0 0 0 0 0 0 1 0 0 0 0 0 0 0 0 0 0 0 0 0 0 0 0 0 0 0 0 0 
map[15][.]=0 0 0 0 0 0 0 0 0 0 0 0 0 0 0 0 1 0 0 0 0 0 0 0 0 0 0 0 0 0 0 0 0 0 0 0 0 
map[16][.]=0 0 0 0 0 0 0 0 0 0 0 0 0 0 0 0 0 1 0 0 0 0 0 0 0 0 0 0 0 0 0 0 0 0 0 0 0 
map[17][.]=0 0 0 0 0 0 0 0 0 0 0 0 0 0 0 0 0 0 1 0 0 0 0 0 0 0 0 0 0 0 0 0 0 0 0 0 0 
map[18][.]=0 0 0 0 0 0 0 0 0 0 0 0 0 0 0 0 0 0 0 1 0 0 0 0 0 0 0 0 0 0 0 0 0 0 0 0 0 
map[19][.]=0 0 0 0 0 0 0 0 0 0 0 0 0 0 0 0 0 0 0 0 1 0 0 0 0 0 0 0 0 0 0 0 0 0 0 0 0 
map[20][.]=0 0 0 0 0 0 0 0 0 0 0 0 0 0 0 0 0 0 0 0 0 1 0 0 0 0 0 0 0 0 0 0 0 0 0 0 0 
map[21][.]=0 0 0 0 0 0 0 0 0 0 0 0 0 0 0 0 0 0 0 0 0 0 1 0 0 0 0 0 0 0 0 0 0 0 0 0 0 
map[22][.]=0 0 0 0 0 0 0 0 0 0 0 0 0 0 0 0 0 0 0 0 0 0 0 1 0 0 0 0 0 0 0 0 0 0 0 0 0 
map[23][.]=0 0 0 0 0 0 0 0 0 0 0 0 0 0 0 0 0 0 0 0 0 0 0 0 1 0 0 0 0 0 0 0 0 0 0 0 0 
map[24][.]=0 0 0 0 0 0 0 0 0 0 0 0 0 0 0 0 0 0 0 0 0 0 0 0 0 1 0 0 0 0 0 0 0 0 0 0 0 
map[25][.]=0 0 0 0 0 0 0 0 0 0 0 0 0 0 0 0 0 0 0 0 0 0 0 0 0 0 1 0 0 0 0 0 0 0 0 0 0 
map[26][.]=0 0 0 0 0 0 0 0 0 0 0 0 0 0 0 0 0 0 0 0 0 0 0 0 0 0 0 1 0 0 0 0 0 0 0 0 0 
map[27][.]=0 0 0 0 0 0 0 0 0 0 0 0 0 0 0 0 0 0 0 0 0 0 0 0 0 0 0 0 1 0 0 0 0 0 0 0 0 
map[28][.]=0 0 0 0 0 0 0 0 0 0 0 0 0 0 0 0 0 0 0 0 0 0 0 0 0 0 0 0 0 1 0 0 0 0 0 0 0 
map[29][.]=0 0 0 0 0 0 0 0 0 0 0 0 0 0 0 0 0 0 0 0 0 0 0 0 0 0 0 0 0 0 1 0 0 0 0 0 0 
map[30][.]=0 0 0 0 0 0 0 0 0 0 0 0 0 0 0 0 0 0 0 0 0 0 0 0 0 0 0 0 0 0 0 1 0 0 0 0 0 
map[31][.]=0 0 0 0 0 0 0 0 0 0 0 0 0 0 0 0 0 0 0 0 0 0 0 0 0 0 0 0 0 0 0 0 1 0 0 0 0 
map[32][.]=0 0 0 0 0 0 0 0 0 0 0 0 0 0 0 0 0 0 0 0 0 0 0 0 0 0 0 0 0 0 0 0 0 1 0 0 0 
map[33][.]=0 0 0 0 0 0 0 0 0 0 0 0 0 0 0 0 0 0 0 0 0 0 0 0 0 0 0 0 0 0 0 0 0 0 1 0 0 
map[34][.]=0 0 0 0 0 0 0 0 0 0 0 0 0 0 0 0 0 0 0 0 0 0 0 0 0 0 0 0 0 0 0 0 0 0 0 1 0 
map[35][.]=0 0 0 0 0 0 0 0 0 0 0 0 0 0 0 0 0 0 0 0 0 0 0 0 0 0 0 0 0 0 0 0 0 0 0 0 1 
map[36][.]=0 0 0 0 0 0 0 0 0 0 0 0 0 0 0 0 0 0 0 0 0 0 0 0 0 0 0 0 0 0 0 0 0 0 0 0 0 
isLast[.]=false false false false false false false false false false false false false false false false false false false false false false false false false false false false false false false false false false false false true 
descriptor[i][.]=(150, 268)(-0.0471698, -0.48227)(0.132075, -0.5)(-0.349057, 0.496454)(0.169811, 0.258865)
				 (150, 268)(-0.0177305, -0.48227)(0.0496454, -0.5)(-0.131206, 0.496454)(0.0638298, 0.258865)
				 (150, 268)(0.0319149, -0.5)(-0.0496454, -0.386525)(-0.109929, -0.230496)(-0.134752, -0.0744681)(-0.0780142, 0.0851064)(-0.109929, 0.237589)(-0.180851, 0.393617)(-0.0886525, 0.496454)(-0.0602837, 0.41844)(0.0319149, 0.280142)(0.0638298, 0.12766)(0.117021, -0.0106383)(0.124113, -0.0815603)(0.113475, -0.230496)(0.102837, -0.379433)
				 (150, 268)(-0.0673759, 0.120567)(0.0744681, 0.0141844)(0.0992908, -0.0992908)(-0.0602837, 0.414894)(0.0673759, -0.315603)(-0.0673759, 0.120567)(-0.187943, 0.404255)(-0.184397, 0.432624)(-0.148936, 0.48227)(-0.106383, 0.5)(-0.0602837, 0.496454)(-0.0070922, 0.464539)(-0.0602837, 0.414894)(0.166667, 0)(0.187943, -0.0425532)(0.117021, -0.20922)(0.070922, -0.312057)(0.0602837, -0.496454)(-0.0177305, -0.48227)
descriptor[i][.]=(158, 268)(-0.00877193, -0.496429)(0.192982, -0.5)(-0.473684, 0.471429)(0.0526316, 0.5)
				 (158, 268)(-0.00357143, -0.496429)(0.0785714, -0.5)(-0.192857, 0.471429)(0.0214286, 0.5)
				 (158, 268)(0.0714286, -0.5)(-0.05, -0.421429)(-0.1, -0.257143)(-0.135714, -0.0964286)(-0.0821429, 0.0714286)(-0.121429, 0.235714)(-0.189286, 0.389286)(-0.114286, 0.485714)(0.0464286, 0.478571)(0.0107143, 0.335714)(0.075, 0.171429)(0.0678571, 0)(0.2, -0.0642857)(0.110714, -0.178571)(0.0785714, -0.35)
				 (158, 268)(-0.0714286, 0.107143)(0.0642857, 0.00357143)(0.103571, -0.125)(-0.0107143, 0.382143)(0.110714, -0.05)(0.0714286, -0.325)(-0.0714286, 0.107143)(-0.203571, 0.457143)(0.0214286, 0.5)(0.0464286, 0.482143)(-0.0107143, 0.382143)(0.075, 0.175)(0.110714, -0.05)(0.142857, -0.0357143)(0.2, -0.0428571)(0.2, -0.0785714)(0.117857, -0.217857)(0.0964286, -0.282143)(0.075, -0.321429)(0.103571, -0.375)(0.110714, -0.464286)(0.0928571, -0.492857)(-0.025, -0.489286)
descriptor[i][.]=(164, 265)(-0.0168067, -0.496503)(0.193277, -0.5)(-0.159664, 0.5)(0.218487, 0.5)
				 (164, 265)(-0.00699301, -0.496503)(0.0804196, -0.5)(-0.0664336, 0.5)(0.0909091, 0.5)
				 (164, 265)(0.0769231, -0.5)(-0.0384615, -0.412587)(-0.0979021, -0.244755)(-0.115385, -0.0769231)(-0.0594406, 0.0944056)(-0.115385, 0.262238)(-0.202797, 0.416084)(-0.0524476, 0.5)(0.0944056, 0.472028)(0.0244755, 0.335664)(0.0664336, 0.164336)(0.0944056, -0.013986)(0.20979, -0.0699301)(0.122378, -0.181818)(0.0874126, -0.34965)
				 (164, 265)(-0.0524476, 0.178322)(0.0874126, -0.0034965)(0.115385, -0.125874)(-0.0314685, -0.353147)(0.020979, 0.43007)(0.118881, -0.0664336)(0.0769231, -0.321678)(-0.0524476, 0.178322)(-0.206294, 0.405594)(-0.185315, 0.447552)(-0.160839, 0.468531)(0.0909091, 0.5)(0.0944056, 0.465035)(0.020979, 0.43007)(0.0874126, -0.0034965)(0.174825, -0.0314685)(0.206294, -0.048951)(0.206294, -0.0944056)(0.0804196, -0.318182)(0.101399, -0.353147)(0.122378, -0.461538)(0.0944056, -0.493007)(-0.00699301, -0.496503)(-0.0314685, -0.353147)
descriptor[i][.]=(169, 263)(-0.0495868, -0.475862)(0.0909091, -0.5)(-0.190083, 0.5)(0.157025, 0.5)
				 (169, 263)(-0.0206897, -0.475862)(0.037931, -0.5)(-0.0793103, 0.5)(0.0655172, 0.5)
				 (169, 263)(0.0310345, -0.5)(-0.037931, -0.355172)(-0.113793, -0.193103)(-0.0965517, -0.0310345)(-0.0586207, 0.141379)(-0.131034, 0.282759)(-0.17931, 0.434483)(-0.0344828, 0.5)(0.0344828, 0.455172)(0.0482759, 0.317241)(0.0758621, 0.148276)(0.110345, -0.0206897)(0.186207, -0.0896552)(0.12069, -0.210345)(0.113793, -0.368966)
				 (169, 263)(-0.0413793, 0.196552)(0.0827586, 0.0241379)(0.110345, -0.12069)(0.0103448, 0.396552)(0.117241, -0.0482759)(0.0758621, -0.313793)(-0.124138, 0.265517)(-0.158621, 0.468966)(0.0655172, 0.5)(0.0103448, 0.396552)(0.0827586, 0.0241379)(0.193103, -0.0310345)(0.210345, -0.0724138)(0.117241, -0.451724)(0.0862069, -0.47931)(0.037931, -0.5)(-0.0206897, -0.475862)
descriptor[i][.]=(173, 265)(-0.0420168, -0.479021)(0.0672269, -0.5)(-0.235294, 0.5)(0.142857, 0.5)
				 (173, 265)(-0.0174825, -0.479021)(0.027972, -0.5)(-0.0979021, 0.5)(0.0594406, 0.5)
				 (173, 265)(0.00699301, -0.5)(-0.041958, -0.335664)(-0.129371, -0.167832)(-0.0979021, -0.0034965)(-0.0454545, 0.167832)(-0.13986, 0.307692)(-0.160839, 0.444056)(-0.0174825, 0.5)(0, 0.437063)(0.0559441, 0.272727)(0.0979021, 0.101399)(0.132867, -0.0559441)(0.15035, -0.101399)(0.108392, -0.251748)(0.118881, -0.405594)
				 (173, 265)(-0.0454545, 0.213287)(0.0874126, 0.0174825)(0.115385, -0.118881)(-0.034965, -0.346154)(0.0034965, 0.377622)(0.125874, -0.0559441)(0.0734266, -0.321678)(-0.202797, 0.34965)(0.0594406, 0.5)(0.0034965, 0.377622)(0.104895, 0.0034965)(0.188811, -0.034965)(0.20979, -0.0804196)(0.122378, -0.192308)(0.111888, -0.36014)(0.122378, -0.416084)(0.115385, -0.465035)(0.00699301, -0.5)(-0.034965, -0.346154)
descriptor[i][.]=(188, 266)(-0.0471698, -0.5)(0.160377, -0.5)(-0.40566, 0.5)(0.0188679, 0.5)
				 (188, 266)(-0.0176056, -0.5)(0.0598592, -0.5)(-0.151408, 0.5)(0.00704225, 0.5)
				 (188, 266)(-0.0176056, -0.5)(-0.0528169, -0.34507)(-0.116197, -0.183099)(-0.116197, -0.0246479)(-0.0774648, 0.144366)(-0.126761, 0.302817)(-0.147887, 0.43662)(-0.0492958, 0.5)(-0.0492958, 0.40493)(0.0669014, 0.271127)(0.0985915, 0.112676)(0.130282, -0.0352113)(0.112676, -0.105634)(0.0739437, -0.271127)(0.102113, -0.426056)
				 (188, 266)(-0.0704225, 0.214789)(-0.147887, 0.426056)(-0.0492958, 0.397887)(0.0809859, 0.0211268)(0.102113, -0.116197)(0.00352113, 0.309859)(0.0598592, -0.323944)(-0.18662, 0.380282)(-0.151408, 0.422535)(-0.158451, 0.485915)(0.00704225, 0.5)(0, 0.320423)(0.0316901, 0.299296)(0.0704225, 0.271127)(0.0985915, 0.232394)(0.084507, 0.0352113)(0.179577, -0.0422535)(0.18662, -0.0774648)(0.0950704, -0.46831)(0.0669014, -0.496479)(-0.0176056, -0.5)
descriptor[i][.]=(194, 267)(-0.010101, -0.498221)(0, -0.498221)(-0.414141, 0.501779)(0.020202, 0.44484)
				 (194, 267)(-0.00355872, -0.498221)(0, -0.498221)(-0.145907, 0.501779)(0.00711744, 0.44484)
				 (194, 267)(-0.00355872, -0.498221)(-0.0569395, -0.359431)(-0.103203, -0.199288)(-0.131673, -0.0462633)(-0.0818505, 0.113879)(-0.11032, 0.274021)(-0.170819, 0.423488)(-0.0711744, 0.501779)(-0.0213523, 0.412811)(0.0640569, 0.281139)(0.103203, 0.124555)(0.124555, -0.00711744)(0.106762, -0.11032)(0.0747331, -0.266904)(0.103203, -0.41637)
				 (194, 267)(-0.0747331, 0.199288)(-0.0142349, 0.348754)(0.0782918, 0.0142349)(0.0533808, -0.316726)(0.103203, -0.113879)(-0.0747331, 0.199288)(-0.170819, 0.476868)(-0.153025, 0.498221)(-0.0142349, 0.501779)(0.00711744, 0.44484)(-0.0142349, 0.348754)(0.106762, 0.224199)(0.117438, -0.00355872)(0.177936, -0.0640569)(0.103203, -0.113879)(0.0996441, -0.227758)(0.0640569, -0.302491)(0.088968, -0.362989)(0.0925267, -0.480427)(0, -0.498221)(-0.0320285, -0.480427)
descriptor[i][.]=(198, 263)(-0.0485437, -0.444828)(0.145631, -0.5)(-0.320388, 0.5)(0.15534, 0.472414)
				 (198, 263)(-0.0172414, -0.444828)(0.0517241, -0.5)(-0.113793, 0.5)(0.0551724, 0.472414)
				 (198, 263)(0.0137931, -0.5)(-0.0206897, -0.355172)(-0.0689655, -0.196552)(-0.0896552, -0.037931)(-0.0482759, 0.12069)(-0.1, 0.27931)(-0.175862, 0.434483)(-0.037931, 0.5)(0.1, 0.444828)(0.0896552, 0.303448)(0.124138, 0.141379)(0.124138, -0.0103448)(0.124138, -0.103448)(0.103448, -0.262069)(0.124138, -0.406897)
				 (198, 263)(-0.0413793, 0.182759)(0.103448, 0.00344828)(0.0793103, -0.306897)(0.0517241, 0.393103)(0.12069, -0.106897)(-0.172414, 0.42069)(-0.12069, 0.496552)(0.103448, 0.455172)(0.0517241, 0.393103)(0.155172, -0.0137931)(0.17931, -0.0689655)(0.12069, -0.227586)(0.0827586, -0.303448)(0.124138, -0.393103)(0.117241, -0.448276)(0.106897, -0.475862)(0.0137931, -0.5)
descriptor[i][.]=(204, 262)(-0.00980392, -0.493151)(0.0980392, -0.5)(-0.323529, 0.5)(0.176471, 0.472603)
				 (204, 262)(-0.00342466, -0.493151)(0.0342466, -0.5)(-0.113014, 0.5)(0.0616438, 0.472603)
				 (204, 262)(0.00684932, -0.5)(-0.0273973, -0.349315)(-0.0650685, -0.184932)(-0.0753425, -0.0273973)(-0.0273973, 0.136986)(-0.0993151, 0.284247)(-0.167808, 0.438356)(-0.0410959, 0.476027)(0.113014, 0.455479)(0.0821918, 0.328767)(0.116438, 0.160959)(0.10274, -0.00342466)(0.119863, -0.0924658)(0.10274, -0.256849)(0.119863, -0.407534)
				 (204, 262)(-0.0273973, 0.184932)(-0.0239726, 0.462329)(0.10274, -0.00342466)(0.0719178, -0.315068)(0.0650685, 0.407534)(0.116438, -0.0993151)(-0.0273973, 0.184932)(-0.174658, 0.40411)(-0.150685, 0.472603)(-0.119863, 0.496575)(-0.0479452, 0.5)(-0.0239726, 0.462329)(0.116438, 0.458904)(0.0650685, 0.407534)(0.167808, -0.0239726)(0.167808, -0.0753425)(0.119863, -0.205479)(0.0958904, -0.273973)(0.0753425, -0.311644)(0.10274, -0.35274)(0.0993151, -0.479452)(0.00684932, -0.5)(-0.0273973, -0.455479)
descriptor[i][.]=(211, 264)(-0.00980392, -0.491289)(0.245098, -0.498258)(-0.294118, 0.501742)(0.147059, 0.473868)
				 (211, 264)(-0.00348432, -0.491289)(0.087108, -0.498258)(-0.10453, 0.501742)(0.0522648, 0.473868)
				 (211, 264)(0.0836237, -0.498258)(-0.0383275, -0.428571)(-0.0592334, -0.268293)(-0.087108, -0.10453)(-0.0383275, 0.0487805)(-0.0174216, 0.209059)(-0.135889, 0.33101)(-0.135889, 0.477352)(0.0174216, 0.473868)(0.0662021, 0.372822)(0.101045, 0.212544)(0.108014, 0.0487805)(0.1777, -0.0627178)(0.111498, -0.195122)(0.0836237, -0.358885)
				 (211, 264)(-0.010453, 0.198606)(0.097561, -0.010453)(0.0731707, -0.327526)(0.0592334, 0.404181)(0.111498, -0.125436)(-0.174216, 0.362369)(-0.15331, 0.45993)(-0.118467, 0.494774)(0.087108, 0.456446)(0.0592334, 0.404181)(0.170732, -0.0383275)(0.0766551, -0.324042)(0.111498, -0.372822)(0.111498, -0.477352)(0.00348432, -0.494774)
descriptor[i][.]=(226, 264)(-0.0526316, -0.469534)(0.221053, -0.498208)(-0.273684, 0.501792)(0.0842105, 0.473118)
				 (226, 264)(-0.0179211, -0.469534)(0.0752688, -0.498208)(-0.09319, 0.501792)(0.0286738, 0.473118)
				 (226, 264)(0.0752688, -0.498208)(-0.0501792, -0.419355)(-0.0824373, -0.261649)(-0.111111, -0.111111)(-0.0645161, 0.046595)(-0.0107527, 0.200717)(-0.121864, 0.326165)(-0.143369, 0.46595)(0.0107527, 0.469534)(0.0394265, 0.34767)(0.132616, 0.218638)(0.0967742, 0.0537634)(0.172043, -0.0609319)(0.103943, -0.18638)(0.0681004, -0.34767)
				 (226, 264)(-0.00716846, 0.21147)(0.0286738, 0.358423)(0.0860215, 0.0179211)(0.0609319, -0.322581)(0.00716846, 0.44086)(0.100358, -0.114695)(-0.16129, 0.351254)(0.0358423, 0.469534)(0.0286738, 0.358423)(0.164875, -0.0286738)(0.172043, -0.0609319)(0.111111, -0.204301)(0.0645161, -0.318996)(0.0967742, -0.369176)(0.114695, -0.415771)(0.0824373, -0.494624)(-0.046595, -0.451613)
descriptor[i][.]=(239, 262)(-0.0430108, -0.4947)(0.0322581, -0.498233)(-0.225806, 0.501767)(0.0752688, 0.487633)
				 (239, 262)(-0.0141343, -0.4947)(0.0106007, -0.498233)(-0.0742049, 0.501767)(0.024735, 0.487633)
				 (239, 262)(0.00706714, -0.498233)(-0.0812721, -0.402827)(-0.102473, -0.240283)(-0.127208, -0.0777385)(-0.0706714, 0.0742049)(-0.0530035, 0.236749)(-0.155477, 0.378092)(-0.0600707, 0.501767)(-0.024735, 0.438163)(0.0812721, 0.300353)(0.102473, 0.144876)(0.0883392, -0.0141343)(0.113074, -0.0848057)(0.0706714, -0.222615)(0.0777385, -0.371025)
				 (239, 262)(-0.0424028, 0.208481)(-0.0318021, 0.420495)(0.0600707, 0.0282686)(0.0742049, -0.0989399)(-0.0212014, -0.438163)(-0.0565371, 0.0989399)(0.0318021, -0.321555)(-0.0706714, 0.0812721)(-0.0600707, 0.116608)(-0.0424028, 0.208481)(-0.162544, 0.388693)(-0.155477, 0.438163)(-0.123675, 0.477032)(0.024735, 0.487633)(-0.0318021, 0.420495)(0.159011, -0.0318021)(0.162544, -0.0777385)(0.0777385, -0.194346)(0.0671378, -0.34629)(0.0848057, -0.392226)(0.0742049, -0.45583)(0.0176678, -0.4947)(-0.0212014, -0.491166)(-0.0742049, -0.413428)
descriptor[i][.]=(251, 266)(-0.131313, -0.480565)(0.10101, -0.498233)(-0.0606061, 0.501767)(0.111111, 0.501767)
				 (251, 266)(-0.0459364, -0.480565)(0.0353357, -0.498233)(-0.0212014, 0.501767)(0.0388693, 0.501767)
				 (251, 266)(0.024735, -0.498233)(-0.0706714, -0.392226)(-0.106007, -0.233216)(-0.120141, -0.0636042)(-0.0600707, 0.102473)(-0.109541, 0.257951)(-0.169611, 0.424028)(-0.0424028, 0.491166)(0.0671378, 0.452297)(0.0812721, 0.300353)(0.116608, 0.137809)(0.0777385, -0.0282686)(0.14841, -0.116608)(0.0848057, -0.215548)(0.0600707, -0.363958)
				 (251, 266)(-0.0565371, 0.155477)(0.0671378, -0.00706714)(0.0812721, -0.120141)(-0.0600707, 0.0636042)(0.0459364, 0.367491)(0.0318021, -0.332155)(-0.0636042, 0.0600707)(-0.0565371, 0.155477)(-0.162544, 0.381625)(-0.151943, 0.469965)(0.0388693, 0.501767)(0.0883392, 0.469965)(0.0459364, 0.367491)(0.173145, -0.0671378)(0.0742049, -0.371025)(0.0848057, -0.413428)(0.0742049, -0.473498)(0.0353357, -0.498233)(-0.0459364, -0.480565)
descriptor[i][.]=(257, 265)(-0.153846, -0.48951)(0.125, -0.5)(-0.0480769, 0.5)(0.0288462, 0.5)
				 (257, 265)(-0.0559441, -0.48951)(0.0454545, -0.5)(-0.0174825, 0.5)(0.0104895, 0.5)
				 (257, 265)(0.027972, -0.5)(-0.0699301, -0.409091)(-0.101399, -0.241259)(-0.118881, -0.0699301)(-0.0524476, 0.0839161)(-0.0979021, 0.244755)(-0.178322, 0.398601)(-0.0524476, 0.486014)(0.111888, 0.486014)(0.0699301, 0.346154)(0.115385, 0.181818)(0.0734266, 0.013986)(0.181818, -0.104895)(0.0804196, -0.206294)(0.0559441, -0.363636)
				 (257, 265)(-0.048951, 0.15035)(0.0699301, 0)(0.0804196, -0.146853)(-0.0559441, 0.0594406)(0.0699301, 0.423077)(0.034965, -0.314685)(-0.0559441, 0.0594406)(-0.048951, 0.15035)(-0.181818, 0.426573)(0.115385, 0.486014)(0.118881, 0.206294)(0.178322, -0.0804196)(0.0734266, -0.265734)(0.0384615, -0.311189)(0.0594406, -0.493007)(-0.0559441, -0.48951)
descriptor[i][.]=(267, 264)(-0.00952381, -0.489583)(0.180952, -0.5)(-0.361905, 0.472222)(0.409524, 0.5)
				 (267, 264)(-0.00347222, -0.489583)(0.0659722, -0.5)(-0.131944, 0.472222)(0.149306, 0.5)
				 (267, 264)(0.0625, -0.5)(-0.0729167, -0.399306)(-0.0972222, -0.21875)(-0.0868056, -0.0451389)(-0.0138889, 0.131944)(-0.118056, 0.291667)(-0.138889, 0.451389)(-0.0590278, 0.378472)(0.0243056, 0.5)(0.128472, 0.458333)(0.09375, 0.291667)(0.0972222, 0.107639)(0.131944, -0.0486111)(0.0972222, -0.15625)(0.0416667, -0.333333)
				 (267, 264)(-0.0104167, 0.173611)(-0.0347222, 0.368056)(0.0868056, -0.0173611)(0.0416667, -0.333333)(0.0763889, 0.378472)(0.100694, -0.145833)(-0.180556, 0.368056)(-0.138889, 0.46875)(-0.0694444, 0.472222)(-0.0138889, 0.472222)(0.149306, 0.5)(0.0798611, 0.381944)(0.0902778, 0.340278)(0.184028, -0.09375)(0.0694444, -0.298611)(0.0451389, -0.329861)(0.0798611, -0.375)(0.0798611, -0.486111)(-0.0208333, -0.486111)
descriptor[i][.]=(274, 263)(-0.158416, -0.463668)(0.158416, -0.49827)(-0.0693069, 0.50173)(0.356436, 0.50173)
				 (274, 263)(-0.0553633, -0.463668)(0.0553633, -0.49827)(-0.0242215, 0.50173)(0.124567, 0.50173)
				 (274, 263)(0.0449827, -0.49827)(-0.0726644, -0.401384)(-0.0934256, -0.228374)(-0.107266, -0.0553633)(-0.0276817, 0.110727)(-0.0761246, 0.256055)(-0.155709, 0.391003)(-0.0449827, 0.456747)(0.100346, 0.50173)(0.0588235, 0.391003)(0.100346, 0.221453)(0.0899654, 0.0484429)(0.16955, -0.0761246)(0.0934256, -0.186851)(0.0519031, -0.356401)
				 (274, 263)(-0.00692042, 0.197232)(-0.0553633, 0.453287)(0.0795848, 0)(0.0380623, -0.321799)(0.0622837, 0.439446)(0.100346, -0.134948)(-0.134948, 0.470588)(-0.0588235, 0.456747)(-0.0311419, 0.49827)(0.124567, 0.50173)(0.15917, -0.0449827)(0.176471, -0.117647)(0.100346, -0.134948)(0.0415225, -0.318339)(0.0795848, -0.366782)(0.083045, -0.463668)(0.0622837, -0.49481)(-0.0553633, -0.463668)
descriptor[i][.]=(293, 264)(-0.0927835, -0.5)(0.103093, -0.489583)(-0.28866, 0.5)(0.175258, 0.5)
				 (293, 264)(-0.03125, -0.5)(0.0347222, -0.489583)(-0.0972222, 0.5)(0.0590278, 0.5)
				 (293, 264)(-0.03125, -0.5)(-0.09375, -0.350694)(-0.104167, -0.184028)(-0.107639, -0.0208333)(-0.0486111, 0.142361)(-0.09375, 0.291667)(-0.121528, 0.416667)(-0.0173611, 0.5)(0.00694444, 0.444444)(0.0625, 0.291667)(0.104167, 0.131944)(0.0902778, -0.0277778)(0.125, -0.111111)(0.0625, -0.246528)(0.0659722, -0.399306)
				 (293, 264)(-0.0347222, 0.225694)(-0.111111, 0.430556)(0.0659722, 0.0208333)(0.0208333, -0.3125)(-0.00347222, 0.409722)(0.0833333, -0.125)(-0.166667, 0.368056)(-0.111111, 0.430556)(-0.104167, 0.496528)(0.0590278, 0.5)(-0.00347222, 0.409722)(0.107639, 0.236111)(0.114583, 0.194444)(0.163194, -0.0347222)(0.170139, -0.0763889)(0.131944, -0.107639)(0.0833333, -0.125)(0.0798611, -0.222222)(0.0243056, -0.309028)(0.0555556, -0.357639)(0.0555556, -0.461806)(-0.0243056, -0.5)
descriptor[i][.]=(305, 267)(-0.176471, -0.48227)(0.0705882, -0.5)(-0.470588, 0.5)(0.105882, 0.5)
				 (305, 267)(-0.0531915, -0.48227)(0.0212766, -0.5)(-0.141844, 0.5)(0.0319149, 0.5)
				 (305, 267)(0.0035461, -0.5)(-0.113475, -0.407801)(-0.113475, -0.241135)(-0.141844, -0.0780142)(-0.0815603, 0.0851064)(-0.0815603, 0.248227)(-0.141844, 0.397163)(-0.0815603, 0.5)(0.0319149, 0.453901)(0.0460993, 0.312057)(0.102837, 0.14539)(0.070922, -0.0177305)(0.14539, -0.0992908)(0.0638298, -0.20922)(0.0283688, -0.365248)
				 (305, 267)(-0.0638298, 0.202128)(0.0106383, 0.35461)(0.0638298, -0.035461)(0.0035461, -0.333333)(0.0567376, 0.0212766)(0.0638298, -0.131206)(-0.148936, 0.496454)(0.0319149, 0.5)(0.0957447, 0.237589)(0.0638298, 0.0319149)(0.070922, -0.0035461)(0.141844, -0.0390071)(0.120567, -0.124113)(0.0638298, -0.237589)(0.0070922, -0.329787)(0.0283688, -0.496454)(-0.0531915, -0.48227)
descriptor[i][.]=(314, 266)(-0.222222, -0.454225)(0.10101, -0.5)(-0.414141, 0.5)(0.313131, 0.471831)
				 (314, 266)(-0.0774648, -0.454225)(0.0352113, -0.5)(-0.144366, 0.5)(0.109155, 0.471831)
				 (314, 266)(0.0316901, -0.5)(-0.0809859, -0.401408)(-0.102113, -0.235915)(-0.119718, -0.0669014)(-0.0704225, 0.102113)(-0.109155, 0.267606)(-0.169014, 0.426056)(-0.0598592, 0.496479)(0.0985915, 0.471831)(0.0809859, 0.369718)(0.116197, 0.197183)(0.0739437, 0.0246479)(0.176056, -0.0669014)(0.084507, -0.179577)(0.0316901, -0.34507)
				 (314, 266)(-0.0669014, 0.197183)(0.0739437, -0.0211268)(0.0880282, -0.137324)(-0.0704225, 0.0528169)(0.0809859, 0.411972)(0.028169, -0.348592)(-0.0809859, 0.0387324)(-0.0669014, 0.197183)(-0.137324, 0.299296)(-0.151408, 0.496479)(0.109155, 0.471831)(0.147887, 0.450704)(0.161972, -0.0528169)(0.176056, -0.0985915)(0.084507, -0.25)(0.0316901, -0.34507)(0.0598592, -0.394366)(0.0669014, -0.426056)(0.0528169, -0.485915)(-0.0774648, -0.454225)
descriptor[i][.]=(319, 264)(-0.0490196, -0.491289)(0.107843, -0.498258)(-0.372549, 0.501742)(0.421569, 0.487805)
				 (319, 264)(-0.0174216, -0.491289)(0.0383275, -0.498258)(-0.132404, 0.501742)(0.149826, 0.487805)
				 (319, 264)(0.0348432, -0.498258)(-0.0801394, -0.41115)(-0.097561, -0.236934)(-0.111498, -0.0662021)(-0.0522648, 0.101045)(-0.10453, 0.264808)(-0.1777, 0.425087)(-0.0452962, 0.501742)(0.125436, 0.487805)(0.101045, 0.390244)(0.108014, 0.222997)(0.0905923, 0.0487805)(0.170732, -0.0592334)(0.0940767, -0.181185)(0.0313589, -0.341463)
				 (319, 264)(-0.0522648, 0.174216)(0.0836237, 0.0209059)(0.0905923, -0.142857)(-0.0627178, -0.351916)(-0.0592334, 0.0348432)(0.101045, 0.404181)(0.101045, -0.0557491)(0.0313589, -0.341463)(-0.0592334, 0.0348432)(-0.0522648, 0.174216)(-0.174216, 0.41115)(-0.139373, 0.498258)(0.149826, 0.487805)(0.1777, 0.45993)(0.101045, 0.0766551)(0.163763, -0.0557491)(0.174216, -0.108014)(0.0905923, -0.142857)(0.0940767, -0.247387)(0.0348432, -0.337979)(0.0627178, -0.376307)(0.0592334, -0.484321)(-0.0174216, -0.491289)(-0.0801394, -0.466899)(-0.0627178, -0.351916)
descriptor[i][.]=(331, 262)(-0.219048, -0.436426)(0.104762, -0.498282)(-0.285714, 0.501718)(0.247619, 0.487973)
				 (331, 262)(-0.0790378, -0.436426)(0.0378007, -0.498282)(-0.103093, 0.501718)(0.0893471, 0.487973)
				 (331, 262)(0.0343643, -0.498282)(-0.0790378, -0.398625)(-0.0927835, -0.216495)(-0.0962199, -0.04811)(-0.0137457, 0.123711)(-0.0962199, 0.28866)(-0.161512, 0.436426)(-0.0618557, 0.429553)(-0.0103093, 0.47079)(0.134021, 0.460481)(0.0996564, 0.28866)(0.109966, 0.103093)(0.137457, -0.0652921)(0.0962199, -0.154639)(0.0412371, -0.33677)
				 (331, 262)(-0.00343643, 0.178694)(-0.0103093, 0.371134)(0.0962199, -0.0206186)(0.0962199, -0.147766)(-0.0584192, -0.333333)(-0.0584192, 0.412371)(0.0927835, 0.429553)(0.0378007, -0.340206)(-0.00343643, 0.178694)(-0.178694, 0.378007)(-0.130584, 0.4811)(-0.109966, 0.498282)(-0.0721649, 0.501718)(-0.0515464, 0.47079)(-0.0584192, 0.412371)(-0.0137457, 0.484536)(0.140893, 0.47079)(0.178694, -0.0652921)(0.175258, -0.116838)(0.04811, -0.32646)(0.0687285, -0.367698)(0.0652921, -0.477663)(0.0378007, -0.498282)(-0.0824742, -0.408935)(-0.0584192, -0.333333)
descriptor[i][.]=(340, 264)(-0.111111, -0.480836)(0.121212, -0.498258)(-0.30303, 0.501742)(0.181818, 0.487805)
				 (340, 264)(-0.0383275, -0.480836)(0.0418118, -0.498258)(-0.10453, 0.501742)(0.0627178, 0.487805)
				 (340, 264)(0.0313589, -0.498258)(-0.0905923, -0.400697)(-0.097561, -0.233449)(-0.101045, -0.0766551)(-0.0313589, 0.0836237)(-0.0348432, 0.240418)(-0.167247, 0.355401)(-0.0905923, 0.501742)(0.0696864, 0.480836)(0.0662021, 0.362369)(0.121951, 0.195122)(0.101045, 0.0278746)(0.174216, -0.0801394)(0.0940767, -0.195122)(0.0348432, -0.355401)
				 (340, 264)(0.00348432, 0.202091)(0.0940767, -0.0209059)(0.0313589, -0.341463)(-0.0696864, -0.341463)(0.0592334, 0.376307)(0.097561, -0.139373)(-0.167247, 0.351916)(-0.111498, 0.498258)(0.111498, 0.470383)(0.0592334, 0.376307)(0.170732, -0.0696864)(0.174216, -0.108014)(0.097561, -0.139373)(0.0348432, -0.337979)(0.0557491, -0.372822)(0.0731707, -0.418118)(0.0592334, -0.487805)(-0.0383275, -0.480836)(-0.0696864, -0.341463)
descriptor[i][.]=(360, 264)(-0.202381, -0.498258)(0.0357143, -0.491289)(-0.285714, 0.487805)(0.0714286, 0.501742)
				 (360, 264)(-0.0592334, -0.498258)(0.010453, -0.491289)(-0.0836237, 0.487805)(0.0209059, 0.501742)
				 (360, 264)(-0.0592334, -0.498258)(-0.10453, -0.351916)(-0.114983, -0.191638)(-0.121951, -0.0348432)(-0.0522648, 0.118467)(-0.0662021, 0.278746)(-0.135889, 0.407666)(-0.0174216, 0.494774)(0.0209059, 0.393728)(0.114983, 0.25784)(0.114983, 0.097561)(0.0801394, -0.0557491)(0.097561, -0.118467)(0.0418118, -0.25784)(0.0418118, -0.404181)
				 (360, 264)(-0.0348432, 0.212544)(0.010453, 0.407666)(0.0696864, -0.0383275)(0, -0.334495)(-0.0662021, 0.0627178)(0.0766551, -0.125436)(-0.121951, -0.0139373)(-0.0662021, 0.0627178)(-0.0348432, 0.212544)(-0.146341, 0.38676)(-0.0905923, 0.484321)(0.0209059, 0.501742)(0.0418118, 0.480836)(0.010453, 0.407666)(0.108014, 0.28223)(0.118467, 0.108014)(0.135889, -0.0557491)(0.0766551, -0.125436)(0.0592334, -0.240418)(0.00348432, -0.33101)(0.0348432, -0.473868)(-0.0592334, -0.498258)
descriptor[i][.]=(369, 265)(-0.3125, -0.491228)(0.025, -0.498246)(-0.45, 0.487719)(0.3125, 0.501754)
				 (369, 265)(-0.0877193, -0.491228)(0.00701754, -0.498246)(-0.126316, 0.487719)(0.0877193, 0.501754)
				 (369, 265)(-0.00350877, -0.498246)(-0.0912281, -0.424561)(-0.119298, -0.266667)(-0.140351, -0.0982456)(-0.0807018, 0.045614)(-0.0596491, 0.214035)(-0.119298, 0.37193)(-0.077193, 0.487719)(0.0842105, 0.498246)(0.077193, 0.347368)(0.133333, 0.182456)(0.077193, 0.0140351)(0.140351, -0.0947368)(0.0596491, -0.207018)(0.00350877, -0.364912)
				 (369, 265)(-0.0491228, 0.185965)(0.0491228, 0.42807)(0.0631579, -0.0245614)(-0.00701754, -0.340351)(-0.077193, 0.0526316)(0.0666667, -0.133333)(-0.077193, 0.0526316)(-0.0526316, 0.182456)(-0.133333, 0.484211)(0.0877193, 0.501754)(0.0491228, 0.42807)(0.133333, 0.161404)(0.122807, 0.122807)(0.129825, -0.0631579)(0.136842, -0.115789)(0.0666667, -0.133333)(-0.00350877, -0.336842)(0.0315789, -0.375439)(0.0280702, -0.480702)(-0.0877193, -0.491228)
descriptor[i][.]=(377, 264)(-0.0337079, -0.498258)(0.011236, -0.498258)(-0.449438, 0.487805)(0.483146, 0.501742)
				 (377, 264)(-0.010453, -0.498258)(0.00348432, -0.498258)(-0.139373, 0.487805)(0.149826, 0.501742)
				 (377, 264)(-0.010453, -0.498258)(-0.118467, -0.397213)(-0.121951, -0.226481)(-0.139373, -0.0592334)(-0.0696864, 0.097561)(-0.101045, 0.261324)(-0.149826, 0.425087)(-0.0348432, 0.487805)(0.135889, 0.501742)(0.0836237, 0.383275)(0.12892, 0.212544)(0.0836237, 0.0418118)(0.12892, -0.0696864)(0.0522648, -0.191638)(-0.00696864, -0.351916)
				 (377, 264)(-0.0592334, 0.1777)(0.0592334, -0.00348432)(-0.0139373, -0.334495)(-0.0731707, 0.0627178)(0.0836237, 0.390244)(0.0662021, -0.142857)(-0.0731707, 0.0627178)(-0.0592334, 0.1777)(-0.146341, 0.484321)(0.149826, 0.501742)(0.087108, 0.393728)(0.132404, -0.0731707)(0.132404, -0.121951)(0.0662021, -0.142857)(0.0522648, -0.236934)(-0.010453, -0.33101)(0.0174216, -0.487805)(-0.0662021, -0.484321)
descriptor[i][.]=(393, 260)(-0.107143, -0.498305)(0, -0.471186)(-0.276786, 0.488136)(0.473214, 0.501695)
				 (393, 260)(-0.040678, -0.498305)(0, -0.471186)(-0.105085, 0.488136)(0.179661, 0.501695)
				 (393, 260)(-0.040678, -0.498305)(-0.128814, -0.352542)(-0.128814, -0.162712)(-0.101695, 0.020339)(-0.0610169, 0.20678)(-0.169492, 0.372881)(-0.0677966, 0.488136)(-0.0474576, 0.355932)(0.0169492, 0.488136)(0.189831, 0.481356)(0.101695, 0.325424)(0.0847458, 0.138983)(0.0542373, -0.0508475)(0.0542373, -0.145763)(-0.020339, -0.328814)
				 (393, 260)(-0.0542373, 0.186441)(-0.0237288, 0.338983)(0.0881356, 0.250847)(-0.020339, -0.325424)(-0.0711864, 0.0677966)(-0.0813559, 0.430508)(0.111864, 0.416949)(0.0542373, -0.0508475)(0.0542373, -0.145763)(-0.0745763, 0.0644068)(-0.0542373, 0.186441)(-0.189831, 0.4)(-0.111864, 0.484746)(-0.0372881, 0.488136)(-0.0813559, 0.430508)(0.179661, 0.501695)(0.111864, 0.416949)(0.101695, 0.267797)(0.0983051, 0.227119)(0.105085, -0.0644068)(0.105085, -0.145763)(0.0542373, -0.145763)(0.0338983, -0.247458)(-0.0169492, -0.322034)(0.00338983, -0.366102)(0, -0.471186)(-0.0372881, -0.498305)(-0.122034, -0.447458)
descriptor[i][.]=(399, 262)(-0.106195, -0.498328)(0, -0.478261)(-0.292035, 0.474916)(0.486726, 0.501672)
				 (399, 262)(-0.0401338, -0.498328)(0, -0.478261)(-0.110368, 0.474916)(0.183946, 0.501672)
				 (399, 262)(-0.0401338, -0.498328)(-0.133779, -0.351171)(-0.130435, -0.16388)(-0.09699, 0.0133779)(-0.0401338, 0.190635)(-0.160535, 0.347826)(-0.0802676, 0.474916)(-0.0200669, 0.32107)(0.0167224, 0.488294)(0.187291, 0.488294)(0.103679, 0.331104)(0.083612, 0.143813)(0.0602007, -0.0434783)(0.0602007, -0.153846)(-0.0167224, -0.331104)
				 (399, 262)(-0.0301003, 0.170569)(-0.0167224, 0.32107)(0.09699, 0.377926)(-0.0167224, -0.327759)(-0.0635452, 0.0568562)(-0.0702341, 0.394649)(0.0133779, 0.394649)(0.0602007, -0.0568562)(0.0568562, -0.157191)(-0.143813, -0.0301003)(-0.0635452, 0.0568562)(-0.0301003, 0.170569)(-0.183946, 0.364548)(-0.117057, 0.471572)(-0.0602007, 0.474916)(-0.0702341, 0.394649)(0.0100334, 0.391304)(0.00334448, 0.478261)(0.183946, 0.501672)(0.100334, 0.381271)(0.113712, 0.317726)(0.107023, -0.0702341)(0.110368, -0.140468)(0.0568562, -0.157191)(0.0367893, -0.254181)(-0.0133779, -0.324415)(0.00334448, -0.361204)(0.00668896, -0.468227)(-0.0334448, -0.498328)
descriptor[i][.]=(409, 265)(-0.129032, -0.5)(0.0107527, -0.479592)(-0.0752688, 0.482993)(0.483871, 0.496599)
				 (409, 265)(-0.0408163, -0.5)(0.00340136, -0.479592)(-0.0238095, 0.482993)(0.153061, 0.496599)
				 (409, 265)(-0.0408163, -0.5)(-0.136054, -0.370748)(-0.136054, -0.204082)(-0.136054, -0.0340136)(-0.0272109, 0.108844)(-0.0680272, 0.251701)(-0.142857, 0.384354)(-0.0204082, 0.482993)(0.142857, 0.496599)(0.0782313, 0.384354)(0.108844, 0.217687)(0.0918367, 0.047619)(0.132653, -0.0646259)(0.0578231, -0.190476)(0.00340136, -0.353741)
				 (409, 265)(0, 0.190476)(0.0748299, 0.428571)(-0.00680272, -0.323129)(-0.112245, -0.312925)(-0.0306122, 0.0986395)(0.0680272, -0.0510204)(0.0714286, -0.153061)(-0.112245, -0.312925)(-0.139456, -0.20068)(-0.136054, -0.0238095)(-0.0306122, 0.0986395)(-0.156463, 0.357143)(-0.0306122, 0.479592)(0.139456, 0.5)(0.139456, -0.0680272)(0.115646, -0.142857)(0.0714286, -0.153061)(0.0544218, -0.227891)(-0.00340136, -0.319728)(0.0102041, -0.472789)(-0.0340136, -0.5)(-0.0612245, -0.496599)
descriptor[i][.]=(416, 267)(-0.164706, -0.49827)(0.0235294, -0.480969)(-0.129412, 0.487889)(0.4, 0.50173)
				 (416, 267)(-0.0484429, -0.49827)(0.00692042, -0.480969)(-0.0380623, 0.487889)(0.117647, 0.50173)
				 (416, 267)(-0.0484429, -0.49827)(-0.134948, -0.387543)(-0.134948, -0.221453)(-0.138408, -0.0519031)(-0.0415225, 0.103806)(-0.0553633, 0.252595)(-0.124567, 0.391003)(-0.00346021, 0.49481)(0.128028, 0.470588)(0.0899654, 0.342561)(0.134948, 0.16955)(0.0761246, 0.0207612)(0.148789, -0.083045)(0.0553633, -0.204152)(0.0103806, -0.363322)
				 (416, 267)(0, 0.183391)(0.0553633, 0.387543)(-0.00692042, -0.32526)(0.0588235, 0.435986)(0.0657439, -0.0449827)(0.0657439, -0.152249)(-0.138408, -0.00346021)(-0.00346021, 0.179931)(-0.0449827, 0.484429)(0.131488, 0.49827)(0.0588235, 0.435986)(0.0553633, 0.387543)(0.134948, -0.0622837)(0.148789, -0.110727)(0.114187, -0.138408)(0.0657439, -0.152249)(-0.00346021, -0.321799)(0.0242215, -0.394464)(0.0207612, -0.453287)(-0.0207612, -0.49481)(-0.107266, -0.487889)
descriptor[i][.]=(428, 267)(-0.188889, -0.49827)(0.0222222, -0.470588)(-0.122222, 0.50173)(0.244444, 0.50173)
				 (428, 267)(-0.0588235, -0.49827)(0.00692042, -0.470588)(-0.0380623, 0.50173)(0.0761246, 0.50173)
				 (428, 267)(-0.0588235, -0.49827)(-0.114187, -0.377163)(-0.141869, -0.217993)(-0.148789, -0.0553633)(-0.0553633, 0.0795848)(-0.017301, 0.242215)(-0.0795848, 0.397924)(-0.0103806, 0.49827)(0.0934256, 0.435986)(0.083045, 0.294118)(0.138408, 0.141869)(0.0795848, -0.00692042)(0.148789, -0.117647)(0.0449827, -0.224913)(0.0138408, -0.373702)
				 (428, 267)(-0.00346021, 0.193772)(0.0484429, 0.397924)(0.0761246, -0.0553633)(0.0553633, -0.15917)(-0.0519031, 0.083045)(-0.00692042, -0.321799)(-0.0519031, 0.083045)(-0.00692042, 0.190311)(-0.0865052, 0.477509)(0.0761246, 0.50173)(0.103806, 0.456747)(0.0484429, 0.397924)(0.152249, -0.083045)(0.0449827, -0.238754)(-0.00346021, -0.318339)(0.0138408, -0.363322)(0.017301, -0.439446)(-0.0103806, -0.487889)(-0.0553633, -0.49827)(-0.110727, -0.477509)
descriptor[i][.]=(429, 266)(-0.123596, -0.498282)(0, -0.494845)(-0.0898876, 0.501718)(0.224719, 0.501718)
				 (429, 266)(-0.0378007, -0.498282)(0, -0.494845)(-0.0274914, 0.501718)(0.0687285, 0.501718)
				 (429, 266)(-0.0378007, -0.498282)(-0.116838, -0.388316)(-0.127148, -0.226804)(-0.140893, -0.0584192)(-0.0446735, 0.0721649)(-0.00343643, 0.233677)(-0.0652921, 0.395189)(-0.024055, 0.501718)(0.120275, 0.460481)(0.106529, 0.32646)(0.147766, 0.164948)(0.0962199, 0)(0.154639, -0.106529)(0.0687285, -0.213058)(0.0171821, -0.367698)
				 (429, 266)(0.00687285, 0.19244)(0.0996564, 0.343643)(0.0859107, -0.0618557)(0.00343643, -0.329897)(-0.0446735, 0.0721649)(0.0790378, -0.14433)(-0.0446735, 0.0721649)(0.00343643, 0.189003)(-0.0515464, 0.316151)(-0.0893471, 0.463918)(0.0687285, 0.501718)(0.0996564, 0.343643)(0.147766, -0.0721649)(0.154639, -0.127148)(0.0790378, -0.14433)(0.0687285, -0.219931)(0.0137457, -0.319588)(0.0206186, -0.477663)(-0.0927835, -0.484536)
descriptor[i][.]=(449, 264)(-0.160714, -0.498305)(0.0357143, -0.267797)(-0.25, 0.501695)(0.482143, 0.474576)
				 (449, 264)(-0.0610169, -0.498305)(0.0135593, -0.267797)(-0.0949153, 0.501695)(0.183051, 0.474576)
				 (449, 264)(-0.0610169, -0.498305)(-0.149153, -0.359322)(-0.162712, -0.189831)(-0.152542, -0.0305085)(-0.0610169, 0.108475)(-0.0813559, 0.277966)(-0.149153, 0.437288)(-0.0169492, 0.498305)(0.128814, 0.474576)(0.108475, 0.4)(0.0847458, 0.230508)(0.0711864, 0.0610169)(0.0983051, -0.0847458)(0.0338983, -0.183051)(-0.0305085, -0.349153)
				 (449, 264)(-0.135593, -0.315254)(-0.0372881, 0.166102)(0.0338983, 0.461017)(0.0813559, 0.240678)(-0.0338983, -0.332203)(-0.0644068, 0.0915254)(0.108475, 0.40678)(0.0542373, -0.0610169)(0.0440678, -0.142373)(-0.155932, 0.0169492)(-0.0644068, 0.0915254)(-0.040678, 0.162712)(-0.138983, 0.39661)(0, 0.501695)(0.183051, 0.474576)(0.111864, 0.383051)(0.0915254, 0.257627)(0.0881356, 0.223729)(0.0949153, 0.179661)(0.118644, -0.0881356)(0.118644, -0.125424)(0.0440678, -0.142373)(0.020339, -0.254237)(-0.0237288, -0.322034)(-0.0135593, -0.464407)(-0.0372881, -0.494915)(-0.0779661, -0.494915)(-0.128814, -0.454237)
descriptor[i][.]=(455, 264)(-0.261261, -0.494915)(0.0630631, -0.240678)(-0.306306, 0.501695)(0.486486, 0.474576)
				 (455, 264)(-0.0983051, -0.494915)(0.0237288, -0.240678)(-0.115254, 0.501695)(0.183051, 0.474576)
				 (455, 264)(-0.0644068, -0.498305)(-0.155932, -0.362712)(-0.172881, -0.176271)(-0.155932, 0.00338983)(-0.0474576, 0.166102)(-0.122034, 0.342373)(-0.108475, 0.498305)(-0.0576271, 0.437288)(0.020339, 0.450847)(0.183051, 0.457627)(0.0847458, 0.308475)(0.0711864, 0.118644)(0.0542373, -0.0711864)(0.0372881, -0.159322)(-0.040678, -0.332203)
				 (455, 264)(-0.040678, 0.183051)(-0.0169492, 0.359322)(0.0847458, 0.318644)(-0.040678, -0.332203)(-0.0711864, 0.0881356)(-0.0576271, 0.437288)(0.108475, 0.420339)(0.0474576, -0.0610169)(0.040678, -0.145763)(-0.0711864, 0.0881356)(-0.0474576, 0.172881)(-0.166102, 0.427119)(-0.0169492, 0.501695)(0.020339, 0.457627)(0.183051, 0.474576)(0.108475, 0.420339)(0.0881356, 0.322034)(0.0915254, 0.267797)(0.101695, -0.0779661)(0.115254, -0.118644)(0.040678, -0.145763)(0.0271186, -0.233898)(-0.0372881, -0.328814)(-0.0237288, -0.477966)(-0.0542373, -0.498305)(-0.0983051, -0.494915)
descriptor[i][.]=(459, 266)(-0.168317, -0.498282)(0.029703, -0.429553)(-0.257426, 0.501718)(0.465347, 0.474227)
				 (459, 266)(-0.0584192, -0.498282)(0.0103093, -0.429553)(-0.0893471, 0.501718)(0.161512, 0.474227)
				 (459, 266)(-0.0584192, -0.498282)(-0.140893, -0.357388)(-0.151203, -0.168385)(-0.134021, 0.0137457)(-0.0206186, 0.168385)(-0.116838, 0.32646)(-0.123711, 0.487973)(-0.0515464, 0.436426)(0.0103093, 0.460481)(0.164948, 0.453608)(0.0893471, 0.305842)(0.0893471, 0.116838)(0.0790378, -0.0652921)(0.0515464, -0.171821)(-0.0171821, -0.347079)
				 (459, 266)(-0.0103093, 0.185567)(-0.0171821, 0.371134)(0.0893471, 0.408935)(-0.024055, -0.319588)(-0.0584192, 0.0790378)(-0.0549828, 0.426117)(0.0687285, -0.0549828)(0.0584192, -0.147766)(-0.127148, 0.0309278)(-0.0584192, 0.0790378)(-0.0137457, 0.182131)(-0.137457, 0.484536)(-0.0309278, 0.501718)(0.161512, 0.474227)(0.116838, -0.0721649)(0.123711, -0.130584)(0.0584192, -0.147766)(0.0309278, -0.250859)(-0.0137457, -0.309278)(-0.00343643, -0.47079)(-0.120275, -0.47079)
descriptor[i][.]=(461, 266)(-0.12766, -0.498282)(0.0638298, -0.474227)(-0.180851, 0.501718)(0.478723, 0.474227)
				 (461, 266)(-0.0412371, -0.498282)(0.0206186, -0.474227)(-0.0584192, 0.501718)(0.154639, 0.474227)
				 (461, 266)(-0.0412371, -0.498282)(-0.120275, -0.360825)(-0.113402, -0.182131)(-0.116838, -0.00343643)(-0.0103093, 0.158076)(-0.0824742, 0.302405)(-0.120275, 0.450172)(-0.0343643, 0.43299)(0.0584192, 0.474227)(0.0927835, 0.42268)(0.116838, 0.24055)(0.0996564, 0.0687285)(0.147766, -0.0790378)(0.0549828, -0.19244)(0.0103093, -0.357388)
				 (461, 266)(0.0103093, 0.213058)(-0.0206186, 0.388316)(0.0859107, 0.412371)(-0.00687285, -0.305842)(-0.0412371, 0.0824742)(0.0824742, -0.00687285)(0.0687285, -0.134021)(-0.0996564, 0.0343643)(-0.0412371, 0.0824742)(-0.158076, 0.378007)(-0.0652921, 0.498282)(-0.0103093, 0.484536)(0.154639, 0.474227)(0.151203, -0.113402)(0.0687285, -0.134021)(0.0549828, -0.233677)(0.0274914, -0.402062)(-0.0103093, -0.494845)
descriptor[i][.]=(462, 265)(-0.120879, -0.5)(0.010989, -0.493007)(-0.274725, 0.5)(0.483516, 0.486014)
				 (462, 265)(-0.0384615, -0.5)(0.0034965, -0.493007)(-0.0874126, 0.5)(0.153846, 0.486014)
				 (462, 265)(-0.0384615, -0.5)(-0.115385, -0.374126)(-0.115385, -0.202797)(-0.122378, -0.027972)(-0.020979, 0.125874)(-0.048951, 0.269231)(-0.15035, 0.41958)(-0.013986, 0.5)(0.143357, 0.482517)(0.101399, 0.36014)(0.132867, 0.188811)(0.0839161, 0.0174825)(0.160839, -0.101399)(0.0629371, -0.20979)(0.020979, -0.367133)
				 (462, 265)(0.013986, 0.213287)(0.0839161, -0.041958)(0, -0.314685)(0.0874126, 0.43007)(0.0769231, -0.136364)(-0.0454545, 0.265734)(-0.157343, 0.391608)(-0.0944056, 0.496503)(0.153846, 0.486014)(0.0874126, -0.034965)(0.15035, -0.0699301)(0.153846, -0.125874)(0.0769231, -0.136364)(0.0629371, -0.227273)(0.0034965, -0.311189)(0.027972, -0.381119)(0.034965, -0.451049)(0.0244755, -0.479021)(-0.108392, -0.472028)
