runDescr6.dat
size1 30
size3 31
beh_type.id 9
sizes[]=44 48 51 46 42 51 45 49 48 43 46 49 54 44 50 52 54 51 50 46 52 47 50 44 49 53 41 45 52 42 
thresholds[]=0.16 0.16 0.16 0.16 0.16 0.16 0.16 0.16 0.16 0.16 0.16 0.16 0.16 0.16 0.16 0.16 0.16 0.16 0.16 0.16 0.16 0.16 0.16 0.16 0.16 0.16 0.16 0.16 0.16 0.16 
map[0][.]=0 1 0 0 0 0 0 0 0 0 0 0 0 0 0 0 0 0 0 0 0 0 0 0 0 0 0 0 0 0 0 
map[1][.]=0 0 1 0 0 0 0 0 0 0 0 0 0 0 0 0 0 0 0 0 0 0 0 0 0 0 0 0 0 0 0 
map[2][.]=0 0 0 1 0 0 0 0 0 0 0 0 0 0 0 0 0 0 0 0 0 0 0 0 0 0 0 0 0 0 0 
map[3][.]=0 0 0 0 1 0 0 0 0 0 0 0 0 0 0 0 0 0 0 0 0 0 0 0 0 0 0 0 0 0 0 
map[4][.]=0 0 0 0 0 1 0 0 0 0 0 0 0 0 0 0 0 0 0 0 0 0 0 0 0 0 0 0 0 0 0 
map[5][.]=0 0 0 0 0 0 1 0 0 0 0 0 0 0 0 0 0 0 0 0 0 0 0 0 0 0 0 0 0 0 0 
map[6][.]=0 0 0 0 0 0 0 1 0 0 0 0 0 0 0 0 0 0 0 0 0 0 0 0 0 0 0 0 0 0 0 
map[7][.]=0 0 0 0 0 0 0 0 1 0 0 0 0 0 0 0 0 0 0 0 0 0 0 0 0 0 0 0 0 0 0 
map[8][.]=0 0 0 0 0 0 0 0 0 1 0 0 0 0 0 0 0 0 0 0 0 0 0 0 0 0 0 0 0 0 0 
map[9][.]=0 0 0 0 0 0 0 0 0 0 1 0 0 0 0 0 0 0 0 0 0 0 0 0 0 0 0 0 0 0 0 
map[10][.]=0 0 0 0 0 0 0 0 0 0 0 1 0 0 0 0 0 0 0 0 0 0 0 0 0 0 0 0 0 0 0 
map[11][.]=0 0 0 0 0 0 0 0 0 0 0 0 1 0 0 0 0 0 0 0 0 0 0 0 0 0 0 0 0 0 0 
map[12][.]=0 0 0 0 0 0 0 0 0 0 0 0 0 1 0 0 0 0 0 0 0 0 0 0 0 0 0 0 0 0 0 
map[13][.]=0 0 0 0 0 0 0 0 0 0 0 0 0 0 1 0 0 0 0 0 0 0 0 0 0 0 0 0 0 0 0 
map[14][.]=0 0 0 0 0 0 0 0 0 0 0 0 0 0 0 1 0 0 0 0 0 0 0 0 0 0 0 0 0 0 0 
map[15][.]=0 0 0 0 0 0 0 0 0 0 0 0 0 0 0 0 1 0 0 0 0 0 0 0 0 0 0 0 0 0 0 
map[16][.]=0 0 0 0 0 0 0 0 0 0 0 0 0 0 0 0 0 1 0 0 0 0 0 0 0 0 0 0 0 0 0 
map[17][.]=0 0 0 0 0 0 0 0 0 0 0 0 0 0 0 0 0 0 1 0 0 0 0 0 0 0 0 0 0 0 0 
map[18][.]=0 0 0 0 0 0 0 0 0 0 0 0 0 0 0 0 0 0 0 1 0 0 0 0 0 0 0 0 0 0 0 
map[19][.]=0 0 0 0 0 0 0 0 0 0 0 0 0 0 0 0 0 0 0 0 1 0 0 0 0 0 0 0 0 0 0 
map[20][.]=0 0 0 0 0 0 0 0 0 0 0 0 0 0 0 0 0 0 0 0 0 1 0 0 0 0 0 0 0 0 0 
map[21][.]=0 0 0 0 0 0 0 0 0 0 0 0 0 0 0 0 0 0 0 0 0 0 1 0 0 0 0 0 0 0 0 
map[22][.]=0 0 0 0 0 0 0 0 0 0 0 0 0 0 0 0 0 0 0 0 0 0 0 1 0 0 0 0 0 0 0 
map[23][.]=0 0 0 0 0 0 0 0 0 0 0 0 0 0 0 0 0 0 0 0 0 0 0 0 1 0 0 0 0 0 0 
map[24][.]=0 0 0 0 0 0 0 0 0 0 0 0 0 0 0 0 0 0 0 0 0 0 0 0 0 1 0 0 0 0 0 
map[25][.]=0 0 0 0 0 0 0 0 0 0 0 0 0 0 0 0 0 0 0 0 0 0 0 0 0 0 1 0 0 0 0 
map[26][.]=0 0 0 0 0 0 0 0 0 0 0 0 0 0 0 0 0 0 0 0 0 0 0 0 0 0 0 1 0 0 0 
map[27][.]=0 0 0 0 0 0 0 0 0 0 0 0 0 0 0 0 0 0 0 0 0 0 0 0 0 0 0 0 1 0 0 
map[28][.]=0 0 0 0 0 0 0 0 0 0 0 0 0 0 0 0 0 0 0 0 0 0 0 0 0 0 0 0 0 1 0 
map[29][.]=0 0 0 0 0 0 0 0 0 0 0 0 0 0 0 0 0 0 0 0 0 0 0 0 0 0 0 0 0 0 1 
map[30][.]=0 0 0 0 0 0 0 0 0 0 0 0 0 0 0 0 0 0 0 0 0 0 0 0 0 0 0 0 0 0 0 
isLast[.]=false false false false false false false false false false false false false false false false false false false false false false false false false false false false false false true 
descriptor[i][.]=(186, 251)(-0.0212766, -0.475207)(0.0957447, -0.5)(-0.468085, 0.5)(0.0425532, 0.483471)
				 (186, 251)(-0.00826446, -0.475207)(0.0371901, -0.5)(-0.181818, 0.5)(0.0165289, 0.483471)
				 (186, 251)(0.0330579, -0.5)(-0.0495868, -0.35124)(-0.0743802, -0.181818)(-0.107438, -0.0165289)(-0.0950413, 0.152893)(-0.144628, 0.322314)(-0.190083, 0.483471)(-0.0454545, 0.483471)(0.0661157, 0.442149)(0.0909091, 0.297521)(0.119835, 0.132231)(0.119835, -0.0247934)(0.18595, -0.119835)(0.107438, -0.214876)(0.119835, -0.380165)
				 (186, 251)(-0.0826446, 0.206612)(0.0413223, 0.413223)(0.0785124, -0.0702479)(0.107438, -0.181818)(0.0826446, 0.0413223)(0.0867769, -0.297521)(-0.0826446, 0.206612)(-0.190083, 0.495868)(0.0826446, 0.46281)(0.128099, 0.247934)(0.0867769, 0.0454545)(0.169421, -0.107438)(0.194215, -0.157025)(0.0867769, -0.297521)(0.123967, -0.38843)(0.119835, -0.446281)(0.0371901, -0.5)
descriptor[i][.]=(190, 251)(-0.049505, -0.458678)(0.0891089, -0.5)(-0.405941, 0.5)(0.0693069, 0.483471)
				 (190, 251)(-0.0206612, -0.458678)(0.0371901, -0.5)(-0.169421, 0.5)(0.0289256, 0.483471)
				 (190, 251)(0.0206612, -0.5)(-0.0371901, -0.342975)(-0.0619835, -0.165289)(-0.0909091, 0.00826446)(-0.0867769, 0.18595)(-0.169421, 0.355372)(-0.152893, 0.5)(-0.0413223, 0.450413)(0.11157, 0.46281)(0.103306, 0.305785)(0.132231, 0.132231)(0.123967, -0.0371901)(0.206612, -0.140496)(0.119835, -0.22314)(0.144628, -0.392562)
				 (190, 251)(-0.0619835, 0.417355)(0.0950413, -0.0909091)(0.11157, -0.194215)(0.0785124, 0.409091)(0.0991736, 0.0330579)(0.0991736, -0.326446)(-0.115702, 0.5)(-0.0454545, 0.46281)(0.107438, 0.466942)(0.0785124, 0.409091)(0.144628, 0.190083)(0.103306, 0.0371901)(0.123967, -0.0165289)(0.206612, -0.140496)(0.206612, -0.18595)(0.11157, -0.194215)(0.0991736, -0.326446)(0.132231, -0.363636)(0.144628, -0.429752)(0.0909091, -0.483471)(0.0371901, -0.5)
descriptor[i][.]=(194, 251)(-0.020202, -0.458678)(0.262626, -0.5)(-0.343434, 0.5)(0.161616, 0.483471)
				 (194, 251)(-0.00826446, -0.458678)(0.107438, -0.5)(-0.140496, 0.5)(0.0661157, 0.483471)
				 (194, 251)(0.0330579, -0.5)(-0.0289256, -0.338843)(-0.0371901, -0.161157)(-0.0702479, 0.0165289)(-0.0330579, 0.198347)(-0.157025, 0.338843)(-0.140496, 0.5)(-0.0495868, 0.392562)(0.0495868, 0.483471)(0.103306, 0.35124)(0.132231, 0.177686)(0.115702, 0)(0.202479, -0.119835)(0.132231, -0.231405)(0.161157, -0.400826)
				 (194, 251)(-0.0330579, 0.202479)(-0.0495868, 0.392562)(0.11157, 0.00826446)(0.128099, -0.173554)(0.0991736, 0.289256)(0.136364, -0.0909091)(0.11157, -0.334711)(-0.198347, 0.400826)(-0.14876, 0.495868)(-0.0867769, 0.5)(-0.0371901, 0.479339)(0.0661157, 0.483471)(0.115702, 0.396694)(0.0991736, 0.289256)(0.157025, -0.0289256)(0.18595, -0.103306)(0.206612, -0.152893)(0.128099, -0.173554)(0.123967, -0.293388)(0.161157, -0.421488)(0.14876, -0.458678)(0.115702, -0.495868)(0.0330579, -0.5)(0.00413223, -0.475207)
descriptor[i][.]=(200, 252)(-0.09375, -0.3125)(0.15625, -0.5)(-0.322917, 0.5)(0.145833, 0.483333)
				 (200, 252)(-0.0375, -0.3125)(0.0625, -0.5)(-0.129167, 0.5)(0.0583333, 0.483333)
				 (200, 252)(0.05, -0.5)(-0.0125, -0.35)(-0.0583333, -0.1875)(-0.0583333, -0.025)(-0.0208333, 0.141667)(-0.0708333, 0.275)(-0.2, 0.391667)(-0.0916667, 0.5)(0.0666667, 0.475)(0.0958333, 0.3125)(0.120833, 0.154167)(0.1125, -0.0125)(0.179167, -0.104167)(0.133333, -0.245833)(0.1625, -0.404167)
				 (200, 252)(0.00833333, 0.2125)(0.05, 0.429167)(0.108333, 0.00416667)(0.133333, -0.129167)(-0.0375, -0.116667)(0.129167, -0.333333)(-0.0416667, -0.120833)(-0.0458333, 0.0833333)(-0.2, 0.391667)(-0.1375, 0.495833)(0.0583333, 0.483333)(0.05, 0.429167)(0.183333, -0.025)(0.1875, -0.0958333)(0.145833, -0.204167)(0.158333, -0.358333)(0.154167, -0.45)(0.0625, -0.5)(0.0291667, -0.491667)
descriptor[i][.]=(221, 254)(-0.0322581, -0.491525)(0.0215054, -0.5)(-0.344086, 0.5)(0, 0.372881)
				 (221, 254)(-0.0127119, -0.491525)(0.00847458, -0.5)(-0.135593, 0.5)(0, 0.372881)
				 (221, 254)(0.00423729, -0.5)(-0.0635593, -0.355932)(-0.144068, -0.199153)(-0.110169, -0.0381356)(-0.0635593, 0.127119)(-0.0847458, 0.288136)(-0.194915, 0.40678)(-0.0635593, 0.5)(0.00847458, 0.364407)(0.0974576, 0.224576)(0.0550847, 0.0550847)(0.144068, -0.0508475)(0.114407, -0.122881)(0.0762712, -0.271186)(0.118644, -0.423729)
				 (221, 254)(-0.0381356, 0.220339)(0, 0.368644)(0.0550847, -0.0127119)(0.0847458, -0.139831)(-0.101695, -0.0932203)(0.0677966, -0.305085)(-0.194915, 0.423729)(-0.144068, 0.495763)(-0.0550847, 0.5)(0, 0.372881)(0.186441, -0.0677966)(0.199153, -0.105932)(0.0677966, -0.305085)(0.105932, -0.474576)(0.00847458, -0.5)
descriptor[i][.]=(234, 254)(-0.0204082, -0.5)(0.0306122, -0.5)(-0.438776, 0.483607)(0.0510204, 0.5)
				 (234, 254)(-0.00819672, -0.5)(0.0122951, -0.5)(-0.17623, 0.483607)(0.0204918, 0.5)
				 (234, 254)(-0.00819672, -0.5)(-0.0655738, -0.348361)(-0.172131, -0.204918)(-0.122951, -0.0409836)(-0.0901639, 0.131148)(-0.139344, 0.295082)(-0.20082, 0.454918)(-0.0409836, 0.5)(0.00409836, 0.409836)(0.0819672, 0.245902)(0.0532787, 0.0778689)(0.0696721, -0.0901639)(0.188525, -0.155738)(0.0778689, -0.221311)(0.102459, -0.389344)
				 (234, 254)(-0.0860656, 0.20082)(0.0532787, -0.0778689)(0.0655738, -0.172131)(-0.0409836, -0.372951)(-0.106557, -0.0737705)(-0.00409836, 0.422131)(0.0368852, 0.0286885)(0.057377, -0.319672)(-0.110656, -0.0778689)(-0.127049, -0.0368852)(-0.0860656, 0.20082)(-0.184426, 0.479508)(0.0204918, 0.5)(0.0409836, 0.0327869)(0.0532787, -0.0655738)(0.139344, -0.0819672)(0.188525, -0.110656)(0.20082, -0.151639)(0.0737705, -0.192623)(0.057377, -0.319672)(0.106557, -0.393443)(0.0122951, -0.5)(-0.0327869, -0.479508)(-0.0409836, -0.372951)
descriptor[i][.]=(241, 254)(-0.00917431, -0.5)(0.0366972, -0.5)(-0.477064, 0.467213)(0.229358, 0.5)
				 (241, 254)(-0.00409836, -0.5)(0.0163934, -0.5)(-0.213115, 0.467213)(0.102459, 0.5)
				 (241, 254)(-0.00409836, -0.5)(-0.0778689, -0.340164)(-0.143443, -0.172131)(-0.102459, 0.00409836)(-0.0819672, 0.188525)(-0.188525, 0.352459)(-0.151639, 0.471311)(0.0204918, 0.483607)(0.0737705, 0.442623)(0.0860656, 0.262295)(0.0696721, 0.0778689)(0.0778689, -0.106557)(0.217213, -0.172131)(0.0901639, -0.233607)(0.118852, -0.409836)
				 (241, 254)(0.0614754, -0.0737705)(0.0819672, -0.188525)(-0.0286885, -0.377049)(-0.0737705, 0.114754)(0.0614754, 0.430328)(0.0696721, -0.327869)(-0.0819672, 0.192623)(0.102459, 0.5)(0.22541, -0.135246)(0.0819672, -0.188525)(0.0901639, -0.229508)(0.0696721, -0.327869)(0.110656, -0.47541)(-0.00409836, -0.5)(-0.0286885, -0.377049)(-0.139344, -0.254098)(-0.0737705, 0.114754)(-0.0860656, 0.168033)
descriptor[i][.]=(244, 254)(-0.0186916, -0.495902)(0.0280374, -0.5)(-0.327103, 0.483607)(0.280374, 0.5)
				 (244, 254)(-0.00819672, -0.495902)(0.0122951, -0.5)(-0.143443, 0.483607)(0.122951, 0.5)
				 (244, 254)(0, -0.5)(-0.0491803, -0.364754)(-0.139344, -0.192623)(-0.0983607, -0.0163934)(-0.0614754, 0.163934)(-0.163934, 0.307377)(-0.17623, 0.459016)(0, 0.487705)(0.106557, 0.454918)(0.0860656, 0.286885)(0.0860656, 0.106557)(0.0696721, -0.0778689)(0.221311, -0.147541)(0.0901639, -0.221311)(0.127049, -0.405738)
				 (244, 254)(-0.057377, 0.188525)(0.0655738, -0.0696721)(0.0901639, -0.188525)(0.00819672, -0.401639)(0.0737705, 0.430328)(0.0819672, -0.327869)(-0.0614754, 0.17623)(-0.217213, 0.430328)(-0.151639, 0.479508)(0.122951, 0.5)(0.127049, 0.467213)(0.217213, -0.122951)(0.221311, -0.163934)(0.0983607, -0.233607)(0.0819672, -0.327869)(0.106557, -0.360656)(0.131148, -0.418033)(0.122951, -0.467213)(0.0122951, -0.5)(-0.0204918, -0.467213)(-0.0327869, -0.377049)(-0.135246, -0.233607)
descriptor[i][.]=(254, 254)(-0.00961538, -0.489712)(0.0288462, -0.497942)(-0.307692, 0.485597)(0.105769, 0.502058)
				 (254, 254)(-0.00411523, -0.489712)(0.0123457, -0.497942)(-0.131687, 0.485597)(0.0452675, 0.502058)
				 (254, 254)(0.0123457, -0.497942)(-0.0493827, -0.337449)(-0.106996, -0.17284)(-0.090535, 0)(-0.0164609, 0.164609)(-0.127572, 0.292181)(-0.185185, 0.415638)(-0.0493827, 0.481481)(0.0658436, 0.460905)(0.0781893, 0.300412)(0.0864198, 0.127572)(0.090535, -0.0411523)(0.1893, -0.127572)(0.0987654, -0.234568)(0.127572, -0.390947)
				 (254, 254)(-0.0123457, 0.197531)(0.0658436, -0.00411523)(0.0946502, -0.160494)(-0.0699588, -0.111111)(0.037037, 0.423868)(0.119342, -0.0658436)(0.0781893, -0.333333)(-0.0740741, -0.115226)(-0.213992, 0.382716)(-0.139918, 0.481481)(0.0823045, 0.489712)(0.037037, 0.423868)(0.0658436, -0.00411523)(0.115226, -0.0576132)(0.1893, -0.0740741)(0.213992, -0.111111)(0.119342, -0.36214)(0.135802, -0.411523)(0.127572, -0.452675)(0.0781893, -0.485597)(0.0123457, -0.497942)
descriptor[i][.]=(264, 257)(-0.0120482, -0.491597)(0.060241, -0.5)(-0.180723, 0.5)(0.108434, 0.491597)
				 (264, 257)(-0.00420168, -0.491597)(0.0210084, -0.5)(-0.0630252, 0.5)(0.0378151, 0.491597)
				 (264, 257)(0.012605, -0.5)(-0.0462185, -0.344538)(-0.0672269, -0.180672)(-0.092437, -0.0168067)(-0.0294118, 0.147059)(-0.092437, 0.285714)(-0.147059, 0.411765)(-0.0378151, 0.5)(0.0168067, 0.415966)(0.092437, 0.256303)(0.10084, 0.10084)(0.0966387, -0.0504202)(0.147059, -0.147059)(0.092437, -0.264706)(0.134454, -0.415966)
				 (264, 257)(-0.012605, 0.205882)(0.0168067, 0.403361)(0.0714286, -0.012605)(0.0966387, -0.155462)(0.0756303, -0.344538)(-0.168067, 0.336134)(-0.172269, 0.386555)(-0.121849, 0.47479)(0.0378151, 0.491597)(0.0168067, 0.403361)(0.113445, 0.239496)(0.159664, -0.0546218)(0.168067, -0.134454)(0.130252, -0.390756)(0.130252, -0.457983)(0.0210084, -0.5)
descriptor[i][.]=(281, 257)(-0.0795455, -0.436975)(0.238636, -0.5)(-0.363636, 0.5)(0.136364, 0.483193)
				 (281, 257)(-0.0294118, -0.436975)(0.0882353, -0.5)(-0.134454, 0.5)(0.0504202, 0.483193)
				 (281, 257)(0.0672269, -0.5)(-0.0462185, -0.420168)(-0.0840336, -0.256303)(-0.105042, -0.0840336)(-0.0798319, 0.0798319)(-0.10084, 0.252101)(-0.176471, 0.411765)(-0.0714286, 0.5)(0.0756303, 0.457983)(0.0630252, 0.315126)(0.113445, 0.155462)(0.0462185, -0.0168067)(0.147059, -0.12605)(0.0840336, -0.197479)(0.0630252, -0.369748)
				 (281, 257)(-0.0672269, 0.189076)(0.0462185, -0.0210084)(0.0462185, -0.319328)(0.0210084, -0.42437)(0.0168067, 0.386555)(0.0966387, -0.113445)(0.0840336, -0.197479)(-0.0672269, 0.189076)(-0.142857, 0.495798)(0.0756303, 0.470588)(0.117647, 0.180672)(0.10084, -0.0588235)(0.142857, -0.121849)(0.184874, -0.163866)(0.0714286, -0.277311)(0.0504202, -0.315126)(0.117647, -0.428571)(0.0966387, -0.495798)(-0.0210084, -0.436975)
descriptor[i][.]=(289, 255)(-0.0824742, -0.409091)(0.247423, -0.5)(-0.329897, 0.5)(0.453608, 0.483471)
				 (289, 255)(-0.0330579, -0.409091)(0.0991736, -0.5)(-0.132231, 0.5)(0.181818, 0.483471)
				 (289, 255)(0.0826446, -0.5)(-0.0371901, -0.380165)(-0.0867769, -0.18595)(-0.0909091, 0.00826446)(-0.0702479, 0.202479)(-0.181818, 0.384298)(-0.0950413, 0.495868)(-0.0165289, 0.400826)(0.0991736, 0.483471)(0.128099, 0.429752)(0.115702, 0.239669)(0.0867769, 0.0454545)(0.0826446, -0.140496)(0.157025, -0.22314)(0.0702479, -0.342975)
				 (289, 255)(-0.0495868, 0.173554)(-0.0371901, 0.384298)(0.0661157, 0)(0.0909091, -0.219008)(-0.0867769, 0.42562)(0.107438, 0.413223)(0.0785124, -0.136364)(0.0702479, -0.347107)(-0.190083, 0.479339)(-0.053719, 0.487603)(-0.0413223, 0.38843)(-0.00826446, 0.479339)(0.181818, 0.483471)(0.0702479, 0.00413223)(0.0950413, -0.0619835)(0.173554, -0.152893)(0.198347, -0.202479)(0.0991736, -0.264463)(0.119835, -0.396694)(0.107438, -0.495868)(0.0289256, -0.491736)(-0.0867769, -0.219008)
descriptor[i][.]=(295, 256)(-0.0105263, -0.470833)(0.326316, -0.5)(-0.263158, 0.5)(0.368421, 0.483333)
				 (295, 256)(-0.00416667, -0.470833)(0.129167, -0.5)(-0.104167, 0.5)(0.145833, 0.483333)
				 (295, 256)(0.120833, -0.5)(-0.0208333, -0.429167)(-0.0416667, -0.2375)(-0.0625, -0.0458333)(-0.00833333, 0.141667)(-0.129167, 0.3)(-0.145833, 0.466667)(-0.0458333, 0.3875)(0.00416667, 0.454167)(0.1625, 0.4625)(0.133333, 0.3)(0.125, 0.108333)(0.125, -0.075)(0.175, -0.208333)(0.0916667, -0.333333)
				 (295, 256)(-0.00416667, 0.179167)(0, 0.345833)(0.0916667, -0.0166667)(0.108333, -0.220833)(0.0416667, -0.441667)(-0.0666667, 0.395833)(0.025, 0.416667)(0.129167, 0.425)(0.1375, -0.125)(0.0875, -0.3625)(-0.0666667, -0.0416667)(-0.195833, 0.383333)(-0.104167, 0.5)(-0.0666667, 0.395833)(0.025, 0.416667)(-0.00416667, 0.458333)(0.145833, 0.483333)(0.170833, 0.4625)(0.129167, 0.425)(0.0916667, -0.0166667)(0.170833, -0.129167)(0.2, -0.1875)(0.133333, -0.404167)(0.1375, -0.495833)(0.0916667, -0.483333)(0.0416667, -0.441667)(0, -0.470833)
descriptor[i][.]=(306, 255)(-0.0722892, -0.429185)(0.361446, -0.493562)(-0.216867, 0.502146)(0.289157, 0.502146)
				 (306, 255)(-0.0257511, -0.429185)(0.128755, -0.493562)(-0.0772532, 0.502146)(0.103004, 0.502146)
				 (306, 255)(0.0515021, -0.497854)(-0.0386266, -0.369099)(-0.055794, -0.197425)(-0.0643777, -0.0300429)(0.0171674, 0.133047)(-0.055794, 0.270386)(-0.175966, 0.403433)(-0.0343348, 0.502146)(0.133047, 0.484979)(0.107296, 0.369099)(0.145923, 0.197425)(0.111588, 0.0257511)(0.180258, -0.111588)(0.124464, -0.248927)(0.133047, -0.403433)
				 (306, 255)(0.0343348, 0.201717)(0.103004, -0.0429185)(0.0901288, -0.317597)(0.0815451, 0.433476)(0.11588, -0.158798)(-0.167382, 0.356223)(-0.175966, 0.386266)(-0.141631, 0.454936)(-0.0944206, 0.493562)(0.145923, 0.480687)(0.0815451, 0.433476)(0.175966, -0.0901288)(0.124464, -0.240343)(0.0944206, -0.313305)(0.141631, -0.484979)(0.0600858, -0.497854)(-0.0257511, -0.429185)
descriptor[i][.]=(329, 252)(-0.05, -0.5)(0.175, -0.475)(-0.4375, 0.5)(0.0625, 0.5)
				 (329, 252)(-0.0166667, -0.5)(0.0583333, -0.475)(-0.145833, 0.5)(0.0208333, 0.5)
				 (329, 252)(-0.0166667, -0.5)(-0.075, -0.354167)(-0.133333, -0.195833)(-0.104167, -0.0291667)(-0.05, 0.133333)(-0.0666667, 0.291667)(-0.166667, 0.425)(-0.0666667, 0.5)(0.0125, 0.45)(0.0708333, 0.3)(0.108333, 0.133333)(0.0583333, -0.0333333)(0.15, -0.15)(0.0625, -0.245833)(0.0833333, -0.3875)
				 (329, 252)(-0.025, 0.233333)(-0.00416667, 0.429167)(0.0541667, -0.0208333)(0.0666667, -0.1625)(-0.1, -0.1125)(-0.116667, 0.35)(0.0291667, -0.325)(-0.104167, -0.116667)(-0.1, 0.05)(-0.025, 0.233333)(-0.116667, 0.35)(-0.141667, 0.354167)(-0.1625, 0.379167)(-0.154167, 0.495833)(0.0208333, 0.5)(0.0458333, 0.479167)(-0.00416667, 0.429167)(0.108333, 0.25)(0.1625, -0.1125)(0.0875, -0.420833)(0.0708333, -0.466667)(-0.00833333, -0.5)(-0.05, -0.475)
descriptor[i][.]=(341, 252)(-0.0843373, -0.5)(0.0120482, -0.495968)(-0.457831, 0.483871)(0.253012, 0.5)
				 (341, 252)(-0.0282258, -0.5)(0.00403226, -0.495968)(-0.153226, 0.483871)(0.0846774, 0.5)
				 (341, 252)(-0.0282258, -0.5)(-0.0725806, -0.334677)(-0.149194, -0.177419)(-0.116935, -0.016129)(-0.0645161, 0.149194)(-0.108871, 0.318548)(-0.16129, 0.479839)(0.00806452, 0.487903)(0.0645161, 0.431452)(0.0846774, 0.274194)(0.0927419, 0.100806)(0.0564516, -0.0685484)(0.165323, -0.181452)(0.0564516, -0.237903)(0.0766129, -0.391129)
				 (341, 252)(-0.0564516, 0.193548)(0.0483871, -0.0443548)(0.0564516, -0.185484)(-0.0645161, -0.346774)(-0.100806, -0.100806)(0.0564516, 0.407258)(0.0645161, -0.0927419)(0.0282258, -0.334677)(-0.104839, -0.104839)(-0.116935, -0.0241935)(-0.0564516, 0.193548)(-0.0927419, 0.254032)(-0.165323, 0.475806)(0.0846774, 0.5)(0.108871, 0.479839)(0.0483871, -0.0443548)(0.0645161, -0.0927419)(0.149194, -0.129032)(0.169355, -0.177419)(0.0645161, -0.362903)(0.0725806, -0.443548)(0.00403226, -0.495968)(-0.0282258, -0.5)(-0.0685484, -0.387097)(-0.0645161, -0.346774)
descriptor[i][.]=(347, 252)(-0.0888889, -0.497976)(0.155556, -0.469636)(-0.344444, 0.481781)(0.433333, 0.48583)
				 (347, 252)(-0.0323887, -0.497976)(0.0566802, -0.469636)(-0.125506, 0.481781)(0.157895, 0.48583)
				 (347, 252)(-0.0323887, -0.497976)(-0.0850202, -0.327935)(-0.137652, -0.157895)(-0.105263, 0.00809717)(-0.0566802, 0.186235)(-0.149798, 0.34413)(-0.117409, 0.481781)(0.0526316, 0.489879)(0.149798, 0.449393)(0.097166, 0.311741)(0.097166, 0.133603)(0.0445344, -0.0445344)(0.161943, -0.157895)(0.0607287, -0.234818)(0.0728745, -0.388664)
				 (347, 252)(-0.0566802, 0.198381)(0.0445344, -0.0121457)(0.0566802, -0.206478)(-0.0850202, -0.323887)(-0.097166, -0.105263)(0.0850202, 0.421053)(0.0566802, -0.097166)(0.0202429, -0.340081)(-0.109312, -0.117409)(-0.11336, -0.0364372)(-0.153846, 0.34413)(-0.174089, 0.392713)(-0.182186, 0.445344)(0.0364372, 0.502024)(0.157895, 0.48583)(0.182186, 0.453441)(0.109312, 0.182186)(0.048583, -0.00809717)(0.0566802, -0.0931174)(0.145749, -0.133603)(0.165992, -0.182186)(0.0566802, -0.206478)(0.0566802, -0.364372)(0.0809717, -0.408907)(0.0728745, -0.461538)(-0.0242915, -0.497976)(-0.0850202, -0.323887)
descriptor[i][.]=(351, 250)(-0.0465116, -0.5)(0.174419, -0.483607)(-0.232558, 0.5)(0.453488, 0.5)
				 (351, 250)(-0.0163934, -0.5)(0.0614754, -0.483607)(-0.0819672, 0.5)(0.159836, 0.5)
				 (351, 250)(-0.0163934, -0.5)(-0.0737705, -0.327869)(-0.0901639, -0.147541)(-0.0655738, 0.045082)(-0.057377, 0.233607)(-0.17623, 0.409836)(-0.0163934, 0.495902)(-0.00819672, 0.348361)(0.0204918, 0.491803)(0.163934, 0.454918)(0.127049, 0.258197)(0.0983607, 0.0655738)(0.143443, -0.0942623)(0.0860656, -0.196721)(0.0942623, -0.381148)
				 (351, 250)(-0.0204918, 0.192623)(0.00409836, 0.344262)(0.0737705, -0.0286885)(0.0860656, -0.172131)(-0.0696721, -0.114754)(-0.0614754, 0.434426)(0.0409836, 0.418033)(0.0532787, -0.331967)(-0.0737705, -0.118852)(-0.0204918, 0.192623)(-0.172131, 0.389344)(-0.17623, 0.434426)(-0.102459, 0.491803)(-0.0245902, 0.5)(0.0286885, 0.405738)(0.00819672, 0.487705)(0.159836, 0.5)(0.163934, -0.0983607)(0.17623, -0.139344)(0.0860656, -0.22541)(0.106557, -0.409836)(0.0942623, -0.467213)(-0.0122951, -0.5)(-0.0368852, -0.491803)
descriptor[i][.]=(358, 252)(-0.0126582, -0.493724)(0.265823, -0.497908)(-0.240506, 0.502092)(0.35443, 0.502092)
				 (358, 252)(-0.0041841, -0.493724)(0.0878661, -0.497908)(-0.0794979, 0.502092)(0.117155, 0.502092)
				 (358, 252)(0.0878661, -0.497908)(-0.0083682, -0.430962)(-0.0585774, -0.280335)(-0.0543933, -0.0962343)(-0.0251046, 0.083682)(-0.0334728, 0.251046)(-0.158996, 0.393305)(-0.0543933, 0.460251)(0.0251046, 0.41841)(0.125523, 0.497908)(0.146444, 0.317992)(0.133891, 0.133891)(0.100418, -0.0460251)(0.100418, -0.146444)(0.0669456, -0.32636)
				 (358, 252)(0.0209205, 0.192469)(0.0041841, 0.364017)(0.0920502, -0.0292887)(0.0669456, -0.313808)(0.0041841, -0.393305)(-0.0543933, -0.0878661)(-0.041841, 0.405858)(0.100418, -0.138075)(-0.0543933, -0.0878661)(-0.0753138, -0.0251046)(-0.150628, 0.34728)(-0.16318, 0.389121)(-0.0794979, 0.502092)(0.0209205, 0.493724)(0.117155, 0.502092)(0.121339, 0.0585774)(0.154812, -0.0627615)(0.0711297, -0.309623)(0.117155, -0.410042)(0.108787, -0.485356)(-0.0041841, -0.493724)(-0.0292887, -0.460251)(-0.041841, -0.368201)
descriptor[i][.]=(376, 253)(-0.025, -0.49789)(0.05, -0.49789)(-0.0875, 0.50211)(0.125, 0.50211)
				 (376, 253)(-0.00843882, -0.49789)(0.0168776, -0.49789)(-0.0295359, 0.50211)(0.0421941, 0.50211)
				 (376, 253)(-0.00843882, -0.49789)(-0.00843882, -0.417722)(-0.092827, -0.295359)(-0.101266, -0.126582)(-0.092827, 0.0464135)(-0.0126582, 0.21097)(-0.135021, 0.333333)(-0.0886076, 0.459916)(0.0632911, 0.481013)(0.092827, 0.316456)(0.101266, 0.151899)(0.0590717, -0.021097)(0.160338, -0.14346)(0.0590717, -0.232068)(0.0632911, -0.396624)
				 (376, 253)(-0.00843882, 0.202532)(0.0548523, -0.00843882)(0.0590717, -0.164557)(-0.00843882, -0.405063)(-0.0126582, 0.151899)(0.0337553, -0.316456)(-0.0970464, 0.0421941)(-0.0126582, 0.151899)(-0.0337553, 0.219409)(-0.168776, 0.400844)(-0.0379747, 0.49789)(0.0421941, 0.50211)(0.118143, 0.21097)(0.156118, -0.092827)(0.0337553, -0.316456)(0.07173, -0.485232)(-0.0632911, -0.489451)(-0.0759494, -0.455696)(-0.0675105, -0.379747)
descriptor[i][.]=(392, 253)(-0.0394737, -0.487395)(0.0921053, -0.5)(-0.289474, 0.5)(0.131579, 0.5)
				 (392, 253)(-0.012605, -0.487395)(0.0294118, -0.5)(-0.092437, 0.5)(0.0420168, 0.5)
				 (392, 253)(0.0210084, -0.5)(-0.0630252, -0.378151)(-0.134454, -0.243697)(-0.134454, -0.0840336)(-0.10084, 0.0714286)(-0.0630252, 0.239496)(-0.117647, 0.394958)(-0.0420168, 0.5)(0.0210084, 0.428571)(0.0588235, 0.268908)(0.0630252, 0.105042)(0.0294118, -0.0588235)(0.147059, -0.147059)(0.0378151, -0.193277)(-0.00420168, -0.357143)
				 (392, 253)(-0.0462185, 0.201681)(0.0294118, -0.10084)(0.0252101, -0.205882)(-0.0462185, -0.386555)(-0.134454, -0.130252)(0.00420168, 0.403361)(0.0168067, 0)(-0.00420168, -0.357143)(-0.134454, -0.130252)(-0.142857, -0.0420168)(-0.0504202, 0.197479)(-0.134454, 0.441176)(-0.113445, 0.491597)(0.0420168, 0.5)(0.0462185, 0.453782)(0.00420168, 0.403361)(0.0294118, 0.012605)(0.159664, -0.151261)(0.155462, -0.189076)(-0.00420168, -0.357143)(0.0504202, -0.436975)(0.0378151, -0.495798)(-0.012605, -0.487395)(-0.0462185, -0.457983)(-0.0882353, -0.378151)
descriptor[i][.]=(399, 252)(-0.0131579, -0.495833)(0.0526316, -0.5)(-0.421053, 0.5)(0.0394737, 0.5)
				 (399, 252)(-0.00416667, -0.495833)(0.0166667, -0.5)(-0.133333, 0.5)(0.0125, 0.5)
				 (399, 252)(0.00833333, -0.5)(-0.1125, -0.408333)(-0.1375, -0.241667)(-0.133333, -0.075)(-0.0916667, 0.0916667)(-0.0916667, 0.266667)(-0.145833, 0.433333)(-0.0291667, 0.5)(0.133333, 0.4625)(0.0625, 0.325)(0.0708333, 0.15)(0.025, -0.025)(0.1, -0.141667)(0.0833333, -0.220833)(0.00833333, -0.333333)
				 (399, 252)(-0.0625, 0.195833)(0.025, -0.0541667)(0.0333333, -0.220833)(-0.129167, -0.129167)(0.0583333, 0.395833)(0.0375, -0.1375)(0.00416667, -0.329167)(-0.141667, -0.141667)(-0.141667, -0.0208333)(-0.0666667, 0.191667)(-0.141667, 0.495833)(0.133333, 0.4625)(0.0791667, 0.2)(0.025, -0.0541667)(0.0375, -0.1375)(0.108333, -0.141667)(0.154167, -0.179167)(0.1375, -0.233333)(0.00416667, -0.329167)(0.0416667, -0.475)
descriptor[i][.]=(403, 249)(-0.146667, -0.477551)(0.08, -0.497959)(-0.386667, 0.502041)(0.28, 0.461224)
				 (403, 249)(-0.044898, -0.477551)(0.0244898, -0.497959)(-0.118367, 0.502041)(0.0857143, 0.461224)
				 (403, 249)(0.0122449, -0.497959)(-0.0693878, -0.387755)(-0.110204, -0.236735)(-0.110204, -0.077551)(-0.0734694, 0.0816327)(-0.0530612, 0.236735)(-0.126531, 0.387755)(-0.0816327, 0.502041)(0.0734694, 0.465306)(0.0693878, 0.310204)(0.0734694, 0.146939)(0.0367347, -0.0204082)(0.126531, -0.130612)(0.0571429, -0.187755)(0.0367347, -0.35102)
				 (403, 249)(-0.0326531, 0.220408)(0.0367347, -0.0326531)(0.0408163, -0.204082)(-0.0653061, -0.395918)(-0.110204, -0.228571)(-0.110204, -0.114286)(0.0571429, -0.114286)(0.0244898, -0.297959)(-0.0326531, 0.220408)(-0.146939, 0.420408)(-0.126531, 0.497959)(0.0938776, 0.457143)(0.0571429, 0.044898)(0.0367347, -0.0326531)(0.0571429, -0.114286)(0.146939, -0.138776)(0.15102, -0.183673)(0.0244898, -0.297959)(0.0571429, -0.461224)(0.0408163, -0.489796)(-0.077551, -0.461224)(-0.0653061, -0.395918)(-0.110204, -0.228571)
descriptor[i][.]=(407, 250)(-0.147059, -0.460905)(0.102941, -0.497942)(-0.367647, 0.502058)(0.220588, 0.465021)
				 (407, 250)(-0.0411523, -0.460905)(0.0288066, -0.497942)(-0.102881, 0.502058)(0.0617284, 0.465021)
				 (407, 250)(0.0164609, -0.497942)(-0.0123457, -0.382716)(-0.106996, -0.27572)(-0.0946502, -0.115226)(-0.090535, 0.0493827)(-0.0123457, 0.209877)(-0.0987654, 0.349794)(-0.111111, 0.485597)(0.0288066, 0.469136)(0.0740741, 0.337449)(0.131687, 0.176955)(0.0658436, 0.0329218)(0.139918, -0.102881)(0.0534979, -0.185185)(0.0493827, -0.349794)
				 (407, 250)(-0.00823045, 0.226337)(0.0699588, 0.312757)(0.0493827, 0)(0.0534979, -0.156379)(-0.0123457, -0.382716)(-0.00823045, 0.226337)(-0.131687, 0.378601)(-0.111111, 0.497942)(0.0617284, 0.465021)(0.0699588, 0.312757)(0.135802, 0.17284)(0.0493827, 0)(0.139918, -0.139918)(0.0658436, -0.419753)(0.037037, -0.493827)(-0.0452675, -0.45679)(-0.0576132, -0.37037)
descriptor[i][.]=(409, 250)(-0.126761, -0.465021)(0.0985915, -0.497942)(-0.211268, 0.502058)(0.169014, 0.45679)
				 (409, 250)(-0.037037, -0.465021)(0.0288066, -0.497942)(-0.0617284, 0.502058)(0.0493827, 0.45679)
				 (409, 250)(0.0123457, -0.497942)(-0.00823045, -0.386831)(-0.0987654, -0.271605)(-0.0946502, -0.111111)(-0.0864198, 0.0493827)(-0.00411523, 0.1893)(-0.0781893, 0.337449)(-0.090535, 0.452675)(0.0288066, 0.465021)(0.0740741, 0.320988)(0.144033, 0.176955)(0.0658436, 0.0246914)(0.131687, -0.090535)(0.0493827, -0.197531)(0.0617284, -0.358025)
				 (409, 250)(0.00411523, 0.218107)(0.0823045, 0.288066)(0.0534979, 0.00411523)(0.0576132, -0.135802)(-0.00823045, -0.374486)(-0.0288066, 0.123457)(-0.0452675, 0.115226)(0.00411523, 0.218107)(-0.139918, 0.390947)(-0.0699588, 0.497942)(-0.0123457, 0.502058)(0.0493827, 0.45679)(0.0823045, 0.288066)(0.0699588, 0.0246914)(0.115226, -0.0534979)(0.131687, -0.106996)(0.0699588, -0.386831)(0.0493827, -0.477366)(-0.037037, -0.465021)(-0.0576132, -0.440329)(-0.0576132, -0.353909)(-0.090535, -0.329218)
descriptor[i][.]=(418, 250)(-0.0810811, -0.497942)(0.0135135, -0.497942)(-0.216216, 0.502058)(0.135135, 0.489712)
				 (418, 250)(-0.0246914, -0.497942)(0.00411523, -0.497942)(-0.0658436, 0.502058)(0.0411523, 0.489712)
				 (418, 250)(-0.0246914, -0.497942)(-0.0823045, -0.378601)(-0.135802, -0.226337)(-0.115226, -0.0658436)(-0.0740741, 0.0864198)(-0.0288066, 0.246914)(-0.123457, 0.386831)(-0.0329218, 0.485597)(0.0246914, 0.423868)(0.0987654, 0.271605)(0.123457, 0.127572)(0.0534979, -0.0246914)(0.135802, -0.127572)(0.0493827, -0.218107)(0.0534979, -0.378601)
				 (418, 250)(-0.0246914, 0.218107)(0.0246914, 0.407407)(0.0452675, -0.00411523)(0.0493827, -0.148148)(-0.0740741, -0.358025)(-0.115226, -0.0864198)(-0.0740741, 0.345679)(0.0823045, 0.288066)(0.0781893, -0.0658436)(-0.119342, -0.0164609)(-0.115226, 0.0164609)(-0.0288066, 0.213992)(-0.0740741, 0.345679)(-0.0740741, 0.497942)(0.0411523, 0.489712)(0.0246914, 0.407407)(0.0823045, 0.296296)(0.0452675, -0.00411523)(0.0781893, -0.0658436)(0.144033, -0.0823045)(0.0576132, -0.300412)(0.0452675, -0.465021)(-0.0246914, -0.497942)(-0.0781893, -0.469136)(-0.0987654, -0.403292)(-0.0740741, -0.358025)
descriptor[i][.]=(422, 250)(-0.0722892, -0.5)(0.0361446, -0.496032)(-0.0963855, 0.484127)(0.361446, 0.5)
				 (422, 250)(-0.0238095, -0.5)(0.0119048, -0.496032)(-0.031746, 0.484127)(0.119048, 0.5)
				 (422, 250)(-0.0238095, -0.5)(-0.0595238, -0.369048)(-0.146825, -0.218254)(-0.0992063, -0.0674603)(-0.0595238, 0.103175)(-0.0634921, 0.27381)(-0.0992063, 0.436508)(0.0396825, 0.484127)(0.0873016, 0.456349)(0.0833333, 0.305556)(0.115079, 0.134921)(0.0515873, -0.0277778)(0.166667, -0.130952)(0.047619, -0.198413)(0.0515873, -0.369048)
				 (422, 250)(-0.0436508, 0.154762)(0.0515873, -0.0436508)(0.0555556, -0.166667)(-0.0595238, -0.365079)(-0.0992063, -0.0753968)(0.047619, 0.416667)(-0.107143, -0.00793651)(-0.047619, 0.150794)(-0.103175, 0.464286)(0.119048, 0.5)(0.126984, 0.198413)(0.162698, -0.115079)(0.0396825, -0.47619)(-0.0873016, -0.416667)
descriptor[i][.]=(426, 249)(-0.0348837, -0.496063)(0.104651, -0.5)(-0.104651, 0.484252)(0.465116, 0.484252)
				 (426, 249)(-0.011811, -0.496063)(0.0354331, -0.5)(-0.0354331, 0.484252)(0.15748, 0.484252)
				 (426, 249)(0.015748, -0.5)(-0.0866142, -0.385827)(-0.149606, -0.216535)(-0.106299, -0.0590551)(-0.0551181, 0.110236)(-0.0748031, 0.279528)(-0.114173, 0.448819)(0.0393701, 0.484252)(0.137795, 0.46063)(0.0944882, 0.318898)(0.102362, 0.15748)(0.0551181, -0.00787402)(0.153543, -0.122047)(0.0590551, -0.185039)(0.0551181, -0.354331)
				 (426, 249)(-0.0433071, 0.169291)(0.0511811, -0.0314961)(0.0590551, -0.177165)(-0.0905512, -0.322835)(0.0787402, 0.425197)(0.0669291, -0.0905512)(-0.114173, 0.456693)(0.0748031, 0.5)(0.15748, 0.484252)(0.0511811, -0.0314961)(0.0669291, -0.0905512)(0.122047, -0.102362)(0.165354, -0.129921)(0.0669291, -0.314961)(0.0433071, -0.496063)(-0.0393701, -0.488189)(-0.0905512, -0.322835)(-0.15748, -0.208661)
descriptor[i][.]=(433, 249)(-0.0121951, -0.5)(0, -0.5)(-0.170732, 0.484252)(0.207317, 0.5)
				 (433, 249)(-0.00393701, -0.5)(0, -0.5)(-0.0551181, 0.484252)(0.0669291, 0.5)
				 (433, 249)(-0.00393701, -0.5)(-0.0905512, -0.389764)(-0.141732, -0.232283)(-0.106299, -0.0708661)(-0.0748031, 0.0944882)(-0.0669291, 0.259843)(-0.133858, 0.409449)(-0.011811, 0.484252)(0.110236, 0.464567)(0.0708661, 0.311024)(0.0866142, 0.153543)(0.0472441, -0.011811)(0.149606, -0.114173)(0.0511811, -0.185039)(0.0511811, -0.350394)
				 (433, 249)(-0.0433071, 0.173228)(0.0472441, -0.015748)(0.0511811, -0.165354)(-0.0866142, -0.350394)(-0.106299, -0.0787402)(-0.0748031, 0.283465)(0.0708661, 0.433071)(0.0629921, -0.0826772)(-0.114173, -0.011811)(-0.0551181, 0.153543)(-0.0748031, 0.267717)(-0.106299, 0.311024)(-0.137795, 0.413386)(-0.133858, 0.452756)(0.122047, 0.480315)(0.0944882, 0.181102)(0.0472441, -0.015748)(0.0629921, -0.0826772)(0.129921, -0.0944882)(0.161417, -0.145669)(0.0551181, -0.30315)(0, -0.5)(-0.0629921, -0.484252)(-0.0866142, -0.350394)(-0.149606, -0.220472)
descriptor[i][.]=(437, 250)(-0.0666667, -0.5)(0.04, -0.5)(-0.253333, 0.484127)(0.173333, 0.5)
				 (437, 250)(-0.0198413, -0.5)(0.0119048, -0.5)(-0.0753968, 0.484127)(0.0515873, 0.5)
				 (437, 250)(-0.0198413, -0.5)(-0.0912698, -0.365079)(-0.134921, -0.202381)(-0.123016, -0.0436508)(-0.0674603, 0.115079)(-0.0595238, 0.27381)(-0.134921, 0.420635)(-0.00396825, 0.496032)(0.0714286, 0.452381)(0.0595238, 0.301587)(0.103175, 0.146825)(0.0555556, -0.00396825)(0.146825, -0.119048)(0.047619, -0.206349)(0.047619, -0.369048)
				 (437, 250)(-0.031746, 0.198413)(0.0515873, -0.0238095)(0.047619, -0.15873)(-0.111111, -0.0992063)(0.0436508, 0.428571)(-0.115079, -0.103175)(-0.126984, -0.015873)(-0.0357143, 0.194444)(-0.0833333, 0.480159)(0.107143, 0.480159)(0.150794, -0.0912698)(0.047619, -0.43254)(0.0198413, -0.496032)(-0.0198413, -0.5)(-0.0873016, -0.444444)
