runDescr0.dat
size1 29
size3 30
beh_type.id 9
sizes[]=39 38 38 37 44 47 48 50 48 49 49 52 49 46 53 42 46 45 51 41 47 43 44 48 48 47 38 47 46 
thresholds[]=0.16 0.16 0.16 0.16 0.16 0.16 0.16 0.16 0.16 0.16 0.16 0.16 0.16 0.16 0.16 0.16 0.16 0.16 0.16 0.16 0.16 0.16 0.16 0.16 0.16 0.16 0.16 0.16 0.16 
map[0][.]=0 1 0 0 0 0 0 0 0 0 0 0 0 0 0 0 0 0 0 0 0 0 0 0 0 0 0 0 0 0 
map[1][.]=0 0 1 0 0 0 0 0 0 0 0 0 0 0 0 0 0 0 0 0 0 0 0 0 0 0 0 0 0 0 
map[2][.]=0 0 0 1 0 0 0 0 0 0 0 0 0 0 0 0 0 0 0 0 0 0 0 0 0 0 0 0 0 0 
map[3][.]=0 0 0 0 1 0 0 0 0 0 0 0 0 0 0 0 0 0 0 0 0 0 0 0 0 0 0 0 0 0 
map[4][.]=0 0 0 0 0 1 0 0 0 0 0 0 0 0 0 0 0 0 0 0 0 0 0 0 0 0 0 0 0 0 
map[5][.]=0 0 0 0 0 0 1 0 0 0 0 0 0 0 0 0 0 0 0 0 0 0 0 0 0 0 0 0 0 0 
map[6][.]=0 0 0 0 0 0 0 1 0 0 0 0 0 0 0 0 0 0 0 0 0 0 0 0 0 0 0 0 0 0 
map[7][.]=0 0 0 0 0 0 0 0 1 0 0 0 0 0 0 0 0 0 0 0 0 0 0 0 0 0 0 0 0 0 
map[8][.]=0 0 0 0 0 0 0 0 0 1 0 0 0 0 0 0 0 0 0 0 0 0 0 0 0 0 0 0 0 0 
map[9][.]=0 0 0 0 0 0 0 0 0 0 1 0 0 0 0 0 0 0 0 0 0 0 0 0 0 0 0 0 0 0 
map[10][.]=0 0 0 0 0 0 0 0 0 0 0 1 0 0 0 0 0 0 0 0 0 0 0 0 0 0 0 0 0 0 
map[11][.]=0 0 0 0 0 0 0 0 0 0 0 0 1 0 0 0 0 0 0 0 0 0 0 0 0 0 0 0 0 0 
map[12][.]=0 0 0 0 0 0 0 0 0 0 0 0 0 1 0 0 0 0 0 0 0 0 0 0 0 0 0 0 0 0 
map[13][.]=0 0 0 0 0 0 0 0 0 0 0 0 0 0 1 0 0 0 0 0 0 0 0 0 0 0 0 0 0 0 
map[14][.]=0 0 0 0 0 0 0 0 0 0 0 0 0 0 0 1 0 0 0 0 0 0 0 0 0 0 0 0 0 0 
map[15][.]=0 0 0 0 0 0 0 0 0 0 0 0 0 0 0 0 1 0 0 0 0 0 0 0 0 0 0 0 0 0 
map[16][.]=0 0 0 0 0 0 0 0 0 0 0 0 0 0 0 0 0 1 0 0 0 0 0 0 0 0 0 0 0 0 
map[17][.]=0 0 0 0 0 0 0 0 0 0 0 0 0 0 0 0 0 0 1 0 0 0 0 0 0 0 0 0 0 0 
map[18][.]=0 0 0 0 0 0 0 0 0 0 0 0 0 0 0 0 0 0 0 1 0 0 0 0 0 0 0 0 0 0 
map[19][.]=0 0 0 0 0 0 0 0 0 0 0 0 0 0 0 0 0 0 0 0 1 0 0 0 0 0 0 0 0 0 
map[20][.]=0 0 0 0 0 0 0 0 0 0 0 0 0 0 0 0 0 0 0 0 0 1 0 0 0 0 0 0 0 0 
map[21][.]=0 0 0 0 0 0 0 0 0 0 0 0 0 0 0 0 0 0 0 0 0 0 1 0 0 0 0 0 0 0 
map[22][.]=0 0 0 0 0 0 0 0 0 0 0 0 0 0 0 0 0 0 0 0 0 0 0 1 0 0 0 0 0 0 
map[23][.]=0 0 0 0 0 0 0 0 0 0 0 0 0 0 0 0 0 0 0 0 0 0 0 0 1 0 0 0 0 0 
map[24][.]=0 0 0 0 0 0 0 0 0 0 0 0 0 0 0 0 0 0 0 0 0 0 0 0 0 1 0 0 0 0 
map[25][.]=0 0 0 0 0 0 0 0 0 0 0 0 0 0 0 0 0 0 0 0 0 0 0 0 0 0 1 0 0 0 
map[26][.]=0 0 0 0 0 0 0 0 0 0 0 0 0 0 0 0 0 0 0 0 0 0 0 0 0 0 0 1 0 0 
map[27][.]=0 0 0 0 0 0 0 0 0 0 0 0 0 0 0 0 0 0 0 0 0 0 0 0 0 0 0 0 1 0 
map[28][.]=0 0 0 0 0 0 0 0 0 0 0 0 0 0 0 0 0 0 0 0 0 0 0 0 0 0 0 0 0 1 
map[29][.]=0 0 0 0 0 0 0 0 0 0 0 0 0 0 0 0 0 0 0 0 0 0 0 0 0 0 0 0 0 0 
isLast[.]=false false false false false false false false false false false false false false false false false false false false false false false false false false false false false true 
descriptor[i][.]=(105, 291)(-0.0289855, -0.451178)(0.405797, -0.498316)(-0.289855, 0.501684)(0.130435, 0.501684)
				 (105, 291)(-0.00673401, -0.451178)(0.0942761, -0.498316)(-0.0673401, 0.501684)(0.030303, 0.501684)
				 (105, 291)(0.0942761, -0.498316)(-0.010101, -0.414141)(-0.0942761, -0.296296)(-0.10101, -0.144781)(-0.104377, 0.003367)(-0.0841751, 0.154882)(-0.0976431, 0.306397)(-0.111111, 0.454545)(0.016835, 0.501684)(0.047138, 0.387205)(0.0808081, 0.239057)(0.10101, 0.0875421)(0.114478, -0.0639731)(0.10101, -0.215488)(0.0707071, -0.356902)
				 (105, 291)(0.0572391, -0.326599)(-0.016835, -0.373737)(-0.111111, 0.464646)(0.030303, 0.501684)(0.0639731, 0.47138)(0.117845, -0.040404)(0.0942761, -0.383838)(0.107744, -0.484848)(0.0606061, -0.488215)(-0.00673401, -0.451178)(-0.016835, -0.377104)(-0.0505051, -0.363636)
descriptor[i][.]=(106, 292)(-0.0289855, -0.450847)(0.304348, -0.498305)(-0.434783, 0.501695)(0.0289855, 0.501695)
				 (106, 292)(-0.00677966, -0.450847)(0.0711864, -0.498305)(-0.101695, 0.501695)(0.00677966, 0.501695)
				 (106, 292)(0.0644068, -0.498305)(-0.0169492, -0.383051)(-0.105085, -0.261017)(-0.0949153, -0.108475)(-0.0915254, 0.040678)(-0.0881356, 0.19322)(-0.108475, 0.342373)(-0.108475, 0.494915)(0.0338983, 0.488136)(0.0542373, 0.352542)(0.0847458, 0.20339)(0.108475, 0.0508475)(0.111864, -0.0983051)(0.101695, -0.250847)(0.0949153, -0.383051)
				 (106, 292)(0.0610169, -0.332203)(-0.0135593, -0.386441)(-0.108475, 0.498305)(0.0271186, 0.498305)(0.0610169, 0.471186)(0.0644068, -0.328814)(0.0983051, -0.383051)(0.115254, -0.477966)(0.0711864, -0.498305)(0, -0.457627)(-0.0135593, -0.389831)
descriptor[i][.]=(108, 292)(-0.0273973, -0.386441)(0.342466, -0.498305)(-0.369863, 0.501695)(0.0684932, 0.501695)
				 (108, 292)(-0.00677966, -0.386441)(0.0847458, -0.498305)(-0.0915254, 0.501695)(0.0169492, 0.501695)
				 (108, 292)(0.0711864, -0.498305)(-0.00677966, -0.383051)(-0.0949153, -0.261017)(-0.0983051, -0.115254)(-0.101695, 0.0338983)(-0.0915254, 0.186441)(-0.105085, 0.335593)(-0.115254, 0.484746)(0.0271186, 0.491525)(0.0508475, 0.355932)(0.0847458, 0.20339)(0.108475, 0.0542373)(0.108475, -0.0915254)(0.101695, -0.240678)(0.0983051, -0.379661)
				 (108, 292)(0.0677966, -0.345763)(-0.00677966, -0.383051)(0.0169492, 0.501695)(0.0542373, 0.471186)(0.111864, -0.4)(0.125424, -0.474576)(0.0847458, -0.498305)(0.0169492, -0.461017)(-0.00677966, -0.386441)(-0.0305085, -0.372881)(-0.0915254, -0.305085)
descriptor[i][.]=(111, 294)(-0.179487, -0.364261)(0.461538, -0.498282)(-0.461538, 0.501718)(0.0128205, 0.498282)
				 (111, 294)(-0.04811, -0.364261)(0.123711, -0.498282)(-0.123711, 0.501718)(0.00343643, 0.498282)
				 (111, 294)(0.0824742, -0.498282)(0.00343643, -0.398625)(-0.0893471, -0.271478)(-0.103093, -0.116838)(-0.113402, 0.0378007)(-0.0927835, 0.19244)(-0.116838, 0.347079)(-0.127148, 0.498282)(0.0206186, 0.477663)(0.0618557, 0.367698)(0.130584, 0.226804)(0.113402, 0.0687285)(0.103093, -0.0859107)(0.103093, -0.243986)(0.113402, -0.388316)
				 (111, 294)(0.0343643, 0.412371)(0.0137457, -0.405498)(-0.130584, 0.498282)(-0.00343643, 0.501718)(0.113402, 0.28866)(0.127148, 0.254296)(0.130584, -0.494845)(0.0171821, -0.477663)(0.0137457, -0.405498)(-0.0756014, -0.33677)
descriptor[i][.]=(119, 296)(-0.229167, -0.340278)(0.395833, -0.5)(-0.447917, 0.5)(0.0729167, 0.454861)
				 (119, 296)(-0.0763889, -0.340278)(0.131944, -0.5)(-0.149306, 0.5)(0.0243056, 0.454861)
				 (119, 296)(0.100694, -0.5)(-0.0104167, -0.388889)(-0.0972222, -0.256944)(-0.125, -0.0902778)(-0.114583, 0.0729167)(-0.107639, 0.243056)(-0.152778, 0.402778)(-0.0868056, 0.496528)(0.0347222, 0.447917)(0.0868056, 0.336806)(0.166667, 0.177083)(0.107639, 0.0138889)(0.163194, -0.114583)(0.09375, -0.222222)(0.100694, -0.371528)
				 (119, 296)(-0.0243056, 0.444444)(0.0625, 0.381944)(0.09375, -0.0555556)(0.0729167, -0.326389)(0.0868056, -0.166667)(-0.15625, 0.496528)(0.0902778, 0.440972)(0.0625, 0.381944)(0.149306, 0.25)(0.104167, -0.0381944)(0.149306, -0.0902778)(0.166667, -0.121528)(0.159722, -0.149306)(0.100694, -0.28125)(0.0763889, -0.322917)(0.142361, -0.489583)(0.0381944, -0.479167)
descriptor[i][.]=(122, 295)(-0.0582524, -0.380623)(0.475728, -0.49481)(-0.349515, 0.50173)(0.407767, 0.474048)
				 (122, 295)(-0.0207612, -0.380623)(0.16955, -0.49481)(-0.124567, 0.50173)(0.145329, 0.474048)
				 (122, 295)(0.145329, -0.49827)(0.0276817, -0.401384)(-0.0726644, -0.259516)(-0.110727, -0.0865052)(-0.0934256, 0.0899654)(-0.117647, 0.266436)(-0.155709, 0.435986)(-0.0588235, 0.50173)(0.0761246, 0.474048)(0.0968858, 0.387543)(0.16955, 0.214533)(0.141869, 0.0484429)(0.117647, -0.117647)(0.117647, -0.186851)(0.114187, -0.359862)
				 (122, 295)(0.0207612, 0.442907)(0.0934256, 0.394464)(0.110727, -0.107266)(0.103806, -0.342561)(0.0449827, -0.408304)(0.107266, -0.197232)(0.0207612, 0.442907)(0.0622837, 0.467128)(0.145329, 0.474048)(0.0934256, 0.394464)(0.15917, 0.252595)(0.15917, -0.121107)(0.176471, -0.186851)(0.107266, -0.33218)(0.138408, -0.373702)(0.179931, -0.477509)(0.152249, -0.49827)(0.0692042, -0.484429)(0.0449827, -0.411765)(-0.0380623, -0.366782)
descriptor[i][.]=(137, 295)(-0.0277778, -0.387543)(0.425926, -0.49481)(-0.398148, 0.50173)(0.157407, 0.474048)
				 (137, 295)(-0.0103806, -0.387543)(0.15917, -0.49481)(-0.148789, 0.50173)(0.0588235, 0.474048)
				 (137, 295)(0.0484429, -0.49827)(-0.0242215, -0.377163)(-0.107266, -0.235294)(-0.124567, -0.0692042)(-0.0934256, 0.0795848)(-0.0865052, 0.245675)(-0.179931, 0.397924)(-0.110727, 0.50173)(0.0380623, 0.470588)(0.0726644, 0.346021)(0.110727, 0.183391)(0.107266, 0.017301)(0.114187, -0.145329)(0.103806, -0.311419)(0.176471, -0.453287)
				 (137, 295)(-0.0726644, 0.207612)(-0.0553633, 0.467128)(0.0380623, 0.408304)(0.100346, -0.3391)(0.0380623, -0.404844)(-0.0968858, 0)(0.103806, -0.121107)(-0.0726644, 0.207612)(-0.183391, 0.401384)(-0.186851, 0.484429)(-0.0934256, 0.50173)(-0.0553633, 0.467128)(0.0588235, 0.474048)(0.0380623, 0.408304)(0.131488, -0.0311419)(0.107266, -0.117647)(0.124567, -0.245675)(0.152249, -0.380623)(0.186851, -0.463668)(0.0484429, -0.49827)(0.0380623, -0.408304)
descriptor[i][.]=(153, 300)(-0.0277778, -0.4)(0.453704, -0.5)(-0.296296, 0.5)(0.0462963, 0.485714)
				 (153, 300)(-0.0107143, -0.4)(0.175, -0.5)(-0.114286, 0.5)(0.0178571, 0.485714)
				 (153, 300)(0.164286, -0.5)(0.0392857, -0.417857)(-0.103571, -0.310714)(-0.142857, -0.157143)(-0.103571, 0.00714286)(-0.0321429, 0.175)(-0.142857, 0.317857)(-0.135714, 0.467857)(0.0178571, 0.485714)(0.025, 0.332143)(0.107143, 0.178571)(0.0821429, 0.0107143)(0.185714, -0.0785714)(0.107143, -0.2)(0.121429, -0.367857)
				 (153, 300)(-0.0321429, 0.196429)(-0.0214286, 0.403571)(0.0892857, -0.0392857)(0.0892857, -0.15)(0.0392857, -0.414286)(-0.121429, -0.121429)(0.075, 0.1)(0.1, -0.342857)(-0.121429, -0.121429)(-0.0321429, 0.196429)(-0.192857, 0.385714)(-0.121429, 0.496429)(0.0178571, 0.485714)(0.1, 0.235714)(0.0928571, -0.00714286)(0.153571, -0.0321429)(0.185714, -0.075)(0.0892857, -0.15)(0.146429, -0.375)(0.192857, -0.482143)(0.0785714, -0.489286)(0.0392857, -0.414286)(-0.157143, -0.253571)
descriptor[i][.]=(168, 296)(-0.0186916, -0.407666)(0.457944, -0.494774)(-0.11215, 0.501742)(0.168224, 0.501742)
				 (168, 296)(-0.00696864, -0.407666)(0.170732, -0.494774)(-0.0418118, 0.501742)(0.0627178, 0.501742)
				 (168, 296)(0.0627178, -0.498258)(-0.0418118, -0.38676)(-0.170732, -0.250871)(-0.135889, -0.087108)(-0.0801394, 0.0836237)(-0.10453, 0.261324)(-0.181185, 0.425087)(-0.0348432, 0.501742)(0.0243902, 0.442509)(0.0627178, 0.268293)(0.0662021, 0.0905923)(0.0836237, -0.0836237)(0.142857, -0.15331)(0.10453, -0.292683)(0.181185, -0.43554)
				 (168, 296)(-0.0557491, 0.146341)(0.0836237, -0.0905923)(0.0905923, -0.198606)(0.0348432, -0.414634)(-0.132404, -0.149826)(0.0174216, 0.418118)(0.0940767, -0.348432)(-0.0557491, 0.146341)(-0.184669, 0.428571)(-0.156794, 0.470383)(0.0627178, 0.501742)(0.0174216, 0.418118)(0.167247, -0.097561)(0.181185, -0.132404)(0.0905923, -0.198606)(0.10453, -0.320557)(0.188153, -0.480836)(0.0731707, -0.498258)(0.0348432, -0.414634)(-0.00696864, -0.407666)(-0.15331, -0.296167)
descriptor[i][.]=(189, 296)(-0.156863, -0.376307)(0.382353, -0.498258)(-0.323529, 0.501742)(0.0294118, 0.484321)
				 (189, 296)(-0.0557491, -0.376307)(0.135889, -0.498258)(-0.114983, 0.501742)(0.010453, 0.484321)
				 (189, 296)(0.135889, -0.498258)(0.0278746, -0.414634)(-0.101045, -0.310105)(-0.139373, -0.156794)(-0.132404, -0.00696864)(-0.087108, 0.149826)(-0.118467, 0.303136)(-0.146341, 0.432056)(-0.0348432, 0.498258)(0, 0.390244)(0.0940767, 0.247387)(0.0940767, 0.0905923)(0.0836237, -0.0731707)(0.0731707, -0.229965)(0.125436, -0.362369)
				 (189, 296)(-0.0801394, 0.226481)(0.0174216, 0.327526)(0.0731707, -0.33101)(0.0418118, -0.425087)(-0.135889, -0.146341)(-0.097561, 0.285714)(-0.0174216, 0.425087)(-0.156794, -0.0383275)(-0.0801394, 0.226481)(-0.097561, 0.28223)(-0.121951, 0.498258)(-0.010453, 0.501742)(0.010453, 0.484321)(-0.0174216, 0.425087)(0.0174216, 0.337979)(0.0801394, 0.268293)(0.111498, 0.226481)(0.1777, -0.456446)(0.142857, -0.494774)(0.111498, -0.494774)(0.0592334, -0.480836)(0.0418118, -0.425087)
descriptor[i][.]=(203, 296)(-0.0761905, -0.369338)(0.152381, -0.498258)(-0.466667, 0.501742)(0.0285714, 0.466899)
				 (203, 296)(-0.0278746, -0.369338)(0.0557491, -0.498258)(-0.170732, 0.501742)(0.010453, 0.466899)
				 (203, 296)(0.0557491, -0.498258)(-0.0278746, -0.369338)(-0.108014, -0.212544)(-0.139373, -0.0418118)(-0.0940767, 0.12892)(-0.114983, 0.303136)(-0.181185, 0.456446)(-0.0522648, 0.484321)(0.00696864, 0.369338)(0.135889, 0.236934)(0.111498, 0.0696864)(0.0801394, -0.097561)(0.111498, -0.174216)(0.0766551, -0.303136)(0.1777, -0.428571)
				 (203, 296)(-0.0836237, 0.195122)(0, 0.376307)(0.0662021, -0.191638)(0.0209059, -0.390244)(0.0731707, -0.0592334)(0.0801394, -0.327526)(-0.087108, 0.198606)(-0.181185, 0.449477)(-0.1777, 0.498258)(-0.00348432, 0.473868)(0.0243902, 0.452962)(0.125436, 0.254355)(0.15331, -0.114983)(0.167247, -0.149826)(0.0662021, -0.191638)(0.0801394, -0.324042)(0.121951, -0.337979)(0.184669, -0.439024)(0.0557491, -0.498258)(0.0209059, -0.390244)(-0.0278746, -0.369338)(-0.0592334, -0.351916)
descriptor[i][.]=(216, 297)(-0.00840336, -0.405594)(0.478992, -0.493007)(-0.428571, 0.5)(0.285714, 0.486014)
				 (216, 297)(-0.0034965, -0.405594)(0.199301, -0.493007)(-0.178322, 0.5)(0.118881, 0.486014)
				 (216, 297)(0.164336, -0.5)(0.00699301, -0.409091)(-0.0734266, -0.237762)(-0.118881, -0.0454545)(-0.0839161, 0.146853)(-0.157343, 0.339161)(-0.164336, 0.496503)(-0.0769231, 0.398601)(-0.020979, 0.472028)(0.101399, 0.447552)(0.115385, 0.251748)(0.108392, 0.0594406)(0.111888, -0.132867)(0.101399, -0.199301)(0.125874, -0.374126)
				 (216, 297)(-0.0944056, 0.216783)(-0.0384615, 0.34965)(0.0909091, -0.321678)(0.0384615, -0.423077)(-0.0839161, 0.0454545)(-0.0874126, 0.426573)(0.101399, -0.0979021)(0.0944056, -0.202797)(-0.0874126, 0.041958)(-0.0944056, 0.216783)(-0.206294, 0.423077)(-0.185315, 0.496503)(-0.0769231, 0.5)(-0.0874126, 0.426573)(-0.013986, 0.482517)(0.118881, 0.486014)(0.174825, -0.13986)(0.178322, -0.188811)(0.0979021, -0.262238)(0.20979, -0.465035)(0.174825, -0.5)(0.0909091, -0.496503)(0.0384615, -0.423077)(0.0034965, -0.409091)(-0.034965, -0.388112)
descriptor[i][.]=(234, 298)(-0.0495868, -0.383803)(0.471074, -0.475352)(-0.338843, 0.5)(0.165289, 0.5)
				 (234, 298)(-0.0211268, -0.383803)(0.200704, -0.475352)(-0.144366, 0.5)(0.0704225, 0.5)
				 (234, 298)(0.102113, -0.5)(-0.0105634, -0.387324)(-0.0950704, -0.221831)(-0.0950704, -0.056338)(-0.0528169, 0.112676)(-0.084507, 0.267606)(-0.211268, 0.373239)(-0.112676, 0.5)(0.0598592, 0.5)(0.0352113, 0.369718)(0.112676, 0.211268)(0.0915493, 0.0387324)(0.0985915, -0.123239)(0.102113, -0.295775)(0.197183, -0.419014)
				 (234, 298)(-0.0211268, 0.18662)(0.0176056, 0.408451)(0.102113, -0.338028)(0.0633803, -0.422535)(-0.0774648, -0.105634)(0.084507, 0.0105634)(-0.0809859, -0.102113)(-0.105634, -0.028169)(-0.200704, 0.338028)(-0.169014, 0.482394)(0.0704225, 0.5)(0.0176056, 0.408451)(0.116197, 0.228873)(0.0950704, 0.0457746)(0.084507, 0.0105634)(0.172535, -0.369718)(0.214789, -0.46831)(0.105634, -0.5)(0.0739437, -0.478873)(0.0633803, -0.422535)(-0.0211268, -0.383803)(-0.056338, -0.323944)
descriptor[i][.]=(262, 302)(-0.101852, -0.408451)(0.481481, -0.489437)(-0.435185, 0.485915)(0.0740741, 0.5)
				 (262, 302)(-0.0387324, -0.408451)(0.183099, -0.489437)(-0.165493, 0.485915)(0.028169, 0.5)
				 (262, 302)(0.102113, -0.5)(-0.0492958, -0.397887)(-0.169014, -0.264085)(-0.119718, -0.0985915)(-0.0809859, 0.0704225)(-0.102113, 0.242958)(-0.183099, 0.408451)(-0.0739437, 0.496479)(-0.00352113, 0.43662)(0.056338, 0.278169)(0.0915493, 0.119718)(0.056338, -0.0492958)(0.130282, -0.15493)(0.0739437, -0.278169)(0.161972, -0.401408)
				 (262, 302)(-0.0669014, 0.109155)(-0.00704225, 0.369718)(0.0739437, -0.348592)(-0.119718, -0.15493)(0.056338, -0.084507)(0.0598592, -0.183099)(-0.123239, -0.158451)(-0.137324, -0.0492958)(-0.0669014, 0.109155)(-0.190141, 0.457746)(0.028169, 0.5)(-0.00704225, 0.369718)(0.102113, 0.228873)(0.0598592, -0.0739437)(0.133803, -0.112676)(0.130282, -0.158451)(0.130282, -0.373239)(0.161972, -0.397887)(0.190141, -0.485915)
descriptor[i][.]=(276, 296)(-0.0163934, -0.40339)(0.401639, -0.488136)(-0.352459, 0.488136)(0.245902, 0.501695)
				 (276, 296)(-0.00677966, -0.40339)(0.166102, -0.488136)(-0.145763, 0.488136)(0.101695, 0.501695)
				 (276, 296)(0.122034, -0.498305)(-0.0169492, -0.39661)(-0.135593, -0.233898)(-0.115254, -0.0474576)(-0.0440678, 0.138983)(-0.145763, 0.315254)(-0.152542, 0.481356)(-0.0813559, 0.39322)(-0.0271186, 0.450847)(0.122034, 0.481356)(0.0915254, 0.288136)(0.0779661, 0.0949153)(0.0881356, -0.101695)(0.0881356, -0.20678)(0.152542, -0.362712)
				 (276, 296)(-0.040678, 0.135593)(-0.0372881, 0.332203)(0.0915254, -0.338983)(0.0474576, -0.420339)(-0.0847458, -0.159322)(-0.0847458, 0.40339)(0.0745763, 0.0305085)(0.0847458, -0.179661)(-0.0881356, -0.162712)(-0.115254, -0.0440678)(-0.20678, 0.4)(-0.152542, 0.484746)(-0.0610169, 0.488136)(-0.0847458, 0.40339)(-0.00338983, 0.498305)(0.128814, 0.491525)(0.0745763, 0.0305085)(0.155932, -0.132203)(0.101695, -0.264407)(0.145763, -0.359322)(0.183051, -0.39322)(0.172881, -0.484746)(0.128814, -0.498305)(0.0813559, -0.494915)(0.0474576, -0.420339)(-0.00677966, -0.40339)
descriptor[i][.]=(310, 302)(-0.137255, -0.387324)(0.470588, -0.478873)(-0.333333, 0.5)(0, 0.5)
				 (310, 302)(-0.0492958, -0.387324)(0.169014, -0.478873)(-0.119718, 0.5)(0, 0.5)
				 (310, 302)(0.0492958, -0.5)(-0.056338, -0.380282)(-0.112676, -0.228873)(-0.126761, -0.0598592)(-0.084507, 0.102113)(-0.0809859, 0.257042)(-0.165493, 0.380282)(-0.0774648, 0.5)(-0.00352113, 0.419014)(0.084507, 0.257042)(0.102113, 0.105634)(0.0704225, -0.0598592)(0.0669014, -0.158451)(0.0633803, -0.323944)(0.172535, -0.43662)
				 (310, 302)(-0.0457746, 0.221831)(-0.0176056, 0.447183)(0.0598592, -0.302817)(0.0422535, -0.440141)(0.0633803, -0.0492958)(0.0633803, -0.161972)(-0.161972, 0.306338)(-0.133803, 0.485915)(0, 0.5)(-0.0176056, 0.447183)(0.130282, -0.109155)(0.133803, -0.366197)(0.179577, -0.471831)(0.0598592, -0.5)(-0.0492958, -0.387324)
descriptor[i][.]=(328, 299)(-0.0446429, -0.389262)(0.294643, -0.5)(-0.339286, 0.5)(0.0892857, 0.473154)
				 (328, 299)(-0.0167785, -0.389262)(0.110738, -0.5)(-0.127517, 0.5)(0.033557, 0.473154)
				 (328, 299)(0.107383, -0.5)(-0.0268456, -0.379195)(-0.0838926, -0.208054)(-0.110738, -0.033557)(-0.0704698, 0.137584)(-0.120805, 0.308725)(-0.174497, 0.469799)(-0.0302013, 0.463087)(0.110738, 0.446309)(0.100671, 0.288591)(0.110738, 0.114094)(0.0671141, -0.057047)(0.14094, -0.177852)(0.0738255, -0.241611)(0.147651, -0.369128)
				 (328, 299)(-0.0671141, 0.177852)(-0.0100671, 0.456376)(0.0671141, -0.154362)(0.0738255, -0.338926)(0.0637584, 0.365772)(0.0771812, -0.231544)(-0.0671141, 0.177852)(-0.0469799, 0.493289)(-0.0100671, 0.456376)(0.0167785, 0.473154)(0.114094, 0.459732)(0.0637584, 0.365772)(0.151007, -0.177852)(0.171141, -0.228188)(0.137584, -0.248322)(0.130872, -0.35906)(0.184564, -0.432886)(0.147651, -0.483221)(0.110738, -0.5)
descriptor[i][.]=(346, 297)(-0.00826446, -0.378738)(0.214876, -0.498339)(-0.31405, 0.501661)(0.264463, 0.475083)
				 (346, 297)(-0.00332226, -0.378738)(0.0863787, -0.498339)(-0.126246, 0.501661)(0.106312, 0.475083)
				 (346, 297)(0.0863787, -0.498339)(-0.0232558, -0.352159)(-0.0797342, -0.182724)(-0.089701, -0.00332226)(-0.0199336, 0.17608)(-0.139535, 0.325581)(-0.149502, 0.478405)(-0.0465116, 0.401993)(0.0730897, 0.475083)(0.089701, 0.33887)(0.109635, 0.159468)(0.0930233, -0.0199336)(0.162791, -0.142857)(0.089701, -0.27907)(0.182724, -0.41196)
				 (346, 297)(-0.0199336, 0.196013)(-0.0431894, 0.398671)(0.0863787, -0.315615)(0.0598007, -0.421927)(0.0830565, -0.0963455)(0.0930233, -0.182724)(-0.13289, 0.498339)(-0.089701, 0.501661)(-0.0332226, 0.461794)(0.106312, 0.475083)(0.116279, 0.225914)(0.136213, -0.0996678)(0.162791, -0.146179)(0.159468, -0.358804)(0.199336, -0.425249)(0.0863787, -0.498339)(0.0598007, -0.421927)(-0.00332226, -0.378738)
descriptor[i][.]=(377, 302)(-0.107843, -0.388316)(0.313725, -0.498282)(-0.196078, 0.501718)(0.0294118, 0.47079)
				 (377, 302)(-0.0378007, -0.388316)(0.109966, -0.498282)(-0.0687285, 0.501718)(0.0103093, 0.47079)
				 (377, 302)(0.0721649, -0.498282)(-0.0412371, -0.38488)(-0.134021, -0.237113)(-0.116838, -0.0790378)(-0.0756014, 0.0721649)(-0.0584192, 0.233677)(-0.171821, 0.357388)(-0.0927835, 0.494845)(-0.0171821, 0.429553)(0.0652921, 0.28866)(0.109966, 0.14433)(0.0652921, -0.0171821)(0.0549828, -0.140893)(0.0618557, -0.302405)(0.154639, -0.412371)
				 (377, 302)(-0.0446735, 0.185567)(0.00343643, 0.357388)(0.0584192, -0.33677)(0.04811, -0.443299)(-0.109966, -0.151203)(-0.0687285, 0.264605)(0.0618557, 0.00687285)(0.0515464, -0.116838)(-0.109966, -0.151203)(-0.127148, -0.0412371)(-0.0446735, 0.185567)(-0.0687285, 0.264605)(-0.14433, 0.319588)(-0.171821, 0.357388)(-0.127148, 0.474227)(-0.0962199, 0.494845)(-0.0687285, 0.501718)(0.0103093, 0.47079)(0.0652921, 0.0103093)(0.116838, -0.353952)(0.175258, -0.457045)(0.0721649, -0.498282)(0.04811, -0.443299)(-0.0515464, -0.37457)
descriptor[i][.]=(395, 302)(-0.0545455, -0.424658)(0.481818, -0.493151)(-0.372727, 0.472603)(0.354545, 0.5)
				 (395, 302)(-0.0205479, -0.424658)(0.181507, -0.493151)(-0.140411, 0.472603)(0.133562, 0.5)
				 (395, 302)(0.0993151, -0.5)(-0.0376712, -0.400685)(-0.133562, -0.263699)(-0.106164, -0.0924658)(-0.0650685, 0.0787671)(-0.106164, 0.253425)(-0.188356, 0.424658)(-0.0273973, 0.486301)(0.140411, 0.489726)(0.0890411, 0.335616)(0.126712, 0.164384)(0.0856164, -0.010274)(0.116438, -0.160959)(0.0684932, -0.287671)(0.15411, -0.410959)
				 (395, 302)(-0.0650685, 0.143836)(0.0684932, -0.359589)(-0.0856164, -0.188356)(0.0719178, -0.232877)(-0.0993151, -0.140411)(-0.0650685, 0.143836)(-0.188356, 0.417808)(-0.15411, 0.465753)(0.133562, 0.5)(0.136986, -0.19863)(0.126712, -0.380137)(0.188356, -0.489726)(0.116438, -0.5)(-0.133562, -0.315068)
descriptor[i][.]=(415, 301)(-0.045045, -0.408163)(0.468468, -0.486395)(-0.0540541, 0.5)(0.351351, 0.5)
				 (415, 301)(-0.0170068, -0.408163)(0.176871, -0.486395)(-0.0204082, 0.5)(0.132653, 0.5)
				 (415, 301)(0.0952381, -0.5)(-0.0442177, -0.370748)(-0.085034, -0.197279)(-0.0986395, -0.0136054)(-0.0204082, 0.163265)(-0.142857, 0.306122)(-0.129252, 0.465986)(-0.0442177, 0.367347)(0.0170068, 0.5)(0.0918367, 0.459184)(0.105442, 0.27551)(0.105442, 0.0918367)(0.0952381, -0.0952381)(0.0748299, -0.261905)(0.153061, -0.394558)
				 (415, 301)(-0.0204082, 0.173469)(-0.0408163, 0.363946)(0.0714286, -0.357143)(-0.0748299, -0.170068)(-0.0782313, 0.387755)(0.0884354, -0.180272)(-0.176871, 0.329932)(-0.187075, 0.37415)(-0.156463, 0.445578)(-0.102041, 0.486395)(-0.0748299, 0.408163)(-0.0442177, 0.367347)(-0.0442177, 0.438776)(-0.0272109, 0.496599)(0.132653, 0.5)(0.122449, -0.136054)(0.0884354, -0.180272)(0.146259, -0.384354)(0.190476, -0.479592)(0.102041, -0.5)
descriptor[i][.]=(444, 304)(-0.126316, -0.407666)(0.4, -0.498258)(-0.357895, 0.501742)(0.0210526, 0.501742)
				 (444, 304)(-0.0418118, -0.407666)(0.132404, -0.498258)(-0.118467, 0.501742)(0.00696864, 0.501742)
				 (444, 304)(0.118467, -0.498258)(-0.0313589, -0.41115)(-0.108014, -0.264808)(-0.121951, -0.097561)(-0.087108, 0.0627178)(-0.0487805, 0.229965)(-0.163763, 0.358885)(-0.10453, 0.501742)(-0.0139373, 0.449477)(0.0627178, 0.289199)(0.108014, 0.139373)(0.0662021, -0.0278746)(0.135889, -0.135889)(0.0557491, -0.243902)(0.101045, -0.376307)
				 (444, 304)(-0.0348432, 0.209059)(-0.0174216, 0.439024)(0.0452962, -0.351916)(0.0557491, -0.0662021)(0.0522648, -0.188153)(-0.149826, 0.313589)(-0.125436, 0.498258)(0.00696864, 0.501742)(-0.0174216, 0.439024)(0.12892, -0.121951)(0.118467, -0.174216)(0.139373, -0.404181)(0.167247, -0.470383)(0.132404, -0.498258)(0.0731707, -0.491289)(-0.10453, -0.30662)
descriptor[i][.]=(459, 298)(-0.115385, -0.384615)(0.471154, -0.494983)(-0.278846, 0.501672)(0.240385, 0.488294)
				 (459, 298)(-0.0401338, -0.384615)(0.16388, -0.494983)(-0.09699, 0.501672)(0.083612, 0.488294)
				 (459, 298)(0.0668896, -0.498328)(-0.0501672, -0.367893)(-0.137124, -0.207358)(-0.103679, -0.0334448)(-0.0535117, 0.137124)(-0.110368, 0.311037)(-0.160535, 0.471572)(-0.00334448, 0.474916)(0.107023, 0.431438)(0.110368, 0.257525)(0.100334, 0.083612)(0.0769231, -0.090301)(0.150502, -0.210702)(0.0668896, -0.307692)(0.170569, -0.438127)
				 (459, 298)(-0.0434783, 0.187291)(0.0602007, -0.344482)(0.12709, -0.461538)(-0.09699, -0.130435)(0.0635452, -0.173913)(0.0702341, -0.254181)(-0.100334, -0.133779)(-0.0434783, 0.187291)(-0.173913, 0.464883)(0.123746, 0.471572)(0.133779, -0.197324)(0.153846, -0.244147)(0.0702341, -0.254181)(0.170569, -0.438127)(0.170569, -0.491639)(0.12709, -0.461538)(0.0735786, -0.498328)
descriptor[i][.]=(474, 302)(-0.036036, -0.40411)(0.459459, -0.496575)(-0.261261, 0.5)(0.0990991, 0.486301)
				 (474, 302)(-0.0136986, -0.40411)(0.174658, -0.496575)(-0.0993151, 0.5)(0.0376712, 0.486301)
				 (474, 302)(0.0924658, -0.5)(-0.0376712, -0.369863)(-0.126712, -0.208904)(-0.0856164, -0.0308219)(-0.0205479, 0.143836)(-0.0958904, 0.304795)(-0.15411, 0.44863)(-0.0479452, 0.410959)(0.0616438, 0.476027)(0.106164, 0.328767)(0.123288, 0.14726)(0.116438, -0.0308219)(0.164384, -0.150685)(0.0856164, -0.280822)(0.167808, -0.414384)
				 (474, 302)(-0.010274, 0.205479)(-0.0376712, 0.407534)(0.0821918, -0.363014)(-0.0821918, -0.130137)(0.0924658, -0.0890411)(0.0890411, -0.19863)(-0.0856164, -0.133562)(-0.0136986, 0.195205)(-0.188356, 0.39726)(-0.113014, 0.493151)(-0.0239726, 0.482877)(0.109589, 0.458904)(0.130137, 0.215753)(0.116438, -0.0342466)(0.160959, -0.126712)(0.160959, -0.171233)(0.0924658, -0.246575)(0.133562, -0.380137)(0.191781, -0.469178)(0.0924658, -0.5)(-0.109589, -0.273973)
descriptor[i][.]=(503, 302)(-0.233333, -0.374558)(0.466667, -0.491166)(-0.322222, 0.501767)(0, 0.477032)
				 (503, 302)(-0.0742049, -0.374558)(0.14841, -0.491166)(-0.102473, 0.501767)(0, 0.477032)
				 (503, 302)(0.0141343, -0.498233)(-0.0777385, -0.371025)(-0.137809, -0.226148)(-0.130742, -0.0671378)(-0.0812721, 0.0918728)(-0.04947, 0.250883)(-0.159011, 0.381625)(-0.0706714, 0.501767)(0.0176678, 0.39576)(0.130742, 0.261484)(0.116608, 0.113074)(0.0883392, -0.0459364)(0.0530035, -0.19788)(0.04947, -0.35689)(0.155477, -0.466431)
				 (503, 302)(-0.0459364, 0.176678)(0.0353357, 0.349823)(0.0388693, -0.325088)(0.00706714, -0.44523)(-0.123675, -0.144876)(-0.0706714, 0.29682)(-0.137809, -0.0318021)(-0.0459364, 0.176678)(-0.0706714, 0.29682)(-0.159011, 0.40636)(-0.120141, 0.484099)(0, 0.477032)(0.0353357, 0.353357)(0.130742, 0.261484)(0.159011, 0.222615)(0.0459364, -0.30742)(0.109541, -0.374558)(0.155477, -0.487633)(0.0141343, -0.498233)(0.00706714, -0.44523)(-0.0742049, -0.374558)
descriptor[i][.]=(518, 298)(-0.170213, -0.397924)(0.468085, -0.491349)(-0.382979, 0.50173)(0.202128, 0.474048)
				 (518, 298)(-0.0553633, -0.397924)(0.152249, -0.491349)(-0.124567, 0.50173)(0.0657439, 0.474048)
				 (518, 298)(0.0657439, -0.49827)(-0.0588235, -0.391003)(-0.124567, -0.235294)(-0.124567, -0.0761246)(-0.0899654, 0.0795848)(-0.0865052, 0.242215)(-0.145329, 0.401384)(-0.0761246, 0.487889)(0.0865052, 0.463668)(0.110727, 0.304498)(0.114187, 0.141869)(0.0761246, -0.017301)(0.0968858, -0.16609)(0.0553633, -0.301038)(0.141869, -0.418685)
				 (518, 298)(-0.0761246, 0.183391)(0.0449827, -0.346021)(-0.117647, -0.145329)(-0.0899654, 0.0692042)(-0.110727, 0.356401)(0.0657439, -0.0346021)(0.0588235, -0.231834)(-0.141869, -0.0553633)(-0.0899654, 0.0692042)(-0.0761246, 0.183391)(-0.110727, 0.356401)(-0.16263, 0.467128)(-0.131488, 0.49827)(0.0761246, -0.017301)(0.103806, -0.179931)(0.100346, -0.211073)(0.0484429, -0.33564)(0.0968858, -0.366782)(0.16263, -0.474048)(0.0761246, -0.49827)
descriptor[i][.]=(531, 295)(-0.127451, -0.394366)(0.460784, -0.492958)(-0.323529, 0.5)(0.0882353, 0.489437)
				 (531, 295)(-0.0457746, -0.394366)(0.165493, -0.492958)(-0.116197, 0.5)(0.0316901, 0.489437)
				 (531, 295)(0.0774648, -0.5)(-0.0492958, -0.390845)(-0.126761, -0.246479)(-0.112676, -0.0915493)(-0.0915493, 0.0704225)(-0.0352113, 0.232394)(-0.151408, 0.373239)(-0.102113, 0.5)(0.0598592, 0.482394)(0.123239, 0.341549)(0.116197, 0.179577)(0.0880282, 0.0176056)(0.0880282, -0.147887)(0.0633803, -0.309859)(0.147887, -0.440141)
				 (531, 295)(-0.0316901, 0.228873)(0.0633803, -0.330986)(-0.109155, -0.126761)(-0.109155, -0.126761)(-0.130282, -0.0316901)(-0.179577, 0.426056)(-0.133803, 0.489437)(0.0774648, 0.482394)(0.123239, -0.373239)(0.179577, -0.46831)(0.0809859, -0.5)
descriptor[i][.]=(547, 296)(-0.189474, -0.386282)(0.421053, -0.494585)(-0.221053, 0.501805)(0.0526316, 0.490975)
				 (547, 296)(-0.0649819, -0.386282)(0.144404, -0.494585)(-0.0758123, 0.501805)(0.0180505, 0.490975)
				 (547, 296)(0.108303, -0.498195)(-0.0288809, -0.404332)(-0.137184, -0.259928)(-0.133574, -0.0974729)(-0.104693, 0.0722022)(-0.0108303, 0.234657)(-0.115523, 0.379061)(-0.0649819, 0.498195)(0.0685921, 0.429603)(0.115523, 0.259928)(0.0974729, 0.0902527)(0.0794224, -0.0794224)(0.162455, -0.166065)(0.0685921, -0.267148)(0.140794, -0.382671)
				 (547, 296)(-0.00722022, 0.212996)(0.0794224, -0.108303)(0.0613718, -0.350181)(-0.133574, -0.122744)(0.0794224, -0.184116)(-0.144404, -0.133574)(-0.140794, -0.032491)(-0.0108303, 0.209386)(-0.148014, 0.454874)(-0.0758123, 0.501805)(0.0361011, 0.487365)(0.158845, -0.111913)(0.166065, -0.162455)(0.0794224, -0.184116)(0.0649819, -0.33574)(0.122744, -0.368231)(0.173285, -0.476534)(0.119134, -0.498195)(0.0216606, -0.465704)(-0.0649819, -0.386282)
descriptor[i][.]=(554, 294)(-0.176471, -0.387097)(0.421569, -0.494624)(-0.284314, 0.501792)(0.0784314, 0.491039)
				 (554, 294)(-0.0645161, -0.387097)(0.154122, -0.494624)(-0.103943, 0.501792)(0.0286738, 0.491039)
				 (554, 294)(0.0716846, -0.498208)(-0.0645161, -0.387097)(-0.175627, -0.236559)(-0.136201, -0.0716846)(-0.09319, 0.0967742)(-0.0501792, 0.265233)(-0.0824373, 0.433692)(-0.00716846, 0.494624)(0.0645161, 0.358423)(0.0824373, 0.189964)(0.078853, 0.0179211)(0.0752688, -0.154122)(0.175627, -0.247312)(0.0681004, -0.290323)(0.16129, -0.408602)
				 (554, 294)(-0.0501792, 0.175627)(0.0752688, -0.16129)(0.0681004, -0.283154)(-0.136201, -0.129032)(0.0896057, -0.225806)(0.0716846, -0.362007)(-0.139785, -0.132616)(-0.09319, 0.100358)(-0.0537634, 0.172043)(-0.111111, 0.491039)(0.0286738, 0.491039)(0.168459, -0.189964)(0.182796, -0.243728)(0.132616, -0.261649)(0.0716846, -0.27957)(0.139785, -0.383513)(0.168459, -0.483871)(0.0716846, -0.498208)(-0.0645161, -0.387097)
