bendDescr16.dat
size1 38
size3 39
beh_type.id 8
sizes[]=42 40 42 40 42 45 46 44 42 39 39 44 43 42 43 45 42 42 44 43 39 42 41 42 43 41 41 42 40 41 37 38 36 38 41 33 51 48 
thresholds[]=0.16 0.16 0.16 0.16 0.16 0.16 0.16 0.16 0.16 0.16 0.16 0.16 0.16 0.16 0.16 0.16 0.16 0.16 0.16 0.16 0.16 0.16 0.16 0.16 0.16 0.16 0.16 0.16 0.16 0.16 0.16 0.16 0.16 0.16 0.16 0.16 0.16 0.16 
map[0][.]=0 1 0 0 0 0 0 0 0 0 0 0 0 0 0 0 0 0 0 0 0 0 0 0 0 0 0 0 0 0 0 0 0 0 0 0 0 0 0 
map[1][.]=0 0 1 0 0 0 0 0 0 0 0 0 0 0 0 0 0 0 0 0 0 0 0 0 0 0 0 0 0 0 0 0 0 0 0 0 0 0 0 
map[2][.]=0 0 0 1 0 0 0 0 0 0 0 0 0 0 0 0 0 0 0 0 0 0 0 0 0 0 0 0 0 0 0 0 0 0 0 0 0 0 0 
map[3][.]=0 0 0 0 1 0 0 0 0 0 0 0 0 0 0 0 0 0 0 0 0 0 0 0 0 0 0 0 0 0 0 0 0 0 0 0 0 0 0 
map[4][.]=0 0 0 0 0 1 0 0 0 0 0 0 0 0 0 0 0 0 0 0 0 0 0 0 0 0 0 0 0 0 0 0 0 0 0 0 0 0 0 
map[5][.]=0 0 0 0 0 0 1 0 0 0 0 0 0 0 0 0 0 0 0 0 0 0 0 0 0 0 0 0 0 0 0 0 0 0 0 0 0 0 0 
map[6][.]=0 0 0 0 0 0 0 1 0 0 0 0 0 0 0 0 0 0 0 0 0 0 0 0 0 0 0 0 0 0 0 0 0 0 0 0 0 0 0 
map[7][.]=0 0 0 0 0 0 0 0 1 0 0 0 0 0 0 0 0 0 0 0 0 0 0 0 0 0 0 0 0 0 0 0 0 0 0 0 0 0 0 
map[8][.]=0 0 0 0 0 0 0 0 0 1 0 0 0 0 0 0 0 0 0 0 0 0 0 0 0 0 0 0 0 0 0 0 0 0 0 0 0 0 0 
map[9][.]=0 0 0 0 0 0 0 0 0 0 1 0 0 0 0 0 0 0 0 0 0 0 0 0 0 0 0 0 0 0 0 0 0 0 0 0 0 0 0 
map[10][.]=0 0 0 0 0 0 0 0 0 0 0 1 0 0 0 0 0 0 0 0 0 0 0 0 0 0 0 0 0 0 0 0 0 0 0 0 0 0 0 
map[11][.]=0 0 0 0 0 0 0 0 0 0 0 0 1 0 0 0 0 0 0 0 0 0 0 0 0 0 0 0 0 0 0 0 0 0 0 0 0 0 0 
map[12][.]=0 0 0 0 0 0 0 0 0 0 0 0 0 1 0 0 0 0 0 0 0 0 0 0 0 0 0 0 0 0 0 0 0 0 0 0 0 0 0 
map[13][.]=0 0 0 0 0 0 0 0 0 0 0 0 0 0 1 0 0 0 0 0 0 0 0 0 0 0 0 0 0 0 0 0 0 0 0 0 0 0 0 
map[14][.]=0 0 0 0 0 0 0 0 0 0 0 0 0 0 0 1 0 0 0 0 0 0 0 0 0 0 0 0 0 0 0 0 0 0 0 0 0 0 0 
map[15][.]=0 0 0 0 0 0 0 0 0 0 0 0 0 0 0 0 1 0 0 0 0 0 0 0 0 0 0 0 0 0 0 0 0 0 0 0 0 0 0 
map[16][.]=0 0 0 0 0 0 0 0 0 0 0 0 0 0 0 0 0 1 0 0 0 0 0 0 0 0 0 0 0 0 0 0 0 0 0 0 0 0 0 
map[17][.]=0 0 0 0 0 0 0 0 0 0 0 0 0 0 0 0 0 0 1 0 0 0 0 0 0 0 0 0 0 0 0 0 0 0 0 0 0 0 0 
map[18][.]=0 0 0 0 0 0 0 0 0 0 0 0 0 0 0 0 0 0 0 1 0 0 0 0 0 0 0 0 0 0 0 0 0 0 0 0 0 0 0 
map[19][.]=0 0 0 0 0 0 0 0 0 0 0 0 0 0 0 0 0 0 0 0 1 0 0 0 0 0 0 0 0 0 0 0 0 0 0 0 0 0 0 
map[20][.]=0 0 0 0 0 0 0 0 0 0 0 0 0 0 0 0 0 0 0 0 0 1 0 0 0 0 0 0 0 0 0 0 0 0 0 0 0 0 0 
map[21][.]=0 0 0 0 0 0 0 0 0 0 0 0 0 0 0 0 0 0 0 0 0 0 1 0 0 0 0 0 0 0 0 0 0 0 0 0 0 0 0 
map[22][.]=0 0 0 0 0 0 0 0 0 0 0 0 0 0 0 0 0 0 0 0 0 0 0 1 0 0 0 0 0 0 0 0 0 0 0 0 0 0 0 
map[23][.]=0 0 0 0 0 0 0 0 0 0 0 0 0 0 0 0 0 0 0 0 0 0 0 0 1 0 0 0 0 0 0 0 0 0 0 0 0 0 0 
map[24][.]=0 0 0 0 0 0 0 0 0 0 0 0 0 0 0 0 0 0 0 0 0 0 0 0 0 1 0 0 0 0 0 0 0 0 0 0 0 0 0 
map[25][.]=0 0 0 0 0 0 0 0 0 0 0 0 0 0 0 0 0 0 0 0 0 0 0 0 0 0 1 0 0 0 0 0 0 0 0 0 0 0 0 
map[26][.]=0 0 0 0 0 0 0 0 0 0 0 0 0 0 0 0 0 0 0 0 0 0 0 0 0 0 0 1 0 0 0 0 0 0 0 0 0 0 0 
map[27][.]=0 0 0 0 0 0 0 0 0 0 0 0 0 0 0 0 0 0 0 0 0 0 0 0 0 0 0 0 1 0 0 0 0 0 0 0 0 0 0 
map[28][.]=0 0 0 0 0 0 0 0 0 0 0 0 0 0 0 0 0 0 0 0 0 0 0 0 0 0 0 0 0 1 0 0 0 0 0 0 0 0 0 
map[29][.]=0 0 0 0 0 0 0 0 0 0 0 0 0 0 0 0 0 0 0 0 0 0 0 0 0 0 0 0 0 0 1 0 0 0 0 0 0 0 0 
map[30][.]=0 0 0 0 0 0 0 0 0 0 0 0 0 0 0 0 0 0 0 0 0 0 0 0 0 0 0 0 0 0 0 1 0 0 0 0 0 0 0 
map[31][.]=0 0 0 0 0 0 0 0 0 0 0 0 0 0 0 0 0 0 0 0 0 0 0 0 0 0 0 0 0 0 0 0 1 0 0 0 0 0 0 
map[32][.]=0 0 0 0 0 0 0 0 0 0 0 0 0 0 0 0 0 0 0 0 0 0 0 0 0 0 0 0 0 0 0 0 0 1 0 0 0 0 0 
map[33][.]=0 0 0 0 0 0 0 0 0 0 0 0 0 0 0 0 0 0 0 0 0 0 0 0 0 0 0 0 0 0 0 0 0 0 1 0 0 0 0 
map[34][.]=0 0 0 0 0 0 0 0 0 0 0 0 0 0 0 0 0 0 0 0 0 0 0 0 0 0 0 0 0 0 0 0 0 0 0 1 0 0 0 
map[35][.]=0 0 0 0 0 0 0 0 0 0 0 0 0 0 0 0 0 0 0 0 0 0 0 0 0 0 0 0 0 0 0 0 0 0 0 0 1 0 0 
map[36][.]=0 0 0 0 0 0 0 0 0 0 0 0 0 0 0 0 0 0 0 0 0 0 0 0 0 0 0 0 0 0 0 0 0 0 0 0 0 1 0 
map[37][.]=0 0 0 0 0 0 0 0 0 0 0 0 0 0 0 0 0 0 0 0 0 0 0 0 0 0 0 0 0 0 0 0 0 0 0 0 0 0 1 
map[38][.]=0 0 0 0 0 0 0 0 0 0 0 0 0 0 0 0 0 0 0 0 0 0 0 0 0 0 0 0 0 0 0 0 0 0 0 0 0 0 0 
isLast[.]=false false false false false false false false false false false false false false false false false false false false false false false false false false false false false false false false false false false false false false true 
descriptor[i][.]=(303, 248)(-0.0506329, -0.444867)(0.139241, -0.498099)(-0.227848, 0.501901)(0.0126582, 0.498099)
				 (303, 248)(-0.0152091, -0.444867)(0.0418251, -0.498099)(-0.0684411, 0.501901)(0.00380228, 0.498099)
				 (303, 248)(0.0304183, -0.498099)(-0.0532319, -0.380228)(-0.114068, -0.231939)(-0.144487, -0.0836502)(-0.102662, 0.0722433)(-0.0912548, 0.220532)(-0.110266, 0.372624)(-0.0608365, 0.501901)(0.0380228, 0.43346)(0.0190114, 0.285171)(0.0190114, 0.13308)(0.0684411, -0.00380228)(0.0570342, -0.159696)(0.0456274, -0.311787)(0.144487, -0.425856)
				 (303, 248)(-0.0912548, 0.0836502)(0.0418251, -0.296578)(0.0190114, 0.129278)(-0.102662, 0.0722433)(-0.0760456, 0.498099)(-0.00380228, 0.501901)(0.0494297, 0.467681)(0.0190114, 0.129278)(0.0646388, 0.0608365)(0.0760456, 0.0152091)(0.0456274, -0.285171)(0.117871, -0.365019)(0.152091, -0.43346)(0.136882, -0.471483)(0.0418251, -0.498099)
descriptor[i][.]=(304, 253)(-0.202247, -0.387352)(0.47191, -0.486166)(-0.235955, 0.501976)(0, 0.494071)
				 (304, 253)(-0.0711462, -0.387352)(0.166008, -0.486166)(-0.083004, 0.501976)(0, 0.494071)
				 (304, 253)(0.055336, -0.498024)(-0.0632411, -0.391304)(-0.12253, -0.241107)(-0.166008, -0.0869565)(-0.118577, 0.0671937)(-0.114625, 0.225296)(-0.118577, 0.383399)(-0.0474308, 0.501976)(0.0316206, 0.422925)(0.00790514, 0.264822)(0.0118577, 0.106719)(0.0592885, -0.027668)(0.0474308, -0.181818)(0.055336, -0.339921)(0.173913, -0.442688)
				 (304, 253)(-0.102767, 0.130435)(0.0513834, -0.335968)(0.00790514, 0.114625)(-0.106719, 0.126482)(-0.12253, 0.284585)(-0.102767, 0.482213)(-0.0158103, 0.501976)(0.0474308, 0.466403)(0.00790514, 0.114625)(0.106719, -0.355731)(0.134387, -0.371542)(0.173913, -0.438735)(0.0632411, -0.498024)
descriptor[i][.]=(306, 255)(-0.0707071, -0.412)(0.373737, -0.5)(-0.252525, 0.5)(0, 0.5)
				 (306, 255)(-0.028, -0.412)(0.148, -0.5)(-0.1, 0.5)(0, 0.5)
				 (306, 255)(0.076, -0.5)(-0.044, -0.4)(-0.128, -0.264)(-0.188, -0.108)(-0.136, 0.056)(-0.128, 0.22)(-0.128, 0.38)(-0.06, 0.5)(0.024, 0.42)(-0.004, 0.272)(-0.012, 0.108)(0.044, -0.024)(0.032, -0.184)(0.068, -0.34)(0.2, -0.424)
				 (306, 255)(0.028, -0.18)(0.028, -0.428)(-0.012, 0.092)(0.06, -0.336)(-0.108, 0.496)(0, 0.5)(0.04, 0.464)(0.044, 0.056)(0.06, -0.332)(0.152, -0.356)(0.2, -0.452)(0.156, -0.496)(0.076, -0.5)(0.028, -0.428)(-0.076, -0.384)
descriptor[i][.]=(308, 254)(-0.047619, -0.406375)(0.304762, -0.498008)(-0.219048, 0.501992)(0.047619, 0.466135)
				 (308, 254)(-0.0199203, -0.406375)(0.12749, -0.498008)(-0.0916335, 0.501992)(0.0199203, 0.466135)
				 (308, 254)(0.111554, -0.498008)(-0.0159363, -0.406375)(-0.12749, -0.294821)(-0.195219, -0.131474)(-0.163347, 0.0239044)(-0.135458, 0.179283)(-0.139442, 0.342629)(-0.103586, 0.49004)(0.0199203, 0.446215)(-0.0199203, 0.290837)(-0.0239044, 0.131474)(0.0358566, 0)(0.0239044, -0.159363)(0.0557769, -0.318725)(0.199203, -0.386454)
				 (308, 254)(0.0199203, -0.179283)(0.0239044, -0.410359)(-0.0239044, 0.103586)(0.0557769, -0.318725)(-0.0996016, 0.498008)(-0.0239044, 0.498008)(0.0318725, 0.063745)(0.0239044, -0.163347)(0.207171, -0.394422)(0.195219, -0.458167)(0.12749, -0.498008)(0.0239044, -0.410359)(-0.0756972, -0.378486)
descriptor[i][.]=(310, 262)(-0.114035, -0.434043)(0.350877, -0.497872)(-0.219298, 0.502128)(0.0526316, 0.46383)
				 (310, 262)(-0.0553191, -0.434043)(0.170213, -0.497872)(-0.106383, 0.502128)(0.0255319, 0.46383)
				 (310, 262)(0.153191, -0.497872)(0.00425532, -0.451064)(-0.140426, -0.344681)(-0.217021, -0.182979)(-0.204255, -0.0212766)(-0.165957, 0.148936)(-0.161702, 0.319149)(-0.119149, 0.489362)(0.0255319, 0.46383)(-0.0297872, 0.306383)(-0.0382979, 0.13617)(0.0170213, -0.00425532)(0.0170213, -0.174468)(0.0595745, -0.33617)(0.212766, -0.395745)
				 (310, 262)(0.00851064, -0.217021)(-0.0468085, 0.114894)(0.0680851, -0.353191)(-0.114894, 0.497872)(-0.0340426, 0.502128)(0.0255319, 0.46383)(-0.0425532, 0.119149)(0.0212766, 0.0255319)(0.0553191, -0.297872)(0.110638, -0.344681)(0.157447, -0.353191)(0.242553, -0.438298)(0.187234, -0.489362)(-0.0553191, -0.434043)(-0.0978723, -0.404255)
descriptor[i][.]=(310, 262)(-0.0431034, -0.438298)(0.275862, -0.497872)(-0.198276, 0.502128)(0.0517241, 0.46383)
				 (310, 262)(-0.0212766, -0.438298)(0.13617, -0.497872)(-0.0978723, 0.502128)(0.0255319, 0.46383)
				 (310, 262)(0.123404, -0.497872)(-0.0255319, -0.434043)(-0.153191, -0.302128)(-0.238298, -0.148936)(-0.195745, 0.0170213)(-0.161702, 0.178723)(-0.165957, 0.348936)(-0.0978723, 0.502128)(0.012766, 0.434043)(-0.0340426, 0.27234)(-0.0510638, 0.102128)(0.00851064, -0.0340426)(0.00851064, -0.204255)(0.106383, -0.331915)(0.246809, -0.404255)
				 (310, 262)(0.00851064, -0.204255)(0.0808511, -0.455319)(-0.0510638, 0.110638)(0.0765957, -0.33617)(-0.13617, 0.46383)(-0.106383, 0.497872)(-0.0382979, 0.502128)(0.0255319, 0.46383)(-0.0425532, 0.123404)(0, 0.0638298)(0.00851064, -0.204255)(0.165957, -0.331915)(0.234043, -0.378723)(0.13617, -0.497872)(0.0808511, -0.455319)(-0.0468085, -0.429787)(-0.0851064, -0.408511)(-0.140426, -0.33617)
descriptor[i][.]=(310, 267)(-0.0991736, -0.448889)(0.347107, -0.497778)(-0.214876, 0.502222)(0.0495868, 0.462222)
				 (310, 267)(-0.0533333, -0.448889)(0.186667, -0.497778)(-0.115556, 0.502222)(0.0266667, 0.462222)
				 (310, 267)(0.16, -0.497778)(-0.00444444, -0.457778)(-0.151111, -0.355556)(-0.248889, -0.2)(-0.217778, -0.0311111)(-0.182222, 0.137778)(-0.168889, 0.315556)(-0.133333, 0.493333)(0.0266667, 0.457778)(-0.0311111, 0.297778)(-0.0533333, 0.124444)(0.00888889, -0.0266667)(0.0133333, -0.2)(0.106667, -0.342222)(0.271111, -0.373333)
				 (310, 267)(0.0177778, -0.235556)(0.08, -0.448889)(-0.0577778, 0.12)(0.0844444, -0.342222)(-0.133333, 0.493333)(-0.0355556, 0.502222)(0.0266667, 0.462222)(-0.0488889, 0.133333)(-0.00888889, 0.0577778)(0.0177778, -0.222222)(0.0622222, -0.28)(0.257778, -0.355556)(0.271111, -0.395556)(0.195556, -0.493333)(0.137778, -0.493333)(0.08, -0.448889)(0.0222222, -0.462222)(-0.0533333, -0.448889)(-0.111111, -0.404444)
descriptor[i][.]=(312, 269)(-0.048, -0.466063)(0.328, -0.497738)(-0.216, 0.497738)(0.032, 0.461538)
				 (312, 269)(-0.0271493, -0.466063)(0.18552, -0.497738)(-0.122172, 0.497738)(0.0180995, 0.461538)
				 (312, 269)(0.171946, -0.497738)(0, -0.466063)(-0.158371, -0.366516)(-0.266968, -0.208145)(-0.230769, -0.0316742)(-0.19457, 0.149321)(-0.20362, 0.321267)(-0.140271, 0.484163)(0.00904977, 0.466063)(-0.040724, 0.307692)(-0.0678733, 0.131222)(-0.0271493, -0.0316742)(-0.00452489, -0.208145)(0.126697, -0.321267)(0.285068, -0.384615)
				 (312, 269)(-0.00452489, -0.217195)(0.0904977, -0.457014)(-0.0723982, 0.113122)(0.081448, -0.330317)(-0.180995, 0.40724)(-0.140271, 0.484163)(-0.0452489, 0.502262)(0.0180995, 0.461538)(-0.0678733, 0.117647)(-0.0271493, 0.0542986)(0.0542986, -0.285068)(0.171946, -0.312217)(0.285068, -0.371041)(0.18552, -0.497738)(0.0950226, -0.461538)(-0.0271493, -0.466063)(-0.158371, -0.371041)
descriptor[i][.]=(311, 272)(-0.0465116, -0.47907)(0.465116, -0.469767)(-0.232558, 0.502326)(0.0155039, 0.460465)
				 (311, 272)(-0.027907, -0.47907)(0.27907, -0.469767)(-0.139535, 0.502326)(0.00930233, 0.460465)
				 (311, 272)(0.190698, -0.497674)(0.0139535, -0.483721)(-0.153488, -0.386047)(-0.283721, -0.223256)(-0.246512, -0.0511628)(-0.2, 0.125581)(-0.2, 0.306977)(-0.153488, 0.488372)(0.0139535, 0.451163)(-0.0465116, 0.283721)(-0.0697674, 0.106977)(-0.0232558, -0.0697674)(0.00930233, -0.251163)(0.148837, -0.325581)(0.302326, -0.386047)
				 (311, 272)(-0.00465116, -0.227907)(-0.0744186, 0.0976744)(0.0883721, -0.344186)(-0.162791, 0.474419)(0.00930233, 0.460465)(-0.0697674, 0.102326)(-0.0418605, 0.0465116)(0.0372093, -0.265116)(0.0697674, -0.302326)(0.27907, -0.344186)(0.302326, -0.376744)(0.27907, -0.469767)(0.2, -0.497674)(-0.027907, -0.47907)(-0.148837, -0.395349)
descriptor[i][.]=(312, 277)(-0.0458015, -0.5)(0.427481, -0.485437)(-0.206107, 0.5)(0.0305344, 0.456311)
				 (312, 277)(-0.0291262, -0.5)(0.271845, -0.485437)(-0.131068, 0.5)(0.0194175, 0.456311)
				 (312, 277)(-0.0291262, -0.5)(-0.18932, -0.383495)(-0.315534, -0.242718)(-0.26699, -0.0533981)(-0.218447, 0.135922)(-0.203883, 0.320388)(-0.131068, 0.5)(0.0194175, 0.441748)(-0.0582524, 0.26699)(-0.0873786, 0.0776699)(-0.038835, -0.106796)(0.0242718, -0.281553)(0.18932, -0.31068)(0.320388, -0.412621)(0.165049, -0.490291)
				 (312, 277)(-0.0145631, -0.242718)(-0.0873786, 0.0970874)(0.106796, -0.34466)(-0.140777, 0.495146)(-0.0485437, 0.5)(0.0194175, 0.456311)(-0.0825243, 0.101942)(-0.00970874, -0.199029)(0.291262, -0.334951)(0.271845, -0.485437)(-0.0582524, -0.490291)(-0.121359, -0.456311)
descriptor[i][.]=(313, 278)(-0.0454545, -0.497537)(0.393939, -0.458128)(-0.212121, 0.502463)(0.0227273, 0.458128)
				 (313, 278)(-0.0295567, -0.497537)(0.256158, -0.458128)(-0.137931, 0.502463)(0.0147783, 0.458128)
				 (313, 278)(-0.0295567, -0.497537)(-0.187192, -0.394089)(-0.320197, -0.236453)(-0.270936, -0.0492611)(-0.241379, 0.137931)(-0.216749, 0.325123)(-0.147783, 0.492611)(0.0147783, 0.448276)(-0.0591133, 0.280788)(-0.0935961, 0.08867)(-0.0394089, -0.0935961)(0.0197044, -0.26601)(0.206897, -0.280788)(0.295567, -0.37931)(0.162562, -0.453202)
				 (313, 278)(-0.0197044, -0.231527)(-0.0935961, 0.172414)(0.0985222, -0.315271)(-0.147783, 0.497537)(0.0147783, 0.458128)(-0.08867, 0.17734)(0.0935961, -0.310345)(0.211823, -0.280788)(0.300493, -0.305419)(0.325123, -0.339901)(0.256158, -0.458128)(-0.29064, -0.305419)
descriptor[i][.]=(311, 280)(-0.0155039, -0.5)(0.449612, -0.465)(-0.170543, 0.5)(0.0387597, 0.455)
				 (311, 280)(-0.01, -0.5)(0.29, -0.465)(-0.11, 0.5)(0.025, 0.455)
				 (311, 280)(-0.01, -0.5)(-0.185, -0.4)(-0.315, -0.255)(-0.275, -0.065)(-0.235, 0.12)(-0.21, 0.31)(-0.145, 0.48)(0.025, 0.45)(-0.045, 0.285)(-0.09, 0.1)(-0.035, -0.08)(0.035, -0.26)(0.21, -0.275)(0.305, -0.395)(0.18, -0.455)
				 (311, 280)(-0.01, -0.19)(0.195, -0.45)(-0.09, 0.145)(0.1, -0.31)(-0.18, 0.455)(-0.045, 0.5)(0.025, 0.455)(-0.085, 0.15)(-0.01, -0.19)(0.16, -0.285)(0.21, -0.275)(0.28, -0.29)(0.315, -0.31)(0.325, -0.34)(0.31, -0.45)(0.195, -0.45)(-0.095, -0.47)
descriptor[i][.]=(313, 282)(-0.0373134, -0.497436)(0.395522, -0.441026)(-0.208955, 0.502564)(0.0223881, 0.45641)
				 (313, 282)(-0.025641, -0.497436)(0.271795, -0.441026)(-0.14359, 0.502564)(0.0153846, 0.45641)
				 (313, 282)(-0.025641, -0.497436)(-0.215385, -0.4)(-0.323077, -0.251282)(-0.287179, -0.0564103)(-0.251282, 0.14359)(-0.225641, 0.34359)(-0.123077, 0.502564)(0.025641, 0.420513)(-0.0769231, 0.271795)(-0.117949, 0.0717949)(-0.0512821, -0.112821)(0.0512821, -0.271795)(0.220513, -0.25641)(0.323077, -0.364103)(0.169231, -0.446154)
				 (313, 282)(-0.0153846, -0.215385)(0.189744, -0.435897)(-0.117949, 0.0769231)(0.107692, -0.312821)(-0.153846, 0.497436)(-0.0564103, 0.502564)(0.0153846, 0.45641)(-0.112821, 0.0820513)(-0.0153846, -0.215385)(0.210256, -0.25641)(0.317949, -0.271795)(0.34359, -0.317949)(0.271795, -0.441026)(0.189744, -0.435897)(0.123077, -0.482051)(-0.174359, -0.435897)
descriptor[i][.]=(313, 283)(-0.0592593, -0.5)(0.407407, -0.443299)(-0.237037, 0.5)(0.0222222, 0.453608)
				 (313, 283)(-0.0412371, -0.5)(0.283505, -0.443299)(-0.164948, 0.5)(0.0154639, 0.453608)
				 (313, 283)(-0.0412371, -0.5)(-0.216495, -0.396907)(-0.335052, -0.252577)(-0.293814, -0.056701)(-0.257732, 0.14433)(-0.216495, 0.345361)(-0.128866, 0.5)(0, 0.417526)(-0.0773196, 0.262887)(-0.118557, 0.0618557)(-0.0515464, -0.123711)(0.0773196, -0.278351)(0.273196, -0.262887)(0.309278, -0.371134)(0.159794, -0.448454)
				 (313, 283)(-0.0154639, -0.21134)(0.190722, -0.427835)(-0.118557, 0.0670103)(0.108247, -0.293814)(-0.175258, 0.494845)(-0.056701, 0.5)(0.0154639, 0.453608)(-0.113402, 0.0721649)(0.103093, -0.28866)(0.154639, -0.257732)(0.329897, -0.247423)(0.329897, -0.35567)(0.283505, -0.443299)(0.190722, -0.427835)(0.113402, -0.484536)
descriptor[i][.]=(313, 284)(-0.0437956, -0.494792)(0.452555, -0.40625)(-0.175182, 0.5)(0.0218978, 0.453125)
				 (313, 284)(-0.03125, -0.494792)(0.322917, -0.40625)(-0.125, 0.5)(0.015625, 0.453125)
				 (313, 284)(0.015625, -0.5)(-0.182292, -0.432292)(-0.338542, -0.296875)(-0.3125, -0.09375)(-0.270833, 0.104167)(-0.239583, 0.302083)(-0.15625, 0.484375)(0.015625, 0.453125)(-0.0625, 0.28125)(-0.114583, 0.0885417)(-0.0677083, -0.109375)(0.0677083, -0.265625)(0.239583, -0.234375)(0.3125, -0.328125)(0.208333, -0.421875)
				 (313, 284)(-0.0729167, -0.0989583)(0.3125, -0.317708)(0.182292, -0.421875)(-0.0989583, 0.21875)(0.09375, -0.286458)(-0.0572917, 0.5)(0.015625, 0.453125)(-0.09375, 0.223958)(-0.0729167, -0.0989583)(0.145833, -0.244792)(0.34375, -0.244792)(0.322917, -0.40625)(0.182292, -0.421875)(0.078125, -0.494792)(-0.151042, -0.458333)(-0.3125, -0.348958)
descriptor[i][.]=(314, 285)(-0.0367647, -0.494737)(0.441176, -0.415789)(-0.213235, 0.5)(0.0147059, 0.452632)
				 (314, 285)(-0.0263158, -0.494737)(0.315789, -0.415789)(-0.152632, 0.5)(0.0105263, 0.452632)
				 (314, 285)(0.0210526, -0.5)(-0.178947, -0.442105)(-0.342105, -0.305263)(-0.321053, -0.105263)(-0.278947, 0.0947368)(-0.247368, 0.289474)(-0.173684, 0.478947)(0, 0.457895)(-0.0736842, 0.294737)(-0.115789, 0.0947368)(-0.0789474, -0.1)(0.0526316, -0.247368)(0.231579, -0.226316)(0.331579, -0.326316)(0.210526, -0.421053)
				 (314, 285)(-0.0789474, -0.1)(0.194737, -0.421053)(-0.105263, 0.215789)(0.0894737, -0.278947)(-0.163158, 0.494737)(-0.0421053, 0.5)(0.0105263, 0.452632)(-0.0894737, 0.236842)(-0.0789474, -0.1)(0.2, -0.221053)(0.294737, -0.231579)(0.347368, -0.252632)(0.321053, -0.410526)(0.194737, -0.421053)(0.163158, -0.447368)(0.115789, -0.478947)(-0.0684211, -0.489474)(-0.321053, -0.357895)
descriptor[i][.]=(314, 285)(-0.0902256, -0.492063)(0.466165, -0.407407)(-0.278195, 0.481481)(0.0150376, 0.455026)
				 (314, 285)(-0.0634921, -0.492063)(0.328042, -0.407407)(-0.195767, 0.481481)(0.010582, 0.455026)
				 (314, 285)(0.042328, -0.497354)(-0.15873, -0.455026)(-0.333333, -0.343915)(-0.338624, -0.148148)(-0.285714, 0.0529101)(-0.259259, 0.253968)(-0.216931, 0.449735)(-0.047619, 0.465608)(-0.0634921, 0.338624)(-0.116402, 0.137566)(-0.0846561, -0.0582011)(0.015873, -0.248677)(0.206349, -0.21164)(0.354497, -0.296296)(0.243386, -0.412698)
				 (314, 285)(-0.0793651, -0.0899471)(0.179894, -0.42328)(-0.10582, 0.21164)(0.10582, -0.280423)(-0.216931, 0.455026)(-0.111111, 0.502646)(0.010582, 0.455026)(-0.100529, 0.216931)(-0.0793651, -0.0899471)(0.206349, -0.21164)(0.328042, -0.222222)(0.328042, -0.407407)(0.179894, -0.42328)(0.0634921, -0.497354)(-0.338624, -0.343915)
descriptor[i][.]=(314, 286)(-0.0895522, -0.5)(0.470149, -0.414894)(-0.216418, 0.5)(0.00746269, 0.43617)
				 (314, 286)(-0.0638298, -0.5)(0.335106, -0.414894)(-0.154255, 0.5)(0.00531915, 0.43617)
				 (314, 286)(-0.0638298, -0.5)(-0.260638, -0.404255)(-0.351064, -0.239362)(-0.303191, -0.037234)(-0.265957, 0.164894)(-0.239362, 0.361702)(-0.117021, 0.494681)(-0.0159574, 0.388298)(-0.106383, 0.212766)(-0.111702, 0.0106383)(-0.0265957, -0.18617)(0.138298, -0.271277)(0.324468, -0.228723)(0.335106, -0.414894)(0.143617, -0.468085)
				 (314, 286)(-0.0691489, -0.111702)(0.196809, -0.425532)(-0.106383, 0.212766)(0.106383, -0.281915)(-0.212766, 0.457447)(-0.164894, 0.494681)(-0.0638298, 0.5)(0.00531915, 0.43617)(-0.101064, 0.218085)(-0.0691489, -0.106383)(0.101064, -0.276596)(0.175532, -0.228723)(0.340426, -0.234043)(0.335106, -0.414894)(0.212766, -0.425532)
descriptor[i][.]=(314, 285)(-0.075188, -0.492063)(0.466165, -0.407407)(-0.233083, 0.497354)(0.0150376, 0.455026)
				 (314, 285)(-0.0529101, -0.492063)(0.328042, -0.407407)(-0.164021, 0.497354)(0.010582, 0.455026)
				 (314, 285)(0.037037, -0.497354)(-0.164021, -0.449735)(-0.343915, -0.328042)(-0.322751, -0.126984)(-0.280423, 0.0740741)(-0.26455, 0.269841)(-0.201058, 0.465608)(-0.021164, 0.465608)(-0.0687831, 0.306878)(-0.111111, 0.10582)(-0.0740741, -0.0846561)(0.042328, -0.243386)(0.222222, -0.216931)(0.333333, -0.312169)(0.222222, -0.412698)
				 (314, 285)(-0.047619, -0.148148)(0.179894, -0.42328)(-0.126984, 0.0529101)(0.116402, -0.280423)(-0.243386, 0.359788)(-0.174603, 0.492063)(-0.0634921, 0.502646)(0.010582, 0.455026)(-0.121693, 0.0582011)(-0.047619, -0.148148)(0.111111, -0.275132)(0.15873, -0.238095)(0.343915, -0.238095)(0.333333, -0.396825)(0.190476, -0.42328)(-0.238095, -0.417989)(-0.328042, -0.359788)
descriptor[i][.]=(314, 286)(-0.0681818, -0.5)(0.113636, -0.5)(-0.219697, 0.5)(0.0151515, 0.452128)
				 (314, 286)(-0.0478723, -0.5)(0.0797872, -0.5)(-0.154255, 0.5)(0.0106383, 0.452128)
				 (314, 286)(-0.0478723, -0.5)(-0.239362, -0.425532)(-0.345745, -0.260638)(-0.303191, -0.0638298)(-0.265957, 0.138298)(-0.244681, 0.335106)(-0.138298, 0.494681)(0, 0.414894)(-0.0904255, 0.244681)(-0.12766, 0.0425532)(-0.0425532, -0.154255)(0.111702, -0.281915)(0.297872, -0.234043)(0.308511, -0.37234)(0.154255, -0.468085)
				 (314, 286)(-0.0585106, -0.12234)(-0.12766, 0.0531915)(0.117021, -0.287234)(-0.244681, 0.361702)(-0.202128, 0.468085)(-0.164894, 0.494681)(-0.0638298, 0.5)(0.0106383, 0.452128)(-0.12234, 0.0585106)(-0.101064, 0.0159574)(-0.0585106, -0.111702)(0.111702, -0.281915)(0.329787, -0.218085)(0.351064, -0.255319)(0.255319, -0.420213)(-0.335106, -0.356383)
descriptor[i][.]=(314, 285)(-0.0902256, -0.489474)(0.075188, -0.5)(-0.278195, 0.478947)(0.0150376, 0.452632)
				 (314, 285)(-0.0631579, -0.489474)(0.0526316, -0.5)(-0.194737, 0.478947)(0.0105263, 0.452632)
				 (314, 285)(0.0210526, -0.5)(-0.173684, -0.436842)(-0.336842, -0.310526)(-0.310526, -0.115789)(-0.278947, 0.0789474)(-0.263158, 0.278947)(-0.205263, 0.473684)(-0.0210526, 0.463158)(-0.0578947, 0.315789)(-0.110526, 0.121053)(-0.0684211, -0.0684211)(0.0368421, -0.247368)(0.184211, -0.236842)(0.342105, -0.284211)(0.215789, -0.426316)
				 (314, 285)(0, -0.231579)(-0.121053, 0.0631579)(0.131579, -0.3)(-0.205263, 0.473684)(-0.0894737, 0.5)(0.0105263, 0.452632)(-0.115789, 0.0684211)(-0.00526316, -0.2)(0.0578947, -0.247368)(0.126316, -0.294737)(0.157895, -0.252632)(0.347368, -0.247368)
descriptor[i][.]=(316, 284)(-0.0909091, -0.486911)(0.454545, -0.413613)(-0.234848, 0.492147)(0, 0.455497)
				 (316, 284)(-0.0628272, -0.486911)(0.314136, -0.413613)(-0.162304, 0.492147)(0, 0.455497)
				 (316, 284)(0, -0.497382)(-0.193717, -0.424084)(-0.34555, -0.303665)(-0.319372, -0.104712)(-0.277487, 0.0942408)(-0.256545, 0.293194)(-0.198953, 0.47644)(-0.0104712, 0.460733)(-0.0732984, 0.287958)(-0.120419, 0.0890052)(-0.0628272, -0.104712)(0.0680628, -0.26178)(0.235602, -0.225131)(0.324607, -0.335079)(0.193717, -0.418848)
				 (316, 284)(-0.0418848, -0.157068)(0.193717, -0.418848)(-0.13089, 0.0628272)(0.120419, -0.293194)(-0.26178, 0.350785)(-0.198953, 0.47644)(-0.0732984, 0.502618)(0, 0.455497)(-0.125654, 0.0680628)(-0.0418848, -0.146597)(0.115183, -0.287958)(0.146597, -0.246073)(0.193717, -0.219895)(0.314136, -0.230366)(0.314136, -0.413613)
descriptor[i][.]=(317, 283)(-0.030303, -0.5)(0.409091, -0.438144)(-0.242424, 0.5)(-1, -1)
				 (317, 283)(-0.0206186, -0.5)(0.278351, -0.438144)(-0.164948, 0.5)(-1, -1)
				 (317, 283)(-0.0206186, -0.5)(-0.206186, -0.417526)(-0.335052, -0.262887)(-0.304124, -0.0670103)(-0.268041, 0.134021)(-0.247423, 0.329897)(-0.164948, 0.5)(-0.0103093, 0.438144)(-0.0979381, 0.268041)(-0.128866, 0.0721649)(-0.056701, -0.118557)(0.0773196, -0.273196)(0.252577, -0.247423)(0.314433, -0.350515)(0.180412, -0.42268)
				 (317, 283)(-0.0618557, -0.113402)(0.195876, -0.417526)(-0.113402, 0.226804)(0.0979381, -0.28866)(-0.221649, 0.469072)(-0.056701, 0.5)(-0.00515464, 0.453608)(-0.108247, 0.231959)(-0.0618557, -0.113402)(0.329897, -0.247423)(0.283505, -0.43299)(0.195876, -0.417526)(0.0670103, -0.494845)(-0.056701, -0.494845)
descriptor[i][.]=(317, 282)(-0.0827068, -0.492308)(0.390977, -0.435897)(-0.240602, 0.502564)(-1, -1)
				 (317, 282)(-0.0564103, -0.492308)(0.266667, -0.435897)(-0.164103, 0.502564)(-1, -1)
				 (317, 282)(0, -0.497436)(-0.184615, -0.435897)(-0.338462, -0.297436)(-0.323077, -0.102564)(-0.271795, 0.0871795)(-0.25641, 0.282051)(-0.2, 0.471795)(-0.0205128, 0.461538)(-0.0717949, 0.307692)(-0.117949, 0.117949)(-0.0769231, -0.0564103)(0.0102564, -0.235897)(0.184615, -0.246154)(0.333333, -0.328205)(0.194872, -0.430769)
				 (317, 282)(-0.0615385, -0.112821)(0.184615, -0.425641)(-0.133333, 0.0615385)(0.0974359, -0.292308)(-0.174359, 0.497436)(-0.0769231, 0.502564)(-0.00512821, 0.45641)(-0.123077, 0.0769231)(-0.0974359, 0.025641)(-0.0615385, -0.112821)(0.194872, -0.241026)(0.34359, -0.312821)(0.266667, -0.435897)(0.184615, -0.425641)(0.102564, -0.482051)
descriptor[i][.]=(317, 280)(-0.0601504, -0.5)(0.406015, -0.465)(-0.210526, 0.5)(-1, -1)
				 (317, 280)(-0.04, -0.5)(0.27, -0.465)(-0.14, 0.5)(-1, -1)
				 (317, 280)(-0.04, -0.5)(-0.21, -0.395)(-0.32, -0.245)(-0.28, -0.055)(-0.265, 0.135)(-0.235, 0.33)(-0.155, 0.485)(-0.01, 0.435)(-0.085, 0.275)(-0.11, 0.08)(-0.05, -0.1)(0.065, -0.265)(0.23, -0.28)(0.29, -0.395)(0.15, -0.455)
				 (317, 280)(-0.02, -0.175)(0.16, -0.45)(-0.12, 0.065)(0.1, -0.31)(-0.215, 0.455)(-0.075, 0.5)(-0.005, 0.455)(-0.11, 0.08)(-0.08, 0.015)(-0.02, -0.16)(0.08, -0.275)(0.325, -0.31)(0.27, -0.465)(0.16, -0.45)(-0.105, -0.47)(-0.295, -0.32)
descriptor[i][.]=(318, 277)(-0.0153846, -0.5)(0.446154, -0.470874)(-0.269231, 0.495146)(-1, -1)
				 (318, 277)(-0.00970874, -0.5)(0.281553, -0.470874)(-0.169903, 0.495146)(-1, -1)
				 (318, 277)(-0.00970874, -0.5)(-0.169903, -0.398058)(-0.305825, -0.262136)(-0.276699, -0.0776699)(-0.242718, 0.106796)(-0.228155, 0.291262)(-0.203883, 0.470874)(-0.0436893, 0.461165)(-0.0728155, 0.325243)(-0.101942, 0.145631)(-0.0582524, -0.0339806)(0.00485437, -0.223301)(0.150485, -0.31068)(0.315534, -0.398058)(0.179612, -0.490291)
				 (318, 277)(-0.11165, 0.0631068)(-0.0776699, 0.378641)(0.0194175, -0.247573)(-0.18932, 0.485437)(-0.0776699, 0.5)(-0.00970874, 0.456311)(-0.0242718, 0.412621)(-0.0776699, 0.378641)(-0.11165, 0.0631068)(-0.0631068, -0.00970874)(0.0194175, -0.242718)(0.218447, -0.315534)(0.281553, -0.470874)(-0.0582524, -0.495146)
descriptor[i][.]=(317, 274)(-0.0708661, -0.483412)(0.330709, -0.49763)(-0.244094, 0.50237)(-1, -1)
				 (317, 274)(-0.042654, -0.483412)(0.199052, -0.49763)(-0.146919, 0.50237)(-1, -1)
				 (317, 274)(0.0236967, -0.49763)(-0.151659, -0.417062)(-0.270142, -0.260664)(-0.274882, -0.0900474)(-0.218009, 0.0900474)(-0.218009, 0.270142)(-0.194313, 0.450237)(-0.0521327, 0.469194)(-0.07109, 0.350711)(-0.0900474, 0.170616)(-0.0616114, -0.00947867)(0.00473934, -0.184834)(0.113744, -0.336493)(0.279621, -0.369668)(0.208531, -0.492891)
				 (317, 274)(-0.0947867, 0.0616114)(-0.07109, 0.383886)(0.0900474, -0.331754)(-0.156398, 0.49763)(-0.07109, 0.50237)(-0.00473934, 0.459716)(-0.0189573, 0.412322)(-0.0616114, 0.322275)(-0.0947867, 0.0616114)(0.0900474, -0.327014)(0.208531, -0.317536)(0.2891, -0.374408)(0.208531, -0.492891)(-0.270142, -0.270142)
descriptor[i][.]=(317, 269)(-0.0416667, -0.477477)(0.375, -0.5)(-0.3, 0.5)(-1, -1)
				 (317, 269)(-0.0225225, -0.477477)(0.202703, -0.5)(-0.162162, 0.5)(-1, -1)
				 (317, 269)(0.166667, -0.5)(-0.00900901, -0.477477)(-0.157658, -0.364865)(-0.252252, -0.207207)(-0.22973, -0.0315315)(-0.198198, 0.148649)(-0.216216, 0.31982)(-0.166667, 0.495495)(-0.00900901, 0.459459)(-0.045045, 0.324324)(-0.0765766, 0.153153)(-0.045045, -0.0135135)(0.00900901, -0.184685)(0.0765766, -0.346847)(0.243243, -0.400901)
				 (317, 269)(-0.0225225, -0.144144)(-0.0810811, 0.234234)(0.0855856, -0.355856)(-0.171171, 0.495495)(-0.0495495, 0.5)(-0.0045045, 0.459459)(-0.0765766, 0.238739)(-0.0225225, -0.144144)(0.0630631, -0.279279)(0.135135, -0.342342)(0.193694, -0.351351)(0.265766, -0.418919)(0.27027, -0.459459)(-0.0810811, -0.45045)(-0.261261, -0.193694)
descriptor[i][.]=(316, 263)(-0.0847458, -0.431624)(0.338983, -0.5)(-0.262712, 0.5)(0, 0.461538)
				 (316, 263)(-0.042735, -0.431624)(0.17094, -0.5)(-0.132479, 0.5)(0, 0.461538)
				 (316, 263)(0.162393, -0.5)(0.0042735, -0.444444)(-0.132479, -0.34188)(-0.217949, -0.188034)(-0.226496, -0.0299145)(-0.183761, 0.132479)(-0.183761, 0.299145)(-0.15812, 0.465812)(-0.0128205, 0.465812)(-0.0470085, 0.32906)(-0.0598291, 0.162393)(-0.0299145, 0)(0.00854701, -0.162393)(0.0683761, -0.324786)(0.222222, -0.376068)
				 (316, 263)(-0.0128205, -0.115385)(-0.0726496, 0.115385)(0.0726496, -0.333333)(-0.141026, 0.495726)(-0.0683761, 0.119658)(-0.0384615, 0.0512821)(-0.0128205, -0.115385)(0.034188, -0.196581)(0.0726496, -0.32906)(0.162393, -0.32906)(0.252137, -0.410256)(0.179487, -0.495726)(-0.0854701, -0.410256)
descriptor[i][.]=(315, 259)(-0.142857, -0.426778)(0.485714, -0.481172)(-0.247619, 0.502092)(0.00952381, 0.468619)
				 (315, 259)(-0.0627615, -0.426778)(0.213389, -0.481172)(-0.108787, 0.502092)(0.0041841, 0.468619)
				 (315, 259)(0.0794979, -0.497908)(-0.0627615, -0.426778)(-0.150628, -0.280335)(-0.209205, -0.121339)(-0.175732, 0.0460251)(-0.167364, 0.209205)(-0.171548, 0.376569)(-0.104603, 0.502092)(-0.0083682, 0.430962)(-0.0502092, 0.276151)(-0.0502092, 0.108787)(-0.0041841, -0.0543933)(0.0460251, -0.217573)(0.083682, -0.364017)(0.221757, -0.451883)
				 (315, 259)(0.0543933, -0.34728)(-0.0502092, 0.0962343)(-0.158996, 0.485356)(-0.125523, 0.497908)(-0.0543933, 0.502092)(0.0041841, 0.468619)(-0.0502092, 0.0962343)(-0.0167364, 0.041841)(0.0543933, -0.32636)(0.133891, -0.355649)(0.213389, -0.430962)(0.221757, -0.476987)(0.0920502, -0.497908)(-0.104603, -0.389121)
descriptor[i][.]=(315, 254)(-0.22, -0.380952)(0.26, -0.5)(-0.3, 0.5)(0.01, 0.464286)
				 (315, 254)(-0.0873016, -0.380952)(0.103175, -0.5)(-0.119048, 0.5)(0.00396825, 0.464286)
				 (315, 254)(0.0833333, -0.5)(-0.0357143, -0.404762)(-0.134921, -0.281746)(-0.18254, -0.123016)(-0.166667, 0.0396825)(-0.15873, 0.198413)(-0.170635, 0.357143)(-0.111111, 0.5)(-0.00793651, 0.428571)(-0.0436508, 0.281746)(-0.0357143, 0.123016)(0.00396825, -0.031746)(0.0436508, -0.194444)(0.0595238, -0.345238)(0.18254, -0.412698)
				 (315, 254)(0.0396825, -0.329365)(0.0238095, -0.43254)(-0.154762, 0.464286)(-0.126984, 0.496032)(-0.0396825, 0.5)(0.126984, -0.34127)(0.198413, -0.420635)(0.15873, -0.47619)(0.103175, -0.5)(0.0238095, -0.43254)
descriptor[i][.]=(311, 253)(-0.215909, -0.385827)(0.340909, -0.5)(-0.295455, 0.496063)(0.0568182, 0.464567)
				 (311, 253)(-0.0748031, -0.385827)(0.11811, -0.5)(-0.102362, 0.496063)(0.019685, 0.464567)
				 (311, 253)(0.106299, -0.5)(-0.0275591, -0.42126)(-0.122047, -0.291339)(-0.145669, -0.133858)(-0.149606, 0.019685)(-0.122047, 0.177165)(-0.153543, 0.334646)(-0.114173, 0.484252)(0.019685, 0.464567)(-0.011811, 0.330709)(-0.00393701, 0.177165)(0.023622, 0.023622)(0.0551181, -0.133858)(0.0511811, -0.291339)(0.133858, -0.389764)
				 (311, 253)(-0.122047, 0.137795)(0.0433071, -0.346457)(-0.169291, -0.019685)(-0.125984, 0.133858)(-0.110236, 0.492126)(-0.0472441, 0.5)(0.0944882, -0.358268)(0.173228, -0.444882)(0.165354, -0.484252)(0.11811, -0.5)(0.0275591, -0.480315)
descriptor[i][.]=(309, 251)(-0.253012, -0.36965)(0.373494, -0.498054)(-0.289157, 0.498054)(0.0481928, 0.466926)
				 (309, 251)(-0.0817121, -0.36965)(0.120623, -0.498054)(-0.0933852, 0.498054)(0.0155642, 0.466926)
				 (309, 251)(0.0466926, -0.498054)(-0.0622568, -0.381323)(-0.120623, -0.237354)(-0.143969, -0.0817121)(-0.116732, 0.0661479)(-0.11284, 0.22179)(-0.136187, 0.377432)(-0.07393, 0.486381)(0.00389105, 0.428016)(-0.00389105, 0.272374)(0.00389105, 0.116732)(0.0544747, -0.0350195)(0.0622568, -0.190661)(0.0466926, -0.346304)(0.159533, -0.44358)
				 (309, 251)(0.0428016, -0.342412)(-0.116732, 0.48249)(-0.0389105, 0.501946)(0.0155642, 0.466926)(0.0661479, -0.077821)(0.101167, -0.357977)(0.159533, -0.435798)(0.163424, -0.48249)(0.0466926, -0.498054)
descriptor[i][.]=(309, 246)(-0.05, -0.434457)(0.275, -0.498127)(-0.3, 0.501873)(0.0875, 0.468165)
				 (309, 246)(-0.0149813, -0.434457)(0.082397, -0.498127)(-0.0898876, 0.501873)(0.0262172, 0.468165)
				 (309, 246)(0.0749064, -0.498127)(-0.0149813, -0.397004)(-0.11985, -0.269663)(-0.116105, -0.116105)(-0.134831, 0.0337079)(-0.104869, 0.179775)(-0.127341, 0.329588)(-0.108614, 0.479401)(0.0262172, 0.468165)(-0.00749064, 0.325843)(0.00374532, 0.172285)(0.0374532, 0.0187266)(0.0599251, -0.134831)(0.0411985, -0.28839)(0.116105, -0.400749)
				 (309, 246)(-0.11236, -0.123596)(-0.101124, 0.157303)(0.0337079, -0.318352)(-0.11236, -0.123596)(-0.101124, 0.157303)(-0.131086, 0.370787)(-0.0973783, 0.498127)(-0.0262172, 0.501873)(0.0749064, -0.333333)(0.149813, -0.426966)(0.0898876, -0.494382)
descriptor[i][.]=(307, 246)(-0.0131579, -0.429104)(0.302632, -0.5)(-0.263158, 0.5)(0.118421, 0.466418)
				 (307, 246)(-0.00373134, -0.429104)(0.0858209, -0.5)(-0.0746269, 0.5)(0.0335821, 0.466418)
				 (307, 246)(0.0820896, -0.5)(-0.0261194, -0.38806)(-0.11194, -0.264925)(-0.11194, -0.11194)(-0.123134, 0.0335821)(-0.0932836, 0.179104)(-0.115672, 0.328358)(-0.100746, 0.473881)(0.0261194, 0.470149)(-0.00373134, 0.33209)(0.0149254, 0.182836)(0.0485075, 0.0335821)(0.0671642, -0.119403)(0.0485075, -0.268657)(0.119403, -0.373134)
				 (307, 246)(-0.108209, -0.115672)(-0.0932836, 0.141791)(0.0335821, -0.313433)(-0.108209, -0.115672)(-0.0970149, 0.13806)(-0.126866, 0.38806)(-0.104478, 0.470149)(-0.0820896, 0.496269)(-0.0186567, 0.5)(0.0783582, -0.33209)(0.115672, -0.358209)(0.13806, -0.41791)(0.0858209, -0.5)(-0.00373134, -0.429104)
descriptor[i][.]=(305, 247)(-0.0277778, -0.432331)(0.361111, -0.5)(-0.0694444, 0.5)(0.152778, 0.466165)
				 (305, 247)(-0.0075188, -0.432331)(0.0977444, -0.5)(-0.018797, 0.5)(0.0413534, 0.466165)
				 (305, 247)(0.093985, -0.5)(-0.0075188, -0.402256)(-0.105263, -0.278195)(-0.105263, -0.12782)(-0.12406, 0.0225564)(-0.0864662, 0.161654)(-0.101504, 0.308271)(-0.109023, 0.458647)(0.0150376, 0.469925)(0.0112782, 0.342105)(0.0338346, 0.191729)(0.075188, 0.056391)(0.0676692, -0.0977444)(0.0526316, -0.24812)(0.112782, -0.360902)
				 (305, 247)(-0.101504, -0.131579)(-0.101504, -0.131579)(-0.0827068, 0.488722)(-0.018797, 0.5)(0.135338, -0.43609)(0.0977444, -0.5)
descriptor[i][.]=(305, 247)(-0.0277778, -0.469925)(0.236111, -0.5)(-0.277778, 0.5)(0.152778, 0.466165)
				 (305, 247)(-0.0075188, -0.469925)(0.0639098, -0.5)(-0.075188, 0.5)(0.0413534, 0.466165)
				 (305, 247)(0.0488722, -0.5)(-0.0338346, -0.387218)(-0.112782, -0.255639)(-0.112782, -0.0977444)(-0.101504, 0.0526316)(-0.093985, 0.210526)(-0.105263, 0.368421)(-0.0526316, 0.5)(0.0263158, 0.424812)(0.0263158, 0.266917)(0.0300752, 0.109023)(0.12782, 0.0150376)(0.0601504, -0.131579)(0.037594, -0.289474)(0.12782, -0.417293)
				 (305, 247)(-0.0902256, 0.075188)(0.018797, 0.139098)(0.037594, -0.315789)(-0.0150376, -0.394737)(0.0112782, 0.383459)(0.0488722, 0.0451128)(-0.12406, 0.0300752)(-0.093985, 0.0714286)(-0.093985, 0.481203)(-0.0112782, 0.5)(0.0413534, 0.466165)(0.0150376, 0.387218)(0.037594, 0.214286)(0.018797, 0.139098)(0.0451128, 0.0639098)(0.116541, 0.037594)(0.0902256, -0.345865)(0.116541, -0.379699)(0.135338, -0.473684)(0.0639098, -0.5)(0, -0.481203)(-0.0150376, -0.398496)(-0.0338346, -0.387218)(-0.101504, -0.315789)
descriptor[i][.]=(309, 249)(-0.0240964, -0.490421)(0.192771, -0.498084)(-0.26506, 0.501916)(0.0843373, 0.467433)
				 (309, 249)(-0.00766284, -0.490421)(0.0613027, -0.498084)(-0.0842912, 0.501916)(0.0268199, 0.467433)
				 (309, 249)(0.0383142, -0.498084)(-0.0536398, -0.398467)(-0.137931, -0.264368)(-0.137931, -0.0996169)(-0.122605, 0.0651341)(-0.114943, 0.222222)(-0.130268, 0.383142)(-0.0498084, 0.498084)(0.00766284, 0.394636)(0.0114943, 0.229885)(0.0153257, 0.0766284)(0.118774, -0.0191571)(0.0996169, -0.10728)(0.0344828, -0.249042)(0.091954, -0.37931)
				 (309, 249)(-0.103448, 0.172414)(0.0306513, 0.0114943)(0.0344828, -0.199234)(-0.0383142, -0.40613)(-0.111111, 0.0804598)(0.0574713, -0.0191571)(0.0229885, -0.333333)(-0.122605, 0.0689655)(-0.118774, 0.0996169)(-0.10728, 0.168582)(-0.0996169, 0.494253)(-0.0229885, 0.501916)(0.0306513, 0.0114943)(0.1341, -0.00383142)(0.0383142, -0.195402)(0.0421456, -0.268199)(0.114943, -0.45977)(0.0689655, -0.494253)(-0.00766284, -0.490421)(-0.0766284, -0.394636)(-0.130268, -0.333333)
