bendDescr17.dat
size1 42
size3 43
beh_type.id 8
sizes[]=35 37 40 39 39 41 37 38 41 41 46 44 38 39 38 40 41 41 38 39 40 42 44 39 42 41 45 40 41 39 45 43 39 41 34 33 34 39 36 34 34 34 
thresholds[]=0.16 0.16 0.16 0.16 0.16 0.16 0.16 0.16 0.16 0.16 0.16 0.16 0.16 0.16 0.16 0.16 0.16 0.16 0.16 0.16 0.16 0.16 0.16 0.16 0.16 0.16 0.16 0.16 0.16 0.16 0.16 0.16 0.16 0.16 0.16 0.16 0.16 0.16 0.16 0.16 0.16 0.16 
map[0][.]=0 1 0 0 0 0 0 0 0 0 0 0 0 0 0 0 0 0 0 0 0 0 0 0 0 0 0 0 0 0 0 0 0 0 0 0 0 0 0 0 0 0 0 
map[1][.]=0 0 1 0 0 0 0 0 0 0 0 0 0 0 0 0 0 0 0 0 0 0 0 0 0 0 0 0 0 0 0 0 0 0 0 0 0 0 0 0 0 0 0 
map[2][.]=0 0 0 1 0 0 0 0 0 0 0 0 0 0 0 0 0 0 0 0 0 0 0 0 0 0 0 0 0 0 0 0 0 0 0 0 0 0 0 0 0 0 0 
map[3][.]=0 0 0 0 1 0 0 0 0 0 0 0 0 0 0 0 0 0 0 0 0 0 0 0 0 0 0 0 0 0 0 0 0 0 0 0 0 0 0 0 0 0 0 
map[4][.]=0 0 0 0 0 1 0 0 0 0 0 0 0 0 0 0 0 0 0 0 0 0 0 0 0 0 0 0 0 0 0 0 0 0 0 0 0 0 0 0 0 0 0 
map[5][.]=0 0 0 0 0 0 1 0 0 0 0 0 0 0 0 0 0 0 0 0 0 0 0 0 0 0 0 0 0 0 0 0 0 0 0 0 0 0 0 0 0 0 0 
map[6][.]=0 0 0 0 0 0 0 1 0 0 0 0 0 0 0 0 0 0 0 0 0 0 0 0 0 0 0 0 0 0 0 0 0 0 0 0 0 0 0 0 0 0 0 
map[7][.]=0 0 0 0 0 0 0 0 1 0 0 0 0 0 0 0 0 0 0 0 0 0 0 0 0 0 0 0 0 0 0 0 0 0 0 0 0 0 0 0 0 0 0 
map[8][.]=0 0 0 0 0 0 0 0 0 1 0 0 0 0 0 0 0 0 0 0 0 0 0 0 0 0 0 0 0 0 0 0 0 0 0 0 0 0 0 0 0 0 0 
map[9][.]=0 0 0 0 0 0 0 0 0 0 1 0 0 0 0 0 0 0 0 0 0 0 0 0 0 0 0 0 0 0 0 0 0 0 0 0 0 0 0 0 0 0 0 
map[10][.]=0 0 0 0 0 0 0 0 0 0 0 1 0 0 0 0 0 0 0 0 0 0 0 0 0 0 0 0 0 0 0 0 0 0 0 0 0 0 0 0 0 0 0 
map[11][.]=0 0 0 0 0 0 0 0 0 0 0 0 1 0 0 0 0 0 0 0 0 0 0 0 0 0 0 0 0 0 0 0 0 0 0 0 0 0 0 0 0 0 0 
map[12][.]=0 0 0 0 0 0 0 0 0 0 0 0 0 1 0 0 0 0 0 0 0 0 0 0 0 0 0 0 0 0 0 0 0 0 0 0 0 0 0 0 0 0 0 
map[13][.]=0 0 0 0 0 0 0 0 0 0 0 0 0 0 1 0 0 0 0 0 0 0 0 0 0 0 0 0 0 0 0 0 0 0 0 0 0 0 0 0 0 0 0 
map[14][.]=0 0 0 0 0 0 0 0 0 0 0 0 0 0 0 1 0 0 0 0 0 0 0 0 0 0 0 0 0 0 0 0 0 0 0 0 0 0 0 0 0 0 0 
map[15][.]=0 0 0 0 0 0 0 0 0 0 0 0 0 0 0 0 1 0 0 0 0 0 0 0 0 0 0 0 0 0 0 0 0 0 0 0 0 0 0 0 0 0 0 
map[16][.]=0 0 0 0 0 0 0 0 0 0 0 0 0 0 0 0 0 1 0 0 0 0 0 0 0 0 0 0 0 0 0 0 0 0 0 0 0 0 0 0 0 0 0 
map[17][.]=0 0 0 0 0 0 0 0 0 0 0 0 0 0 0 0 0 0 1 0 0 0 0 0 0 0 0 0 0 0 0 0 0 0 0 0 0 0 0 0 0 0 0 
map[18][.]=0 0 0 0 0 0 0 0 0 0 0 0 0 0 0 0 0 0 0 1 0 0 0 0 0 0 0 0 0 0 0 0 0 0 0 0 0 0 0 0 0 0 0 
map[19][.]=0 0 0 0 0 0 0 0 0 0 0 0 0 0 0 0 0 0 0 0 1 0 0 0 0 0 0 0 0 0 0 0 0 0 0 0 0 0 0 0 0 0 0 
map[20][.]=0 0 0 0 0 0 0 0 0 0 0 0 0 0 0 0 0 0 0 0 0 1 0 0 0 0 0 0 0 0 0 0 0 0 0 0 0 0 0 0 0 0 0 
map[21][.]=0 0 0 0 0 0 0 0 0 0 0 0 0 0 0 0 0 0 0 0 0 0 1 0 0 0 0 0 0 0 0 0 0 0 0 0 0 0 0 0 0 0 0 
map[22][.]=0 0 0 0 0 0 0 0 0 0 0 0 0 0 0 0 0 0 0 0 0 0 0 1 0 0 0 0 0 0 0 0 0 0 0 0 0 0 0 0 0 0 0 
map[23][.]=0 0 0 0 0 0 0 0 0 0 0 0 0 0 0 0 0 0 0 0 0 0 0 0 1 0 0 0 0 0 0 0 0 0 0 0 0 0 0 0 0 0 0 
map[24][.]=0 0 0 0 0 0 0 0 0 0 0 0 0 0 0 0 0 0 0 0 0 0 0 0 0 1 0 0 0 0 0 0 0 0 0 0 0 0 0 0 0 0 0 
map[25][.]=0 0 0 0 0 0 0 0 0 0 0 0 0 0 0 0 0 0 0 0 0 0 0 0 0 0 1 0 0 0 0 0 0 0 0 0 0 0 0 0 0 0 0 
map[26][.]=0 0 0 0 0 0 0 0 0 0 0 0 0 0 0 0 0 0 0 0 0 0 0 0 0 0 0 1 0 0 0 0 0 0 0 0 0 0 0 0 0 0 0 
map[27][.]=0 0 0 0 0 0 0 0 0 0 0 0 0 0 0 0 0 0 0 0 0 0 0 0 0 0 0 0 1 0 0 0 0 0 0 0 0 0 0 0 0 0 0 
map[28][.]=0 0 0 0 0 0 0 0 0 0 0 0 0 0 0 0 0 0 0 0 0 0 0 0 0 0 0 0 0 1 0 0 0 0 0 0 0 0 0 0 0 0 0 
map[29][.]=0 0 0 0 0 0 0 0 0 0 0 0 0 0 0 0 0 0 0 0 0 0 0 0 0 0 0 0 0 0 1 0 0 0 0 0 0 0 0 0 0 0 0 
map[30][.]=0 0 0 0 0 0 0 0 0 0 0 0 0 0 0 0 0 0 0 0 0 0 0 0 0 0 0 0 0 0 0 1 0 0 0 0 0 0 0 0 0 0 0 
map[31][.]=0 0 0 0 0 0 0 0 0 0 0 0 0 0 0 0 0 0 0 0 0 0 0 0 0 0 0 0 0 0 0 0 1 0 0 0 0 0 0 0 0 0 0 
map[32][.]=0 0 0 0 0 0 0 0 0 0 0 0 0 0 0 0 0 0 0 0 0 0 0 0 0 0 0 0 0 0 0 0 0 1 0 0 0 0 0 0 0 0 0 
map[33][.]=0 0 0 0 0 0 0 0 0 0 0 0 0 0 0 0 0 0 0 0 0 0 0 0 0 0 0 0 0 0 0 0 0 0 1 0 0 0 0 0 0 0 0 
map[34][.]=0 0 0 0 0 0 0 0 0 0 0 0 0 0 0 0 0 0 0 0 0 0 0 0 0 0 0 0 0 0 0 0 0 0 0 1 0 0 0 0 0 0 0 
map[35][.]=0 0 0 0 0 0 0 0 0 0 0 0 0 0 0 0 0 0 0 0 0 0 0 0 0 0 0 0 0 0 0 0 0 0 0 0 1 0 0 0 0 0 0 
map[36][.]=0 0 0 0 0 0 0 0 0 0 0 0 0 0 0 0 0 0 0 0 0 0 0 0 0 0 0 0 0 0 0 0 0 0 0 0 0 1 0 0 0 0 0 
map[37][.]=0 0 0 0 0 0 0 0 0 0 0 0 0 0 0 0 0 0 0 0 0 0 0 0 0 0 0 0 0 0 0 0 0 0 0 0 0 0 1 0 0 0 0 
map[38][.]=0 0 0 0 0 0 0 0 0 0 0 0 0 0 0 0 0 0 0 0 0 0 0 0 0 0 0 0 0 0 0 0 0 0 0 0 0 0 0 1 0 0 0 
map[39][.]=0 0 0 0 0 0 0 0 0 0 0 0 0 0 0 0 0 0 0 0 0 0 0 0 0 0 0 0 0 0 0 0 0 0 0 0 0 0 0 0 1 0 0 
map[40][.]=0 0 0 0 0 0 0 0 0 0 0 0 0 0 0 0 0 0 0 0 0 0 0 0 0 0 0 0 0 0 0 0 0 0 0 0 0 0 0 0 0 1 0 
map[41][.]=0 0 0 0 0 0 0 0 0 0 0 0 0 0 0 0 0 0 0 0 0 0 0 0 0 0 0 0 0 0 0 0 0 0 0 0 0 0 0 0 0 0 1 
map[42][.]=0 0 0 0 0 0 0 0 0 0 0 0 0 0 0 0 0 0 0 0 0 0 0 0 0 0 0 0 0 0 0 0 0 0 0 0 0 0 0 0 0 0 0 
isLast[.]=false false false false false false false false false false false false false false false false false false false false false false false false false false false false false false false false false false false false false false false false false false true 
descriptor[i][.]=(215, 252)(-0.0384615, -0.427419)(0.230769, -0.5)(-0.371795, 0.5)(0.0641026, 0.5)
				 (215, 252)(-0.0120968, -0.427419)(0.0725806, -0.5)(-0.116935, 0.5)(0.0201613, 0.5)
				 (215, 252)(0.0725806, -0.5)(-0.0282258, -0.379032)(-0.100806, -0.241935)(-0.137097, -0.0927419)(-0.141129, 0.0564516)(-0.120968, 0.209677)(-0.149194, 0.358871)(-0.112903, 0.495968)(0.0443548, 0.495968)(-0.0120968, 0.375)(-0.00403226, 0.221774)(0.0241935, 0.0685484)(0.0362903, -0.0846774)(0.0806452, -0.237903)(0.145161, -0.379032)
				 (215, 252)(-0.0201613, 0.278226)(-0.0201613, 0.419355)(-0.125, 0.495968)(0.0524194, 0.491935)(-0.0201613, 0.278226)(0.0725806, -0.5)(0.0322581, -0.483871)(-0.0725806, -0.33871)
descriptor[i][.]=(217, 254)(-0.216867, -0.348361)(0.26506, -0.5)(-0.373494, 0.5)(0.0361446, 0.5)
				 (217, 254)(-0.0737705, -0.348361)(0.0901639, -0.5)(-0.127049, 0.5)(0.0122951, 0.5)
				 (217, 254)(0.0614754, -0.5)(-0.045082, -0.368852)(-0.110656, -0.233607)(-0.159836, -0.0860656)(-0.151639, 0.0696721)(-0.155738, 0.221311)(-0.163934, 0.377049)(-0.102459, 0.5)(0.0286885, 0.467213)(-0.0204918, 0.331967)(-0.0122951, 0.184426)(0.0163934, 0.0286885)(0.0368852, -0.127049)(0.0819672, -0.282787)(0.172131, -0.418033)
				 (217, 254)(0.0122951, -0.0614754)(-0.0327869, 0.286885)(0.0819672, -0.282787)(-0.135246, 0.495902)(0.0122951, 0.5)(-0.0286885, 0.290984)(0.0122951, -0.0614754)(0.155738, -0.364754)(0.159836, -0.471311)(0.0614754, -0.5)
descriptor[i][.]=(219, 256)(-0.043956, -0.395833)(0.373626, -0.5)(-0.373626, 0.5)(0.0769231, 0.495833)
				 (219, 256)(-0.0166667, -0.395833)(0.141667, -0.5)(-0.141667, 0.5)(0.0291667, 0.495833)
				 (219, 256)(0.129167, -0.5)(0.00833333, -0.404167)(-0.1, -0.2875)(-0.158333, -0.133333)(-0.175, 0.025)(-0.154167, 0.183333)(-0.175, 0.341667)(-0.15, 0.495833)(0.00833333, 0.495833)(-0.0375, 0.4)(-0.0333333, 0.241667)(-0.0166667, 0.0833333)(0.00416667, -0.075)(0.0708333, -0.233333)(0.166667, -0.3625)
				 (219, 256)(-0.00416667, -0.0625)(0.00833333, -0.404167)(-0.0375, 0.420833)(-0.158333, 0.483333)(0.0291667, 0.495833)(0.0375, 0.466667)(0, 0.025)(-0.00416667, -0.0625)(0.191667, -0.408333)(0.158333, -0.4875)(0.0583333, -0.479167)(0.00833333, -0.404167)(-0.075, -0.354167)
descriptor[i][.]=(219, 257)(-0.12766, -0.371308)(0.329787, -0.49789)(-0.404255, 0.50211)(0.0744681, 0.481013)
				 (219, 257)(-0.0506329, -0.371308)(0.130802, -0.49789)(-0.160338, 0.50211)(0.0295359, 0.481013)
				 (219, 257)(0.122363, -0.49789)(-0.00421941, -0.396624)(-0.109705, -0.270042)(-0.177215, -0.122363)(-0.185654, 0.0337553)(-0.160338, 0.189873)(-0.181435, 0.350211)(-0.156118, 0.50211)(0, 0.493671)(-0.0337553, 0.383966)(-0.0379747, 0.227848)(-0.021097, 0.0675105)(0, -0.0886076)(0.0759494, -0.240506)(0.194093, -0.362869)
				 (219, 257)(-0.00421941, -0.0759494)(-0.0337553, 0.421941)(0.0886076, -0.270042)(-0.168776, 0.49789)(-0.021097, 0.50211)(0.0337553, 0.476793)(-0.00421941, -0.0759494)(0.0886076, -0.270042)(0.185654, -0.350211)(0.185654, -0.451477)(0.130802, -0.49789)(0.0843882, -0.481013)
descriptor[i][.]=(223, 264)(-0.0733945, -0.401786)(0.394495, -0.495536)(-0.348624, 0.5)(0.0550459, 0.482143)
				 (223, 264)(-0.0357143, -0.401786)(0.191964, -0.495536)(-0.169643, 0.5)(0.0267857, 0.482143)
				 (223, 264)(0.151786, -0.5)(-0.00892857, -0.415179)(-0.142857, -0.28125)(-0.227679, -0.120536)(-0.21875, 0.0535714)(-0.205357, 0.223214)(-0.205357, 0.392857)(-0.111607, 0.5)(0.0223214, 0.459821)(-0.0580357, 0.330357)(-0.0714286, 0.165179)(-0.0491071, -0.00446429)(0.0133929, -0.165179)(0.129464, -0.272321)(0.241071, -0.397321)
				 (223, 264)(-0.0401786, -0.0982143)(-0.0580357, 0.397321)(0.0848214, -0.272321)(-0.178571, 0.495536)(0.0357143, 0.477679)(-0.0401786, -0.0982143)(0.0803571, -0.263393)(0.142857, -0.272321)(0.245536, -0.397321)(0.174107, -0.5)(-0.0357143, -0.401786)(-0.0892857, -0.357143)
descriptor[i][.]=(223, 267)(-0.0442478, -0.417431)(0.433628, -0.495413)(-0.336283, 0.5)(0.0265487, 0.481651)
				 (223, 267)(-0.0229358, -0.417431)(0.224771, -0.495413)(-0.174312, 0.5)(0.0137615, 0.481651)
				 (223, 267)(0.174312, -0.5)(0.00917431, -0.431193)(-0.133028, -0.316514)(-0.238532, -0.155963)(-0.233945, 0.0137615)(-0.224771, 0.188073)(-0.224771, 0.362385)(-0.142202, 0.5)(0.0229358, 0.472477)(-0.059633, 0.344037)(-0.0733945, 0.169725)(-0.059633, -0.00458716)(-0.00458716, -0.169725)(0.12844, -0.270642)(0.261468, -0.376147)
				 (223, 267)(-0.0458716, -0.114679)(-0.0825688, 0.247706)(0.0779817, -0.270642)(-0.211009, 0.426606)(-0.183486, 0.495413)(0.0229358, 0.477064)(-0.0779817, 0.252294)(-0.0458716, -0.114679)(0.0504587, -0.224771)(0.151376, -0.266055)(0.261468, -0.376147)(0.233945, -0.490826)(0.174312, -0.5)(-0.247706, -0.146789)
descriptor[i][.]=(224, 272)(-0.025641, -0.439614)(0.452991, -0.492754)(-0.324786, 0.502415)(0.042735, 0.483092)
				 (224, 272)(-0.0144928, -0.439614)(0.256039, -0.492754)(-0.183575, 0.502415)(0.0241546, 0.483092)
				 (224, 272)(0.207729, -0.497585)(0.0241546, -0.454106)(-0.140097, -0.347826)(-0.26087, -0.193237)(-0.270531, -0.00966184)(-0.241546, 0.173913)(-0.231884, 0.362319)(-0.144928, 0.502415)(0.0338164, 0.47343)(-0.0628019, 0.342995)(-0.0917874, 0.15942)(-0.0917874, -0.0241546)(-0.00966184, -0.193237)(0.149758, -0.26087)(0.285024, -0.357488)
				 (224, 272)(-0.0869565, -0.0821256)(-0.0724638, 0.400966)(0.0821256, -0.275362)(-0.207729, 0.478261)(0.0338164, 0.478261)(0.057971, -0.241546)(0.202899, -0.246377)(0.285024, -0.347826)(0.256039, -0.492754)(0.0193237, -0.454106)
descriptor[i][.]=(224, 277)(-0.0165289, -0.464646)(0.487603, -0.479798)(-0.355372, 0.5)(0.0413223, 0.479798)
				 (224, 277)(-0.010101, -0.464646)(0.29798, -0.479798)(-0.217172, 0.5)(0.0252525, 0.479798)
				 (224, 277)(0.227273, -0.5)(0.0252525, -0.464646)(-0.156566, -0.363636)(-0.292929, -0.19697)(-0.287879, 0.00505051)(-0.252525, 0.212121)(-0.237374, 0.409091)(-0.116162, 0.5)(0, 0.444444)(-0.0858586, 0.282828)(-0.10101, 0.0808081)(-0.0909091, -0.121212)(0.0656566, -0.272727)(0.207071, -0.217172)(0.308081, -0.343434)
				 (224, 277)(-0.0909091, -0.136364)(-0.0757576, 0.393939)(0.116162, -0.318182)(-0.227273, 0.494949)(0.0353535, 0.474747)(-0.0757576, 0.393939)(0.217172, -0.212121)(0.267677, -0.217172)(0.308081, -0.469697)(-0.010101, -0.464646)(-0.0858586, -0.429293)
descriptor[i][.]=(228, 281)(-0.17037, -0.444444)(0.414815, -0.492063)(-0.318519, 0.502646)(0, 0.460317)
				 (228, 281)(-0.121693, -0.444444)(0.296296, -0.492063)(-0.227513, 0.502646)(0, 0.460317)
				 (228, 281)(0.195767, -0.497354)(-0.021164, -0.47619)(-0.216931, -0.359788)(-0.343915, -0.185185)(-0.312169, 0.037037)(-0.291005, 0.253968)(-0.238095, 0.460317)(-0.0582011, 0.502646)(-0.100529, 0.37037)(-0.132275, 0.153439)(-0.126984, -0.0634921)(-0.021164, -0.232804)(0.153439, -0.291005)(0.322751, -0.190476)(0.333333, -0.386243)
				 (228, 281)(-0.111111, -0.179894)(-0.100529, 0.386243)(0.10582, -0.338624)(-0.275132, 0.417989)(-0.238095, 0.497354)(-0.0582011, 0.502646)(0, 0.460317)(-0.111111, -0.179894)(0.227513, -0.185185)(0.301587, -0.179894)(0.296296, -0.492063)(0.021164, -0.492063)(-0.121693, -0.444444)(-0.333333, -0.243386)
descriptor[i][.]=(231, 284)(-0.05, -0.486339)(0.407143, -0.469945)(-0.314286, 0.502732)(-1, -1)
				 (231, 284)(-0.0382514, -0.486339)(0.311475, -0.469945)(-0.240437, 0.502732)(-1, -1)
				 (231, 284)(0.0218579, -0.497268)(-0.196721, -0.409836)(-0.36612, -0.256831)(-0.36612, -0.0327869)(-0.327869, 0.191257)(-0.295082, 0.415301)(-0.114754, 0.497268)(-0.10929, 0.398907)(-0.153005, 0.174863)(-0.153005, -0.0491803)(-0.0655738, -0.234973)(0.147541, -0.295082)(0.327869, -0.142077)(0.36612, -0.338798)(0.245902, -0.47541)
				 (231, 284)(-0.142077, -0.191257)(-0.131148, 0.355191)(0.0983607, -0.333333)(-0.251366, 0.497268)(-0.0710383, 0.502732)(-0.0163934, 0.469945)(0, -0.256831)(0.0983607, -0.333333)(0.322404, -0.142077)(0.311475, -0.469945)(0.0491803, -0.497268)(-0.0655738, -0.480874)(-0.10929, -0.464481)(-0.344262, -0.31694)
descriptor[i][.]=(233, 287)(-0.452703, -0.338983)(0.358108, -0.451977)(-0.337838, 0.497175)(-1, -1)
				 (233, 287)(-0.378531, -0.338983)(0.299435, -0.451977)(-0.282486, 0.497175)(-1, -1)
				 (233, 287)(0.0338983, -0.497175)(-0.19209, -0.435028)(-0.389831, -0.305085)(-0.384181, -0.0734463)(-0.350282, 0.158192)(-0.322034, 0.384181)(-0.169492, 0.502825)(-0.124294, 0.389831)(-0.175141, 0.152542)(-0.186441, -0.079096)(-0.0621469, -0.242938)(0.141243, -0.288136)(0.333333, -0.107345)(0.39548, -0.288136)(0.271186, -0.457627)
				 (233, 287)(-0.158192, -0.20904)(0.333333, -0.333333)(-0.175141, 0.20904)(0.101695, -0.338983)(-0.282486, 0.497175)(-0.107345, 0.502825)(-0.0508475, 0.457627)(-0.158192, 0.231638)(-0.158192, -0.19774)(-0.101695, -0.225989)(0.0225989, -0.276836)(0.0960452, -0.333333)(0.344633, -0.101695)(0.384181, -0.316384)(0.333333, -0.333333)(0.322034, -0.423729)(0.0508475, -0.497175)(-0.310734, -0.389831)(-0.372881, -0.344633)
descriptor[i][.]=(233, 289)(-0.442953, -0.362069)(0.362416, -0.442529)(-0.362416, 0.494253)(-1, -1)
				 (233, 289)(-0.37931, -0.362069)(0.310345, -0.442529)(-0.310345, 0.494253)(-1, -1)
				 (233, 289)(0, -0.5)(-0.229885, -0.436782)(-0.413793, -0.287356)(-0.390805, -0.045977)(-0.350575, 0.195402)(-0.310345, 0.436782)(-0.126437, 0.494253)(-0.149425, 0.373563)(-0.178161, 0.137931)(-0.189655, -0.103448)(-0.0402299, -0.252874)(0.166667, -0.241379)(0.37931, -0.103448)(0.385057, -0.316092)(0.241379, -0.454023)
				 (233, 289)(-0.16092, -0.224138)(-0.149425, 0.373563)(0.0862069, -0.321839)(-0.310345, 0.494253)(-0.0862069, 0.5)(-0.0344828, 0.454023)(-0.143678, 0.333333)(-0.0689655, -0.241379)(0.0804598, -0.316092)(0.229885, -0.16092)(0.293103, -0.114943)(0.344828, -0.091954)(0.408046, -0.109195)(0.431034, -0.229885)(0.316092, -0.436782)(-0.287356, -0.41954)(-0.37931, -0.362069)
descriptor[i][.]=(232, 291)(-0.452703, -0.364706)(0.432432, -0.364706)(-0.358108, 0.494118)(-1, -1)
				 (232, 291)(-0.394118, -0.364706)(0.376471, -0.364706)(-0.311765, 0.494118)(-1, -1)
				 (232, 291)(-0.0529412, -0.5)(-0.288235, -0.417647)(-0.435294, -0.229412)(-0.388235, 0.0176471)(-0.352941, 0.264706)(-0.294118, 0.5)(-0.0529412, 0.482353)(-0.152941, 0.3)(-0.176471, 0.0588235)(-0.188235, -0.188235)(0.0352941, -0.294118)(0.205882, -0.164706)(0.394118, -0.0882353)(0.364706, -0.305882)(0.194118, -0.429412)
				 (232, 291)(-0.182353, -0.211765)(-0.147059, 0.370588)(0.111765, -0.311765)(-0.311765, 0.494118)(-0.0235294, 0.470588)(0.241176, -0.0941176)(0.311765, -0.0470588)(0.423529, -0.1)(0.323529, -0.411765)(-0.164706, -0.470588)(-0.382353, -0.376471)
descriptor[i][.]=(229, 293)(-0.427586, -0.4)(0.406897, -0.393939)(-0.344828, 0.49697)(-1, -1)
				 (229, 293)(-0.375758, -0.4)(0.357576, -0.393939)(-0.30303, 0.49697)(-1, -1)
				 (229, 293)(-0.115152, -0.49697)(-0.357576, -0.406061)(-0.406061, -0.169697)(-0.363636, 0.0787879)(-0.351515, 0.333333)(-0.212121, 0.50303)(-0.0363636, 0.430303)(-0.151515, 0.218182)(-0.175758, -0.0363636)(-0.109091, -0.248485)(0.133333, -0.266667)(0.266667, -0.0666667)(0.436364, -0.115152)(0.375758, -0.357576)(0.139394, -0.478788)
				 (229, 293)(-0.169697, -0.218182)(-0.133333, 0.369697)(0.121212, -0.290909)(-0.30303, 0.49697)(-0.0666667, 0.50303)(-0.0242424, 0.472727)(0.169697, -0.157576)(0.272727, -0.0424242)(0.418182, -0.0424242)(0.442424, -0.121212)(0.357576, -0.393939)(-0.375758, -0.4)
descriptor[i][.]=(227, 294)(-0.41844, -0.417178)(0.453901, -0.343558)(-0.312057, 0.496933)(0.439716, 0.00613497)
				 (227, 294)(-0.361963, -0.417178)(0.392638, -0.343558)(-0.269939, 0.496933)(0.380368, 0.00613497)
				 (227, 294)(-0.104294, -0.496933)(-0.355828, -0.417178)(-0.404908, -0.171779)(-0.349693, 0.0858896)(-0.331288, 0.343558)(-0.177914, 0.503067)(-0.0674847, 0.411043)(-0.159509, 0.177914)(-0.159509, -0.0797546)(-0.0490798, -0.245399)(0.147239, -0.226994)(0.276074, -0.00613497)(0.429448, -0.110429)(0.386503, -0.343558)(0.153374, -0.472393)
				 (227, 294)(-0.159509, -0.226994)(-0.128834, 0.355828)(0.141104, -0.288344)(-0.269939, 0.496933)(-0.0552147, 0.503067)(-0.0122699, 0.460123)(0.276074, 0.0122699)(0.368098, 0.0122699)(0.429448, -0.0490798)(0.153374, -0.472393)(-0.349693, -0.423313)
descriptor[i][.]=(226, 295)(-0.421429, -0.428571)(0.428571, -0.347826)(-0.278571, 0.503106)(0.0142857, 0.465839)
				 (226, 295)(-0.36646, -0.428571)(0.372671, -0.347826)(-0.242236, 0.503106)(0.0124224, 0.465839)
				 (226, 295)(-0.0869565, -0.496894)(-0.341615, -0.434783)(-0.409938, -0.198758)(-0.347826, 0.0559006)(-0.329193, 0.310559)(-0.192547, 0.503106)(-0.0186335, 0.434783)(-0.136646, 0.204969)(-0.161491, -0.0496894)(-0.0807453, -0.242236)(0.15528, -0.267081)(0.242236, -0.0310559)(0.428571, -0.068323)(0.36646, -0.298137)(0.173913, -0.447205)
				 (226, 295)(-0.161491, -0.229814)(-0.118012, 0.347826)(0.142857, -0.291925)(-0.254658, 0.496894)(-0.0496894, 0.503106)(0.0124224, 0.465839)(0.273292, 0.0372671)(0.42236, -0.0372671)(0.434783, -0.15528)(0.372671, -0.347826)(0.124224, -0.484472)(-0.354037, -0.434783)(-0.42236, -0.329193)
descriptor[i][.]=(225, 296)(-0.42029, -0.43125)(0.456522, -0.34375)(-0.304348, 0.49375)(0.434783, 0)
				 (225, 296)(-0.3625, -0.43125)(0.39375, -0.34375)(-0.2625, 0.49375)(0.375, 0)
				 (225, 296)(-0.08125, -0.5)(-0.3375, -0.4375)(-0.4, -0.21875)(-0.35, 0.0375)(-0.33125, 0.2875)(-0.21875, 0.49375)(-0.00625, 0.43125)(-0.11875, 0.2125)(-0.15, -0.0375)(-0.09375, -0.25)(0.15625, -0.2625)(0.24375, -0.01875)(0.40625, -0.075)(0.39375, -0.325)(0.175, -0.45625)
				 (225, 296)(-0.15625, -0.23125)(0.25, -0.3875)(-0.15, 0.175)(0.1375, -0.2875)(-0.2625, 0.49375)(-0.04375, 0.5)(-0.00625, 0.45625)(0.0375, -0.25625)(0.26875, 0.0375)(0.375, 0)(0.36875, -0.36875)(0.25, -0.3875)(0.1625, -0.475)(-0.35, -0.4375)
descriptor[i][.]=(226, 296)(-0.42446, -0.425)(0.402878, -0.36875)(-0.309353, 0.49375)(0, 0.4625)
				 (226, 296)(-0.36875, -0.425)(0.35, -0.36875)(-0.26875, 0.49375)(0, 0.4625)
				 (226, 296)(-0.0875, -0.5)(-0.3375, -0.4375)(-0.40625, -0.21875)(-0.35625, 0.03125)(-0.325, 0.2875)(-0.225, 0.5)(0, 0.45)(-0.125, 0.2375)(-0.15625, -0.0125)(-0.125, -0.25)(0.13125, -0.28125)(0.23125, -0.05625)(0.4, -0.075)(0.38125, -0.30625)(0.16875, -0.46875)
				 (226, 296)(-0.1625, -0.23125)(-0.15625, 0.175)(0.15, -0.275)(-0.28125, 0.475)(-0.05, 0.5)(0, 0.4625)(-0.1375, 0.2)(0.24375, 0)(0.425, -0.125)(0.4375, -0.19375)(0.35625, -0.3625)(0.1625, -0.475)(-0.36875, -0.425)(-0.41875, -0.35)
descriptor[i][.]=(226, 295)(-0.438849, -0.409938)(0.446043, -0.347826)(-0.309353, 0.496894)(0.00719424, 0.490683)
				 (226, 295)(-0.378882, -0.409938)(0.385093, -0.347826)(-0.267081, 0.496894)(0.00621118, 0.490683)
				 (226, 295)(-0.0807453, -0.496894)(-0.335404, -0.434783)(-0.403727, -0.198758)(-0.347826, 0.0621118)(-0.31677, 0.322981)(-0.192547, 0.503106)(0.0124224, 0.447205)(-0.124224, 0.242236)(-0.15528, -0.0124224)(-0.111801, -0.242236)(0.142857, -0.273292)(0.242236, -0.0372671)(0.397516, -0.0496894)(0.391304, -0.298137)(0.173913, -0.440994)
				 (226, 295)(-0.15528, -0.229814)(-0.118012, 0.341615)(0.142857, -0.273292)(-0.267081, 0.496894)(0.0310559, 0.478261)(0.267081, 0.0496894)(0.391304, -0.0372671)(0.434783, -0.180124)(0.385093, -0.347826)(-0.0621118, -0.496894)(-0.335404, -0.434783)
descriptor[i][.]=(227, 296)(-0.442857, -0.425)(0.435714, -0.35)(-0.292857, 0.49375)(0, 0.49375)
				 (227, 296)(-0.3875, -0.425)(0.38125, -0.35)(-0.25625, 0.49375)(0, 0.49375)
				 (227, 296)(-0.09375, -0.5)(-0.35, -0.4375)(-0.4125, -0.2)(-0.35625, 0.05)(-0.3375, 0.3125)(-0.2, 0.49375)(0, 0.4375)(-0.1375, 0.23125)(-0.1625, -0.03125)(-0.11875, -0.25625)(0.14375, -0.2875)(0.24375, -0.05)(0.41875, -0.075)(0.38125, -0.3125)(0.1625, -0.45625)
				 (227, 296)(-0.1625, -0.24375)(-0.11875, 0.34375)(0.1375, -0.29375)(-0.275, 0.475)(-0.0125, 0.5)(0.0125, 0.45625)(-0.11875, 0.34375)(0.0125, -0.25625)(0.26875, 0.025)(0.4375, -0.1625)(0.38125, -0.35)(-0.3625, -0.4375)
descriptor[i][.]=(226, 295)(-0.432624, -0.41358)(0.432624, -0.358025)(-0.276596, 0.5)(0, 0.45679)
				 (226, 295)(-0.376543, -0.41358)(0.376543, -0.358025)(-0.240741, 0.5)(0, 0.45679)
				 (226, 295)(-0.0246914, -0.5)(-0.277778, -0.444444)(-0.432099, -0.265432)(-0.37037, -0.0185185)(-0.339506, 0.240741)(-0.253086, 0.487654)(-0.0185185, 0.469136)(-0.111111, 0.271605)(-0.148148, 0.0123457)(-0.148148, -0.240741)(0.0987654, -0.290123)(0.222222, -0.104938)(0.401235, -0.0246914)(0.401235, -0.259259)(0.234568, -0.407407)
				 (226, 295)(-0.154321, -0.234568)(-0.117284, 0.358025)(0.148148, -0.290123)(-0.32716, 0.358025)(-0.253086, 0.493827)(-0.0493827, 0.5)(0, 0.45679)(-0.0987654, 0.308642)(0.302469, 0.0185185)(0.438272, -0.216049)(0, -0.5)(-0.351852, -0.425926)(-0.419753, -0.333333)
descriptor[i][.]=(228, 294)(-0.443662, -0.404908)(0.408451, -0.386503)(-0.309859, 0.496933)(0.0140845, 0.478528)
				 (228, 294)(-0.386503, -0.404908)(0.355828, -0.386503)(-0.269939, 0.496933)(0.0122699, 0.478528)
				 (228, 294)(-0.0858896, -0.496933)(-0.343558, -0.423313)(-0.417178, -0.196319)(-0.368098, 0.0613497)(-0.343558, 0.319018)(-0.208589, 0.503067)(0.0122699, 0.453988)(-0.128834, 0.263804)(-0.165644, 0)(-0.134969, -0.245399)(0.128834, -0.288344)(0.257669, -0.0674847)(0.435583, -0.0920245)(0.374233, -0.331288)(0.159509, -0.453988)
				 (228, 294)(-0.165644, -0.226994)(0.208589, -0.411043)(-0.128834, 0.349693)(0.141104, -0.288344)(-0.269939, 0.496933)(0.0245399, 0.472393)(-0.122699, 0.288344)(0.208589, -0.104294)(0.306748, 0.00613497)(0.398773, -0.00613497)(0.417178, -0.294479)(0.368098, -0.374233)(0.220859, -0.411043)(0.159509, -0.472393)(-0.361963, -0.417178)
descriptor[i][.]=(228, 293)(-0.4375, -0.4)(0.402778, -0.4)(-0.340278, 0.49697)(-1, -1)
				 (228, 293)(-0.381818, -0.4)(0.351515, -0.4)(-0.29697, 0.49697)(-1, -1)
				 (228, 293)(-0.0969697, -0.49697)(-0.345455, -0.412121)(-0.412121, -0.187879)(-0.357576, 0.0666667)(-0.351515, 0.321212)(-0.254545, 0.50303)(-0.0121212, 0.466667)(-0.121212, 0.266667)(-0.169697, 0.0121212)(-0.145455, -0.236364)(0.109091, -0.284848)(0.266667, -0.0969697)(0.436364, -0.10303)(0.369697, -0.351515)(0.157576, -0.472727)
				 (228, 293)(-0.163636, -0.218182)(0.218182, -0.412121)(-0.163636, 0.175758)(0.139394, -0.284848)(-0.29697, 0.49697)(-0.0606061, 0.50303)(-0.00606061, 0.466667)(-0.157576, 0.181818)(-0.157576, 0.145455)(0.212121, -0.121212)(0.315152, -0.0242424)(0.418182, -0.0424242)(0.436364, -0.224242)(0.369697, -0.381818)(0.151515, -0.478788)(-0.357576, -0.412121)(-0.412121, -0.345455)
descriptor[i][.]=(228, 291)(-0.42069, -0.384615)(0.406897, -0.420118)(-0.310345, 0.497041)(0, 0.473373)
				 (228, 291)(-0.360947, -0.384615)(0.349112, -0.420118)(-0.266272, 0.497041)(0, 0.473373)
				 (228, 291)(-0.0236686, -0.497041)(-0.266272, -0.420118)(-0.414201, -0.248521)(-0.378698, -0.0236686)(-0.337278, 0.224852)(-0.266272, 0.455621)(-0.0591716, 0.502959)(-0.118343, 0.343195)(-0.16568, 0.0946746)(-0.16568, -0.147929)(0.0295858, -0.266272)(0.207101, -0.171598)(0.408284, -0.0828402)(0.390533, -0.319527)(0.213018, -0.431953)
				 (228, 291)(-0.159763, -0.207101)(0.218935, -0.426036)(-0.12426, 0.372781)(0.130178, -0.301775)(-0.266272, 0.497041)(0, 0.473373)(0.319527, -0.0473373)(0.414201, -0.0887574)(0.35503, -0.414201)(0.218935, -0.426036)(-0.360947, -0.384615)(-0.408284, -0.331361)
descriptor[i][.]=(229, 289)(-0.416667, -0.37931)(0.409722, -0.442529)(-0.319444, 0.494253)(-1, -1)
				 (229, 289)(-0.344828, -0.37931)(0.33908, -0.442529)(-0.264368, 0.494253)(-1, -1)
				 (229, 289)(0.0229885, -0.5)(-0.201149, -0.41954)(-0.402299, -0.293103)(-0.373563, -0.0632184)(-0.350575, 0.172414)(-0.298851, 0.408046)(-0.109195, 0.5)(-0.114943, 0.385057)(-0.155172, 0.149425)(-0.172414, -0.091954)(-0.0287356, -0.247126)(0.172414, -0.247126)(0.350575, -0.0747126)(0.402299, -0.304598)(0.258621, -0.454023)
				 (229, 289)(-0.137931, -0.212644)(0.172414, -0.442529)(-0.132184, 0.362069)(0.114943, -0.321839)(-0.275862, 0.477011)(-0.0862069, 0.5)(-0.00574713, 0.465517)(-0.0517241, -0.235632)(0.109195, -0.316092)(0.321839, -0.0804598)(0.413793, -0.178161)(0.33908, -0.442529)(0.172414, -0.442529)(0.0517241, -0.5)(-0.344828, -0.37931)
descriptor[i][.]=(227, 286)(-0.106383, -0.477778)(0.48227, -0.438889)(-0.340426, 0.494444)(0.0070922, 0.472222)
				 (227, 286)(-0.0833333, -0.477778)(0.377778, -0.438889)(-0.266667, 0.494444)(0.00555556, 0.472222)
				 (227, 286)(0.0388889, -0.5)(-0.177778, -0.416667)(-0.372222, -0.272222)(-0.35, -0.0388889)(-0.322222, 0.183333)(-0.283333, 0.416667)(-0.127778, 0.494444)(-0.05, 0.422222)(-0.138889, 0.216667)(-0.144444, -0.0166667)(-0.0666667, -0.222222)(0.161111, -0.311111)(0.322222, -0.144444)(0.394444, -0.333333)(0.261111, -0.483333)
				 (227, 286)(-0.116667, -0.2)(0.155556, -0.45)(-0.111111, 0.377778)(0.133333, -0.327778)(-0.266667, 0.494444)(-0.0722222, 0.5)(-0.00555556, 0.477778)(0.00555556, 0.433333)(0.327778, -0.138889)(0.377778, -0.438889)(0.155556, -0.45)(0.1, -0.494444)(-0.0833333, -0.477778)(-0.316667, -0.35)
descriptor[i][.]=(228, 282)(-0.00719424, -0.478723)(0.395683, -0.494681)(-0.352518, 0.494681)(-1, -1)
				 (228, 282)(-0.00531915, -0.478723)(0.292553, -0.494681)(-0.260638, 0.494681)(-1, -1)
				 (228, 282)(0.25, -0.5)(0.037234, -0.484043)(-0.170213, -0.393617)(-0.351064, -0.25)(-0.340426, -0.037234)(-0.303191, 0.180851)(-0.271277, 0.404255)(-0.138298, 0.5)(-0.0585106, 0.420213)(-0.132979, 0.218085)(-0.138298, 0)(-0.0797872, -0.212766)(0.111702, -0.340426)(0.281915, -0.212766)(0.367021, -0.340426)
				 (228, 282)(-0.111702, -0.180851)(0.12766, -0.457447)(-0.111702, 0.382979)(0.12234, -0.345745)(-0.260638, 0.494681)(-0.0638298, 0.5)(-0.00531915, 0.468085)(-0.106383, 0.31383)(0.0265957, -0.260638)(0.117021, -0.340426)(0.202128, -0.239362)(0.303191, -0.18617)(0.37234, -0.388298)(0.292553, -0.494681)(0.132979, -0.462766)(0.0585106, -0.489362)(-0.111702, -0.446809)(-0.324468, -0.303191)
descriptor[i][.]=(228, 280)(-0.0218978, -0.479167)(0.481752, -0.432292)(-0.313869, 0.5)(-1, -1)
				 (228, 280)(-0.015625, -0.479167)(0.34375, -0.432292)(-0.223958, 0.5)(-1, -1)
				 (228, 280)(0.197917, -0.5)(-0.00520833, -0.479167)(-0.197917, -0.364583)(-0.348958, -0.213542)(-0.328125, -0.0104167)(-0.296875, 0.197917)(-0.270833, 0.40625)(-0.114583, 0.5)(-0.0833333, 0.416667)(-0.130208, 0.208333)(-0.130208, 0)(-0.0729167, -0.197917)(0.104167, -0.333333)(0.286458, -0.21875)(0.354167, -0.380208)
				 (228, 280)(-0.109375, -0.166667)(-0.130208, 0.234375)(0.109375, -0.338542)(-0.234375, 0.494792)(-0.0520833, 0.5)(-0.125, 0.239583)(-0.109375, -0.161458)(0.213542, -0.25)(0.317708, -0.213542)(0.354167, -0.416667)(0.244792, -0.494792)(-0.125, -0.427083)(-0.322917, -0.28125)
descriptor[i][.]=(229, 273)(-0.00735294, -0.44878)(0.411765, -0.458537)(-0.323529, 0.502439)(-1, -1)
				 (229, 273)(-0.00487805, -0.44878)(0.273171, -0.458537)(-0.214634, 0.502439)(-1, -1)
				 (229, 273)(0.165854, -0.497561)(-0.0146341, -0.443902)(-0.17561, -0.326829)(-0.312195, -0.180488)(-0.302439, 0.0146341)(-0.278049, 0.209756)(-0.258537, 0.404878)(-0.126829, 0.502439)(-0.0829268, 0.42439)(-0.121951, 0.229268)(-0.121951, 0.0341463)(-0.0731707, -0.160976)(0.0829268, -0.317073)(0.253659, -0.24878)(0.302439, -0.385366)
				 (229, 273)(-0.107317, -0.112195)(-0.121951, 0.253659)(0.0878049, -0.321951)(-0.258537, 0.409756)(-0.22439, 0.497561)(-0.0585366, 0.502439)(-0.117073, 0.258537)(-0.107317, -0.0926829)(0.185366, -0.24878)(0.287805, -0.243902)(0.331707, -0.302439)(0.282927, -0.443902)(0.170732, -0.497561)(-0.0682927, -0.429268)
descriptor[i][.]=(229, 270)(-0.0461538, -0.450237)(0.369231, -0.492891)(-0.338462, 0.50237)(0.00769231, 0.50237)
				 (229, 270)(-0.028436, -0.450237)(0.227488, -0.492891)(-0.208531, 0.50237)(0.00473934, 0.50237)
				 (229, 270)(0.199052, -0.49763)(0.00947867, -0.450237)(-0.161137, -0.350711)(-0.2891, -0.184834)(-0.28436, 0)(-0.260664, 0.194313)(-0.246445, 0.393365)(-0.127962, 0.50237)(-0.00473934, 0.450237)(-0.0995261, 0.308057)(-0.118483, 0.118483)(-0.0853081, -0.07109)(0.0236967, -0.236967)(0.146919, -0.317536)(0.308057, -0.331754)
				 (229, 270)(-0.07109, -0.151659)(-0.118483, 0.255924)(0.0900474, -0.35545)(-0.227488, 0.483412)(0.00473934, 0.50237)(-0.07109, -0.14218)(0.156398, -0.298578)(0.279621, -0.293839)(0.308057, -0.350711)(0.246445, -0.478673)(-0.156398, -0.35545)(-0.293839, -0.180095)
descriptor[i][.]=(227, 263)(-0.0569106, -0.413333)(0.276423, -0.497778)(-0.341463, 0.502222)(0.00813008, 0.502222)
				 (227, 263)(-0.0311111, -0.413333)(0.151111, -0.497778)(-0.186667, 0.502222)(0.00444444, 0.502222)
				 (227, 263)(0.137778, -0.497778)(0.0133333, -0.426667)(-0.137778, -0.315556)(-0.24, -0.16)(-0.248889, 0.0222222)(-0.235556, 0.204444)(-0.222222, 0.391111)(-0.12, 0.502222)(0.00444444, 0.457778)(-0.08, 0.32)(-0.0888889, 0.137778)(-0.0622222, -0.0444444)(0.0266667, -0.208889)(0.137778, -0.288889)(0.275556, -0.36)
				 (227, 263)(-0.0577778, -0.0977778)(0.00888889, -0.417778)(-0.08, 0.413333)(0.08, -0.32)(-0.195556, 0.497778)(0.00444444, 0.502222)(-0.00444444, 0.448889)(-0.0577778, -0.0977778)(0.0133333, -0.182222)(0.146667, -0.284444)(0.271111, -0.333333)(0.226667, -0.444444)(0.151111, -0.497778)(0.0488889, -0.488889)(0.00888889, -0.417778)(-0.0311111, -0.413333)(-0.0711111, -0.395556)(-0.248889, -0.151111)
descriptor[i][.]=(224, 257)(-0.140351, -0.371308)(0.219298, -0.49789)(-0.342105, 0.50211)(0.0438596, 0.50211)
				 (224, 257)(-0.0675105, -0.371308)(0.105485, -0.49789)(-0.164557, 0.50211)(0.021097, 0.50211)
				 (224, 257)(0.101266, -0.49789)(-0.0295359, -0.379747)(-0.147679, -0.253165)(-0.232068, -0.0843882)(-0.206751, 0.0886076)(-0.198312, 0.265823)(-0.194093, 0.438819)(-0.0590717, 0.50211)(-0.021097, 0.443038)(-0.0632911, 0.2827)(-0.0548523, 0.105485)(-0.0295359, -0.0675105)(0.0548523, -0.232068)(0.160338, -0.265823)(0.236287, -0.379747)
				 (224, 257)(-0.0295359, -0.0759494)(0.0590717, -0.438819)(-0.0632911, 0.409283)(0.0632911, -0.299578)(0.156118, -0.329114)(-0.172996, 0.49789)(0.021097, 0.50211)(-0.0548523, 0.388186)(-0.0295359, -0.0759494)(0.0632911, -0.295359)(0.139241, -0.261603)(0.232068, -0.341772)(0.105485, -0.49789)(0.0590717, -0.438819)(0.0253165, -0.43038)(-0.0675105, -0.371308)
descriptor[i][.]=(222, 257)(-0.039604, -0.453782)(0.29703, -0.5)(-0.405941, 0.5)(0.039604, 0.5)
				 (222, 257)(-0.0168067, -0.453782)(0.12605, -0.5)(-0.172269, 0.5)(0.0168067, 0.5)
				 (222, 257)(0.0588235, -0.5)(-0.0630252, -0.386555)(-0.138655, -0.235294)(-0.201681, -0.0672269)(-0.184874, 0.10084)(-0.184874, 0.268908)(-0.189076, 0.441176)(-0.0672269, 0.495798)(-0.00420168, 0.445378)(-0.0462185, 0.298319)(-0.0336134, 0.12605)(-0.012605, -0.0462185)(0.0504202, -0.210084)(0.134454, -0.294118)(0.214286, -0.42437)
				 (222, 257)(-0.012605, -0.0798319)(-0.0546218, 0.415966)(0.0630252, -0.306723)(-0.180672, 0.495798)(0.0168067, 0.5)(-0.012605, -0.0798319)(0.0630252, -0.302521)(0.113445, -0.289916)(0.210084, -0.394958)(0.147059, -0.487395)(0.0588235, -0.5)(-0.0168067, -0.453782)
descriptor[i][.]=(219, 254)(-0.125, -0.422131)(0.159091, -0.5)(-0.375, 0.5)(0.102273, 0.5)
				 (219, 254)(-0.045082, -0.422131)(0.057377, -0.5)(-0.135246, 0.5)(0.0368852, 0.5)
				 (219, 254)(0.0368852, -0.5)(-0.0532787, -0.368852)(-0.122951, -0.217213)(-0.172131, -0.057377)(-0.155738, 0.106557)(-0.163934, 0.266393)(-0.163934, 0.430328)(-0.045082, 0.5)(0.00819672, 0.446721)(-0.0286885, 0.303279)(-0.0163934, 0.139344)(0.00409836, -0.0245902)(0.0532787, -0.184426)(0.122951, -0.307377)(0.180328, -0.418033)
				 (219, 254)(0.00409836, -0.0696721)(-0.127049, -0.172131)(-0.0368852, 0.413934)(0.110656, -0.360656)(-0.155738, 0.479508)(0.0368852, 0.5)(0.00409836, -0.0696721)(0.122951, -0.307377)(0.155738, -0.360656)(0.180328, -0.409836)(0.114754, -0.47541)(0.057377, -0.5)(-0.131148, -0.245902)(-0.127049, -0.172131)
descriptor[i][.]=(214, 254)(-0.0131579, -0.454918)(0.302632, -0.5)(-0.381579, 0.5)(0.0789474, 0.5)
				 (214, 254)(-0.00409836, -0.454918)(0.0942623, -0.5)(-0.118852, 0.5)(0.0245902, 0.5)
				 (214, 254)(0.0655738, -0.5)(-0.045082, -0.393443)(-0.102459, -0.25)(-0.131148, -0.0942623)(-0.127049, 0.0614754)(-0.122951, 0.221311)(-0.151639, 0.377049)(-0.0942623, 0.5)(0.0532787, 0.471311)(-0.00819672, 0.352459)(0.00819672, 0.192623)(0.0409836, 0.0327869)(0.057377, -0.122951)(0.0819672, -0.282787)(0.151639, -0.393443)
				 (214, 254)(-0.106557, -0.143443)(-0.139344, 0.487705)(0.0245902, 0.5)(0.102459, -0.495902)(0.0655738, -0.5)(0.00819672, -0.467213)(-0.106557, -0.143443)
descriptor[i][.]=(213, 251)(-0.0138889, -0.441767)(0.222222, -0.497992)(-0.444444, 0.502008)(0.0694444, 0.502008)
				 (213, 251)(-0.00401606, -0.441767)(0.064257, -0.497992)(-0.128514, 0.502008)(0.0200803, 0.502008)
				 (213, 251)(0.0522088, -0.497992)(-0.0361446, -0.385542)(-0.0923695, -0.240964)(-0.116466, -0.0843373)(-0.120482, 0.0722892)(-0.120482, 0.2249)(-0.140562, 0.381526)(-0.0963855, 0.502008)(0.060241, 0.481928)(-0.0120482, 0.385542)(0.0120482, 0.228916)(0.0401606, 0.0722892)(0.0562249, -0.0843373)(0.0803213, -0.240964)(0.128514, -0.37751)
				 (213, 251)(-0.0120482, 0.37751)(-0.00803213, 0.433735)(0.0763052, 0.481928)(-0.0120482, 0.37751)(0.144578, -0.393574)(0.064257, -0.497992)
descriptor[i][.]=(208, 253)(-0.135593, -0.378049)(0.254237, -0.5)(-0.40678, 0.5)(0.237288, 0.5)
				 (208, 253)(-0.0325203, -0.378049)(0.0609756, -0.5)(-0.097561, 0.5)(0.0569106, 0.5)
				 (208, 253)(0.0447154, -0.5)(-0.0243902, -0.378049)(-0.0772358, -0.243902)(-0.0894309, -0.0894309)(-0.0853659, 0.0650407)(-0.0934959, 0.219512)(-0.117886, 0.373984)(-0.0772358, 0.5)(0.0731707, 0.479675)(0.0162602, 0.386179)(0.0325203, 0.231707)(0.0650407, 0.0772358)(0.0772358, -0.0813008)(0.0934959, -0.235772)(0.113821, -0.386179)
				 (208, 253)(0.0121951, -0.390244)(-0.113821, 0.487805)(0.0569106, 0.5)(0.121951, -0.406504)(0.109756, -0.471545)(0.0447154, -0.5)(0.00813008, -0.447154)
descriptor[i][.]=(208, 251)(-0.0338983, -0.492)(0.220339, -0.5)(-0.389831, 0.5)(0.169492, 0.5)
				 (208, 251)(-0.008, -0.492)(0.052, -0.5)(-0.092, 0.5)(0.04, 0.5)
				 (208, 251)(0.048, -0.5)(-0.044, -0.416)(-0.072, -0.264)(-0.068, -0.108)(-0.084, 0.048)(-0.08, 0.204)(-0.116, 0.356)(-0.084, 0.5)(0.068, 0.48)(0.016, 0.396)(0.032, 0.24)(0.072, 0.084)(0.084, -0.072)(0.092, -0.228)(0.092, -0.36)
				 (208, 251)(-0.072, 0.168)(0.008, 0.416)(-0.036, -0.384)(-0.072, 0.168)(-0.1, 0.496)(0.096, 0.476)(0.008, 0.416)(0.12, -0.332)(0.072, -0.492)(-0.008, -0.492)(-0.06, -0.444)(-0.036, -0.384)
descriptor[i][.]=(203, 250)(-0.0847458, -0.472222)(0.186441, -0.5)(-0.305085, 0.5)(0.322034, 0.5)
				 (203, 250)(-0.0198413, -0.472222)(0.0436508, -0.5)(-0.0714286, 0.5)(0.0753968, 0.5)
				 (203, 250)(0.0396825, -0.5)(-0.0833333, -0.400794)(-0.0515873, -0.297619)(-0.047619, -0.138889)(-0.0634921, 0.015873)(-0.0515873, 0.174603)(-0.0873016, 0.329365)(-0.0833333, 0.488095)(0.0714286, 0.5)(0.0357143, 0.404762)(0.0515873, 0.246032)(0.0912698, 0.0912698)(0.111111, -0.0674603)(0.115079, -0.22619)(0.115079, -0.376984)
				 (203, 250)(0.031746, 0.416667)(0.0952381, -0.325397)(-0.0873016, 0.484127)(0.0753968, 0.5)(0.111111, 0.472222)(0.031746, 0.416667)(0.0992063, -0.321429)(0.103175, -0.468254)(0.0436508, -0.5)
descriptor[i][.]=(204, 251)(-0.0338983, -0.488)(0.169492, -0.5)(-0.322034, 0.5)(0.237288, 0.5)
				 (204, 251)(-0.008, -0.488)(0.04, -0.5)(-0.076, 0.5)(0.056, 0.5)
				 (204, 251)(0.02, -0.5)(-0.104, -0.388)(-0.064, -0.272)(-0.052, -0.116)(-0.064, 0.044)(-0.064, 0.2)(-0.104, 0.348)(-0.088, 0.496)(0.068, 0.488)(0.036, 0.376)(0.06, 0.22)(0.1, 0.068)(0.108, -0.088)(0.116, -0.244)(0.112, -0.396)
				 (204, 251)(0.024, 0.412)(-0.1, 0.492)(0.056, 0.5)(0.092, 0.476)(0.024, 0.412)(0.092, -0.48)(0.02, -0.5)
descriptor[i][.]=(207, 251)(-0.107143, -0.484)(0.125, -0.5)(-0.428571, 0.5)(0.232143, 0.5)
				 (207, 251)(-0.024, -0.484)(0.028, -0.5)(-0.096, 0.5)(0.052, 0.5)
				 (207, 251)(0.016, -0.5)(-0.084, -0.384)(-0.072, -0.244)(-0.064, -0.088)(-0.08, 0.064)(-0.084, 0.22)(-0.108, 0.376)(-0.072, 0.5)(0.08, 0.48)(0.028, 0.384)(0.048, 0.228)(0.084, 0.076)(0.104, -0.076)(0.112, -0.232)(0.104, -0.388)
				 (207, 251)(0.016, 0.404)(0.1, 0.476)(0.016, 0.404)(0.112, -0.232)(0.084, -0.476)(0.044, -0.496)(-0.024, -0.484)
descriptor[i][.]=(207, 251)(-0.0344828, -0.493976)(0.189655, -0.497992)(-0.37931, 0.502008)(0.189655, 0.502008)
				 (207, 251)(-0.00803213, -0.493976)(0.0441767, -0.497992)(-0.0883534, 0.502008)(0.0441767, 0.502008)
				 (207, 251)(0.0200803, -0.497992)(-0.0481928, -0.393574)(-0.0722892, -0.24498)(-0.064257, -0.0923695)(-0.0722892, 0.0562249)(-0.0803213, 0.208835)(-0.11245, 0.361446)(-0.0803213, 0.502008)(0.0682731, 0.481928)(0.0321285, 0.365462)(0.0562249, 0.212851)(0.0963855, 0.060241)(0.100402, -0.0883534)(0.116466, -0.240964)(0.108434, -0.389558)
				 (207, 251)(0.0160643, 0.413655)(-0.0963855, 0.497992)(0.0441767, 0.502008)(0.0803213, 0.46988)(0.0160643, 0.413655)(0.060241, -0.48996)(-0.0441767, -0.477912)
