bendDescr18.dat
size1 50
size3 51
beh_type.id 8
sizes[]=35 46 37 32 37 43 41 36 34 36 46 44 42 40 43 39 39 37 41 43 40 40 39 36 37 37 36 36 41 37 39 38 40 37 37 42 42 44 43 43 39 40 38 35 41 42 44 45 44 43 
thresholds[]=0.16 0.16 0.16 0.16 0.16 0.16 0.16 0.16 0.16 0.16 0.16 0.16 0.16 0.16 0.16 0.16 0.16 0.16 0.16 0.16 0.16 0.16 0.16 0.16 0.16 0.16 0.16 0.16 0.16 0.16 0.16 0.16 0.16 0.16 0.16 0.16 0.16 0.16 0.16 0.16 0.16 0.16 0.16 0.16 0.16 0.16 0.16 0.16 0.16 0.16 
map[0][.]=0 1 0 0 0 0 0 0 0 0 0 0 0 0 0 0 0 0 0 0 0 0 0 0 0 0 0 0 0 0 0 0 0 0 0 0 0 0 0 0 0 0 0 0 0 0 0 0 0 0 0 
map[1][.]=0 0 1 0 0 0 0 0 0 0 0 0 0 0 0 0 0 0 0 0 0 0 0 0 0 0 0 0 0 0 0 0 0 0 0 0 0 0 0 0 0 0 0 0 0 0 0 0 0 0 0 
map[2][.]=0 0 0 1 0 0 0 0 0 0 0 0 0 0 0 0 0 0 0 0 0 0 0 0 0 0 0 0 0 0 0 0 0 0 0 0 0 0 0 0 0 0 0 0 0 0 0 0 0 0 0 
map[3][.]=0 0 0 0 1 0 0 0 0 0 0 0 0 0 0 0 0 0 0 0 0 0 0 0 0 0 0 0 0 0 0 0 0 0 0 0 0 0 0 0 0 0 0 0 0 0 0 0 0 0 0 
map[4][.]=0 0 0 0 0 1 0 0 0 0 0 0 0 0 0 0 0 0 0 0 0 0 0 0 0 0 0 0 0 0 0 0 0 0 0 0 0 0 0 0 0 0 0 0 0 0 0 0 0 0 0 
map[5][.]=0 0 0 0 0 0 1 0 0 0 0 0 0 0 0 0 0 0 0 0 0 0 0 0 0 0 0 0 0 0 0 0 0 0 0 0 0 0 0 0 0 0 0 0 0 0 0 0 0 0 0 
map[6][.]=0 0 0 0 0 0 0 1 0 0 0 0 0 0 0 0 0 0 0 0 0 0 0 0 0 0 0 0 0 0 0 0 0 0 0 0 0 0 0 0 0 0 0 0 0 0 0 0 0 0 0 
map[7][.]=0 0 0 0 0 0 0 0 1 0 0 0 0 0 0 0 0 0 0 0 0 0 0 0 0 0 0 0 0 0 0 0 0 0 0 0 0 0 0 0 0 0 0 0 0 0 0 0 0 0 0 
map[8][.]=0 0 0 0 0 0 0 0 0 1 0 0 0 0 0 0 0 0 0 0 0 0 0 0 0 0 0 0 0 0 0 0 0 0 0 0 0 0 0 0 0 0 0 0 0 0 0 0 0 0 0 
map[9][.]=0 0 0 0 0 0 0 0 0 0 1 0 0 0 0 0 0 0 0 0 0 0 0 0 0 0 0 0 0 0 0 0 0 0 0 0 0 0 0 0 0 0 0 0 0 0 0 0 0 0 0 
map[10][.]=0 0 0 0 0 0 0 0 0 0 0 1 0 0 0 0 0 0 0 0 0 0 0 0 0 0 0 0 0 0 0 0 0 0 0 0 0 0 0 0 0 0 0 0 0 0 0 0 0 0 0 
map[11][.]=0 0 0 0 0 0 0 0 0 0 0 0 1 0 0 0 0 0 0 0 0 0 0 0 0 0 0 0 0 0 0 0 0 0 0 0 0 0 0 0 0 0 0 0 0 0 0 0 0 0 0 
map[12][.]=0 0 0 0 0 0 0 0 0 0 0 0 0 1 0 0 0 0 0 0 0 0 0 0 0 0 0 0 0 0 0 0 0 0 0 0 0 0 0 0 0 0 0 0 0 0 0 0 0 0 0 
map[13][.]=0 0 0 0 0 0 0 0 0 0 0 0 0 0 1 0 0 0 0 0 0 0 0 0 0 0 0 0 0 0 0 0 0 0 0 0 0 0 0 0 0 0 0 0 0 0 0 0 0 0 0 
map[14][.]=0 0 0 0 0 0 0 0 0 0 0 0 0 0 0 1 0 0 0 0 0 0 0 0 0 0 0 0 0 0 0 0 0 0 0 0 0 0 0 0 0 0 0 0 0 0 0 0 0 0 0 
map[15][.]=0 0 0 0 0 0 0 0 0 0 0 0 0 0 0 0 1 0 0 0 0 0 0 0 0 0 0 0 0 0 0 0 0 0 0 0 0 0 0 0 0 0 0 0 0 0 0 0 0 0 0 
map[16][.]=0 0 0 0 0 0 0 0 0 0 0 0 0 0 0 0 0 1 0 0 0 0 0 0 0 0 0 0 0 0 0 0 0 0 0 0 0 0 0 0 0 0 0 0 0 0 0 0 0 0 0 
map[17][.]=0 0 0 0 0 0 0 0 0 0 0 0 0 0 0 0 0 0 1 0 0 0 0 0 0 0 0 0 0 0 0 0 0 0 0 0 0 0 0 0 0 0 0 0 0 0 0 0 0 0 0 
map[18][.]=0 0 0 0 0 0 0 0 0 0 0 0 0 0 0 0 0 0 0 1 0 0 0 0 0 0 0 0 0 0 0 0 0 0 0 0 0 0 0 0 0 0 0 0 0 0 0 0 0 0 0 
map[19][.]=0 0 0 0 0 0 0 0 0 0 0 0 0 0 0 0 0 0 0 0 1 0 0 0 0 0 0 0 0 0 0 0 0 0 0 0 0 0 0 0 0 0 0 0 0 0 0 0 0 0 0 
map[20][.]=0 0 0 0 0 0 0 0 0 0 0 0 0 0 0 0 0 0 0 0 0 1 0 0 0 0 0 0 0 0 0 0 0 0 0 0 0 0 0 0 0 0 0 0 0 0 0 0 0 0 0 
map[21][.]=0 0 0 0 0 0 0 0 0 0 0 0 0 0 0 0 0 0 0 0 0 0 1 0 0 0 0 0 0 0 0 0 0 0 0 0 0 0 0 0 0 0 0 0 0 0 0 0 0 0 0 
map[22][.]=0 0 0 0 0 0 0 0 0 0 0 0 0 0 0 0 0 0 0 0 0 0 0 1 0 0 0 0 0 0 0 0 0 0 0 0 0 0 0 0 0 0 0 0 0 0 0 0 0 0 0 
map[23][.]=0 0 0 0 0 0 0 0 0 0 0 0 0 0 0 0 0 0 0 0 0 0 0 0 1 0 0 0 0 0 0 0 0 0 0 0 0 0 0 0 0 0 0 0 0 0 0 0 0 0 0 
map[24][.]=0 0 0 0 0 0 0 0 0 0 0 0 0 0 0 0 0 0 0 0 0 0 0 0 0 1 0 0 0 0 0 0 0 0 0 0 0 0 0 0 0 0 0 0 0 0 0 0 0 0 0 
map[25][.]=0 0 0 0 0 0 0 0 0 0 0 0 0 0 0 0 0 0 0 0 0 0 0 0 0 0 1 0 0 0 0 0 0 0 0 0 0 0 0 0 0 0 0 0 0 0 0 0 0 0 0 
map[26][.]=0 0 0 0 0 0 0 0 0 0 0 0 0 0 0 0 0 0 0 0 0 0 0 0 0 0 0 1 0 0 0 0 0 0 0 0 0 0 0 0 0 0 0 0 0 0 0 0 0 0 0 
map[27][.]=0 0 0 0 0 0 0 0 0 0 0 0 0 0 0 0 0 0 0 0 0 0 0 0 0 0 0 0 1 0 0 0 0 0 0 0 0 0 0 0 0 0 0 0 0 0 0 0 0 0 0 
map[28][.]=0 0 0 0 0 0 0 0 0 0 0 0 0 0 0 0 0 0 0 0 0 0 0 0 0 0 0 0 0 1 0 0 0 0 0 0 0 0 0 0 0 0 0 0 0 0 0 0 0 0 0 
map[29][.]=0 0 0 0 0 0 0 0 0 0 0 0 0 0 0 0 0 0 0 0 0 0 0 0 0 0 0 0 0 0 1 0 0 0 0 0 0 0 0 0 0 0 0 0 0 0 0 0 0 0 0 
map[30][.]=0 0 0 0 0 0 0 0 0 0 0 0 0 0 0 0 0 0 0 0 0 0 0 0 0 0 0 0 0 0 0 1 0 0 0 0 0 0 0 0 0 0 0 0 0 0 0 0 0 0 0 
map[31][.]=0 0 0 0 0 0 0 0 0 0 0 0 0 0 0 0 0 0 0 0 0 0 0 0 0 0 0 0 0 0 0 0 1 0 0 0 0 0 0 0 0 0 0 0 0 0 0 0 0 0 0 
map[32][.]=0 0 0 0 0 0 0 0 0 0 0 0 0 0 0 0 0 0 0 0 0 0 0 0 0 0 0 0 0 0 0 0 0 1 0 0 0 0 0 0 0 0 0 0 0 0 0 0 0 0 0 
map[33][.]=0 0 0 0 0 0 0 0 0 0 0 0 0 0 0 0 0 0 0 0 0 0 0 0 0 0 0 0 0 0 0 0 0 0 1 0 0 0 0 0 0 0 0 0 0 0 0 0 0 0 0 
map[34][.]=0 0 0 0 0 0 0 0 0 0 0 0 0 0 0 0 0 0 0 0 0 0 0 0 0 0 0 0 0 0 0 0 0 0 0 1 0 0 0 0 0 0 0 0 0 0 0 0 0 0 0 
map[35][.]=0 0 0 0 0 0 0 0 0 0 0 0 0 0 0 0 0 0 0 0 0 0 0 0 0 0 0 0 0 0 0 0 0 0 0 0 1 0 0 0 0 0 0 0 0 0 0 0 0 0 0 
map[36][.]=0 0 0 0 0 0 0 0 0 0 0 0 0 0 0 0 0 0 0 0 0 0 0 0 0 0 0 0 0 0 0 0 0 0 0 0 0 1 0 0 0 0 0 0 0 0 0 0 0 0 0 
map[37][.]=0 0 0 0 0 0 0 0 0 0 0 0 0 0 0 0 0 0 0 0 0 0 0 0 0 0 0 0 0 0 0 0 0 0 0 0 0 0 1 0 0 0 0 0 0 0 0 0 0 0 0 
map[38][.]=0 0 0 0 0 0 0 0 0 0 0 0 0 0 0 0 0 0 0 0 0 0 0 0 0 0 0 0 0 0 0 0 0 0 0 0 0 0 0 1 0 0 0 0 0 0 0 0 0 0 0 
map[39][.]=0 0 0 0 0 0 0 0 0 0 0 0 0 0 0 0 0 0 0 0 0 0 0 0 0 0 0 0 0 0 0 0 0 0 0 0 0 0 0 0 1 0 0 0 0 0 0 0 0 0 0 
map[40][.]=0 0 0 0 0 0 0 0 0 0 0 0 0 0 0 0 0 0 0 0 0 0 0 0 0 0 0 0 0 0 0 0 0 0 0 0 0 0 0 0 0 1 0 0 0 0 0 0 0 0 0 
map[41][.]=0 0 0 0 0 0 0 0 0 0 0 0 0 0 0 0 0 0 0 0 0 0 0 0 0 0 0 0 0 0 0 0 0 0 0 0 0 0 0 0 0 0 1 0 0 0 0 0 0 0 0 
map[42][.]=0 0 0 0 0 0 0 0 0 0 0 0 0 0 0 0 0 0 0 0 0 0 0 0 0 0 0 0 0 0 0 0 0 0 0 0 0 0 0 0 0 0 0 1 0 0 0 0 0 0 0 
map[43][.]=0 0 0 0 0 0 0 0 0 0 0 0 0 0 0 0 0 0 0 0 0 0 0 0 0 0 0 0 0 0 0 0 0 0 0 0 0 0 0 0 0 0 0 0 1 0 0 0 0 0 0 
map[44][.]=0 0 0 0 0 0 0 0 0 0 0 0 0 0 0 0 0 0 0 0 0 0 0 0 0 0 0 0 0 0 0 0 0 0 0 0 0 0 0 0 0 0 0 0 0 1 0 0 0 0 0 
map[45][.]=0 0 0 0 0 0 0 0 0 0 0 0 0 0 0 0 0 0 0 0 0 0 0 0 0 0 0 0 0 0 0 0 0 0 0 0 0 0 0 0 0 0 0 0 0 0 1 0 0 0 0 
map[46][.]=0 0 0 0 0 0 0 0 0 0 0 0 0 0 0 0 0 0 0 0 0 0 0 0 0 0 0 0 0 0 0 0 0 0 0 0 0 0 0 0 0 0 0 0 0 0 0 1 0 0 0 
map[47][.]=0 0 0 0 0 0 0 0 0 0 0 0 0 0 0 0 0 0 0 0 0 0 0 0 0 0 0 0 0 0 0 0 0 0 0 0 0 0 0 0 0 0 0 0 0 0 0 0 1 0 0 
map[48][.]=0 0 0 0 0 0 0 0 0 0 0 0 0 0 0 0 0 0 0 0 0 0 0 0 0 0 0 0 0 0 0 0 0 0 0 0 0 0 0 0 0 0 0 0 0 0 0 0 0 1 0 
map[49][.]=0 0 0 0 0 0 0 0 0 0 0 0 0 0 0 0 0 0 0 0 0 0 0 0 0 0 0 0 0 0 0 0 0 0 0 0 0 0 0 0 0 0 0 0 0 0 0 0 0 0 1 
map[50][.]=0 0 0 0 0 0 0 0 0 0 0 0 0 0 0 0 0 0 0 0 0 0 0 0 0 0 0 0 0 0 0 0 0 0 0 0 0 0 0 0 0 0 0 0 0 0 0 0 0 0 0 
isLast[.]=false false false false false false false false false false false false false false false false false false false false false false false false false false false false false false false false false false false false false false false false false false false false false false false false false false true 
descriptor[i][.]=(276, 247)(-0.109091, -0.44)(0.345455, -0.5)(-0.272727, 0.5)(0.381818, 0.5)
				 (276, 247)(-0.024, -0.44)(0.076, -0.5)(-0.06, 0.5)(0.084, 0.5)
				 (276, 247)(0.052, -0.5)(-0.032, -0.384)(-0.092, -0.248)(-0.104, -0.1)(-0.084, 0.052)(-0.056, 0.208)(-0.088, 0.36)(-0.06, 0.5)(0.092, 0.496)(0.032, 0.364)(0.076, 0.212)(0.072, 0.06)(0.092, -0.084)(0.1, -0.236)(0.096, -0.388)
				 (276, 247)(-0.056, 0.172)(-0.064, 0.16)(-0.1, 0.412)(-0.068, 0.496)(0.084, 0.5)(0.112, -0.412)(0.108, -0.484)(0.052, -0.5)
descriptor[i][.]=(276, 247)(-0.0892857, -0.46988)(0.392857, -0.497992)(-0.25, 0.502008)(0.303571, 0.502008)
				 (276, 247)(-0.0200803, -0.46988)(0.0883534, -0.497992)(-0.0562249, 0.502008)(0.0682731, 0.502008)
				 (276, 247)(0.0481928, -0.497992)(-0.0240964, -0.393574)(-0.0923695, -0.261044)(-0.104418, -0.11245)(-0.0923695, 0.0361446)(-0.060241, 0.188755)(-0.0843373, 0.341365)(-0.0722892, 0.481928)(0.0763052, 0.497992)(0.0361446, 0.35743)(0.0722892, 0.208835)(0.0722892, 0.0562249)(0.0923695, -0.0883534)(0.100402, -0.240964)(0.0963855, -0.393574)
				 (276, 247)(-0.0562249, 0.172691)(0.0321285, 0.313253)(-0.0240964, -0.385542)(-0.064257, 0.0923695)(0.0361446, 0.425703)(0.0682731, 0.064257)(-0.0722892, 0.11245)(-0.064257, 0.160643)(-0.100402, 0.457831)(-0.064257, 0.497992)(0.0682731, 0.502008)(0.0401606, 0.429719)(0.0321285, 0.313253)(0.0763052, 0.228916)(0.0923695, 0.0441767)(0.11245, -0.473896)(0.0481928, -0.497992)(-0.0281124, -0.465863)(-0.0883534, -0.325301)
descriptor[i][.]=(277, 243)(-0.0701754, -0.468992)(0.298246, -0.5)(-0.280702, 0.5)(0.192982, 0.5)
				 (277, 243)(-0.0155039, -0.468992)(0.0658915, -0.5)(-0.0620155, 0.5)(0.0426357, 0.5)
				 (277, 243)(0.0426357, -0.5)(-0.0310078, -0.387597)(-0.0930233, -0.25969)(-0.104651, -0.112403)(-0.0968992, 0.0387597)(-0.0581395, 0.186047)(-0.0852713, 0.337209)(-0.0775194, 0.484496)(0.0658915, 0.492248)(0.0310078, 0.368217)(0.0658915, 0.217054)(0.0697674, 0.0658915)(0.0852713, -0.0813953)(0.0968992, -0.232558)(0.104651, -0.379845)
				 (277, 243)(-0.0581395, 0.182171)(-0.0310078, -0.348837)(-0.0581395, 0.182171)(-0.0930233, 0.468992)(-0.0697674, 0.496124)(0.0736434, 0.492248)(0.112403, -0.426357)(0.0736434, -0.496124)(0.0426357, -0.5)(-0.0348837, -0.383721)
descriptor[i][.]=(278, 247)(-0.0169492, -0.445783)(0.355932, -0.497992)(-0.237288, 0.502008)(0.305085, 0.502008)
				 (278, 247)(-0.00401606, -0.445783)(0.0843373, -0.497992)(-0.0562249, 0.502008)(0.0722892, 0.502008)
				 (278, 247)(0.0763052, -0.497992)(-0.0281124, -0.39759)(-0.100402, -0.261044)(-0.11245, -0.11245)(-0.0963855, 0.0441767)(-0.0722892, 0.192771)(-0.0883534, 0.341365)(-0.0883534, 0.485944)(0.064257, 0.502008)(0.0281124, 0.381526)(0.060241, 0.232932)(0.060241, 0.0803213)(0.0843373, -0.0682731)(0.0963855, -0.220884)(0.100402, -0.369478)
				 (278, 247)(-0.100402, 0.481928)(0.0722892, 0.502008)(0.120482, -0.473896)(0.0843373, -0.497992)(0.0361446, -0.481928)
descriptor[i][.]=(279, 245)(-0.0634921, -0.42126)(0.31746, -0.5)(-0.222222, 0.5)(0.301587, 0.5)
				 (279, 245)(-0.015748, -0.42126)(0.0787402, -0.5)(-0.0551181, 0.5)(0.0748031, 0.5)
				 (279, 245)(0.0748031, -0.5)(-0.023622, -0.389764)(-0.0984252, -0.26378)(-0.110236, -0.114173)(-0.102362, 0.0433071)(-0.0669291, 0.185039)(-0.0984252, 0.34252)(-0.0905512, 0.484252)(0.0669291, 0.496063)(0.019685, 0.377953)(0.0590551, 0.228346)(0.0551181, 0.0748031)(0.0787402, -0.0748031)(0.0944882, -0.228346)(0.110236, -0.377953)
				 (279, 245)(-0.0669291, 0.173228)(-0.0275591, -0.354331)(-0.0669291, 0.173228)(-0.110236, 0.425197)(-0.106299, 0.480315)(-0.0708661, 0.496063)(0.0748031, 0.5)(0.125984, -0.484252)(0.0787402, -0.5)(-0.0275591, -0.358268)
descriptor[i][.]=(280, 247)(-0.0149254, -0.456)(0.283582, -0.496)(-0.283582, 0.5)(0.0746269, 0.5)
				 (280, 247)(-0.004, -0.456)(0.076, -0.496)(-0.076, 0.5)(0.02, 0.5)
				 (280, 247)(0.028, -0.5)(-0.04, -0.36)(-0.096, -0.232)(-0.112, -0.084)(-0.1, 0.064)(-0.08, 0.212)(-0.104, 0.364)(-0.072, 0.5)(0.036, 0.464)(0.016, 0.312)(0.044, 0.164)(0.08, 0.02)(0.088, -0.128)(0.088, -0.28)(0.128, -0.42)
				 (280, 247)(-0.076, 0.164)(-0.016, -0.376)(-0.096, -0.176)(-0.084, 0.084)(-0.088, 0.08)(-0.092, 0.112)(-0.088, 0.144)(-0.116, 0.436)(-0.084, 0.496)(0.044, 0.492)(0.136, -0.448)(0.028, -0.5)(-0.012, -0.428)(-0.016, -0.376)(-0.076, -0.336)(-0.096, -0.176)
descriptor[i][.]=(280, 247)(-0.0149254, -0.436)(0.238806, -0.5)(-0.268657, 0.5)(0.104478, 0.5)
				 (280, 247)(-0.004, -0.436)(0.064, -0.5)(-0.072, 0.5)(0.028, 0.5)
				 (280, 247)(0.036, -0.5)(-0.036, -0.368)(-0.092, -0.236)(-0.108, -0.084)(-0.1, 0.064)(-0.076, 0.212)(-0.108, 0.364)(-0.072, 0.5)(0.048, 0.472)(0.016, 0.324)(0.048, 0.172)(0.08, 0.028)(0.088, -0.124)(0.096, -0.276)(0.132, -0.416)
				 (280, 247)(-0.072, 0.164)(-0.012, -0.38)(-0.084, 0.088)(-0.088, 0.084)(-0.092, 0.112)(-0.088, 0.144)(-0.116, 0.432)(-0.108, 0.472)(-0.08, 0.496)(0.052, 0.492)(0.136, -0.46)(0.036, -0.5)(0, -0.444)(-0.084, -0.328)
descriptor[i][.]=(284, 246)(-0.027027, -0.414343)(0.391892, -0.498008)(-0.297297, 0.501992)(0.121622, 0.501992)
				 (284, 246)(-0.00796813, -0.414343)(0.115538, -0.498008)(-0.0876494, 0.501992)(0.0358566, 0.501992)
				 (284, 246)(0.0956175, -0.498008)(-0.0119522, -0.394422)(-0.10757, -0.2749)(-0.131474, -0.123506)(-0.131474, 0.0278884)(-0.0996016, 0.171315)(-0.115538, 0.318725)(-0.115538, 0.466135)(0.0239044, 0.501992)(0.00398406, 0.374502)(0.0318725, 0.227092)(0.0358566, 0.0756972)(0.063745, -0.0677291)(0.0796813, -0.219124)(0.119522, -0.370518)
				 (284, 246)(-0.0916335, 0.207171)(-0.103586, 0.0876494)(-0.119522, 0.0677291)(-0.0956175, 0.203187)(-0.0956175, 0.498008)(0.0358566, 0.501992)(0.14741, -0.434263)(0.131474, -0.49004)(-0.00796813, -0.414343)
descriptor[i][.]=(285, 248)(-0.0263158, -0.421053)(0.421053, -0.497976)(-0.289474, 0.502024)(0.118421, 0.502024)
				 (285, 248)(-0.00809717, -0.421053)(0.129555, -0.497976)(-0.0890688, 0.502024)(0.0364372, 0.502024)
				 (285, 248)(0.129555, -0.497976)(0, -0.425101)(-0.0890688, -0.311741)(-0.125506, -0.161943)(-0.153846, -0.00809717)(-0.109312, 0.145749)(-0.117409, 0.299595)(-0.137652, 0.449393)(0, 0.502024)(0, 0.40081)(0.0242915, 0.246964)(0.0283401, 0.0931174)(0.0566802, -0.0526316)(0.0809717, -0.202429)(0.117409, -0.356275)
				 (285, 248)(-0.097166, 0.186235)(-0.101215, 0.182186)(-0.1417, 0.425101)(-0.097166, 0.497976)(0.0364372, 0.502024)(0.145749, -0.48583)(0.0728745, -0.489879)
descriptor[i][.]=(287, 252)(-0.0833333, -0.39749)(0.190476, -0.497908)(-0.297619, 0.502092)(0.0119048, 0.502092)
				 (287, 252)(-0.0292887, -0.39749)(0.0669456, -0.497908)(-0.104603, 0.502092)(0.0041841, 0.502092)
				 (287, 252)(0.0502092, -0.497908)(-0.0460251, -0.389121)(-0.112971, -0.251046)(-0.158996, -0.0962343)(-0.142259, 0.0543933)(-0.121339, 0.209205)(-0.150628, 0.364017)(-0.100418, 0.502092)(0.0125523, 0.468619)(-0.0125523, 0.313808)(0.0083682, 0.158996)(0.041841, 0.0083682)(0.0711297, -0.146444)(0.0962343, -0.301255)(0.175732, -0.435146)
				 (287, 252)(-0.117155, 0.150628)(0.0083682, -0.414226)(-0.121339, 0.146444)(-0.112971, 0.497908)(0.175732, -0.435146)(0.0669456, -0.497908)(0.0083682, -0.41841)(-0.0460251, -0.389121)(-0.083682, -0.359833)
descriptor[i][.]=(291, 250)(-0.0537634, -0.377049)(0.387097, -0.5)(-0.311828, 0.5)(0, 0.5)
				 (291, 250)(-0.0204918, -0.377049)(0.147541, -0.5)(-0.118852, 0.5)(0, 0.5)
				 (291, 250)(0.122951, -0.5)(0.00409836, -0.405738)(-0.110656, -0.29918)(-0.163934, -0.147541)(-0.180328, 0.00409836)(-0.143443, 0.159836)(-0.151639, 0.315574)(-0.151639, 0.471311)(-0.00409836, 0.5)(-0.0286885, 0.360656)(-0.00819672, 0.209016)(0.00409836, 0.0532787)(0.045082, -0.102459)(0.0819672, -0.258197)(0.159836, -0.393443)
				 (291, 250)(-0.131148, 0.180328)(-0.0122951, 0.0860656)(-0.0122951, -0.377049)(-0.0286885, 0.418033)(0.0860656, -0.303279)(-0.135246, 0.17623)(-0.159836, 0.442623)(-0.127049, 0.495902)(0, 0.5)(-0.0122951, 0.438525)(-0.00409836, 0.229508)(-0.0122951, 0.0860656)(0.0860656, -0.286885)(0.192623, -0.438525)(0.155738, -0.495902)(0.0778689, -0.491803)(-0.0122951, -0.377049)(-0.0409836, -0.372951)(-0.0819672, -0.348361)
descriptor[i][.]=(290, 254)(-0.03, -0.395745)(0.38, -0.497872)(-0.27, 0.502128)(0.01, 0.497872)
				 (290, 254)(-0.012766, -0.395745)(0.161702, -0.497872)(-0.114894, 0.502128)(0.00425532, 0.497872)
				 (290, 254)(0.13617, -0.497872)(0.00851064, -0.395745)(-0.102128, -0.302128)(-0.170213, -0.148936)(-0.195745, 0)(-0.148936, 0.153191)(-0.157447, 0.310638)(-0.153191, 0.468085)(-0.00425532, 0.502128)(-0.0255319, 0.365957)(-0.00851064, 0.208511)(0, 0.0510638)(0.0425532, -0.106383)(0.106383, -0.26383)(0.191489, -0.391489)
				 (290, 254)(0.00851064, -0.0382979)(0.0212766, -0.4)(-0.0340426, 0.323404)(0.119149, -0.319149)(-0.123404, 0.497872)(-0.00425532, 0.502128)(-0.0297872, 0.32766)(0.012766, 0.0212766)(0.00851064, -0.0382979)(0.106383, -0.26383)(0.119149, -0.319149)(0.212766, -0.412766)(0.170213, -0.493617)(0.0978723, -0.493617)(0.0212766, -0.4)(-0.012766, -0.395745)(-0.0638298, -0.370213)
descriptor[i][.]=(291, 258)(-0.0380952, -0.403509)(0.361905, -0.5)(-0.266667, 0.5)(0.00952381, 0.495614)
				 (291, 258)(-0.0175439, -0.403509)(0.166667, -0.5)(-0.122807, 0.5)(0.00438596, 0.495614)
				 (291, 258)(0.157895, -0.5)(0.0263158, -0.407895)(-0.105263, -0.315789)(-0.188596, -0.171053)(-0.214912, -0.0219298)(-0.171053, 0.135965)(-0.171053, 0.298246)(-0.171053, 0.45614)(-0.0219298, 0.5)(-0.0350877, 0.372807)(-0.0307018, 0.214912)(-0.0219298, 0.0526316)(0.0307018, -0.0877193)(0.105263, -0.25)(0.219298, -0.372807)
				 (291, 258)(-0.00877193, -0.0482456)(0.0482456, -0.412281)(-0.0482456, 0.280702)(0.131579, -0.311404)(-0.171053, 0.460526)(-0.131579, 0.495614)(-0.0131579, 0.5)(-0.0438596, 0.285088)(0, 0.0175439)(0.131579, -0.307018)(0.210526, -0.355263)(0.232456, -0.390351)(0.184211, -0.491228)(0.0482456, -0.412281)(-0.0175439, -0.403509)
descriptor[i][.]=(294, 260)(-0.0446429, -0.410714)(0.339286, -0.5)(-0.285714, 0.5)(-1, -1)
				 (294, 260)(-0.0223214, -0.410714)(0.169643, -0.5)(-0.142857, 0.5)(-1, -1)
				 (294, 260)(0.151786, -0.5)(0.00892857, -0.419643)(-0.125, -0.316964)(-0.21875, -0.165179)(-0.227679, -0.00892857)(-0.178571, 0.151786)(-0.191964, 0.316964)(-0.178571, 0.477679)(-0.0178571, 0.491071)(-0.0446429, 0.34375)(-0.0446429, 0.183036)(-0.0401786, 0.0178571)(0.03125, -0.138393)(0.111607, -0.290179)(0.236607, -0.388393)
				 (294, 260)(-0.0267857, -0.0535714)(0.0535714, -0.424107)(0.116071, -0.308036)(-0.1875, 0.459821)(-0.151786, 0.495536)(-0.00446429, 0.486607)(0.0535714, -0.15625)(0.107143, -0.267857)(0.183036, -0.325893)(0.245536, -0.392857)(0.169643, -0.5)(0.0535714, -0.424107)(-0.0491071, -0.397321)
descriptor[i][.]=(297, 264)(-0.00806452, -0.427907)(0.491935, -0.455814)(-0.241935, 0.502326)(-1, -1)
				 (297, 264)(-0.00465116, -0.427907)(0.283721, -0.455814)(-0.139535, 0.502326)(-1, -1)
				 (297, 264)(0.181395, -0.497674)(0.027907, -0.427907)(-0.130233, -0.344186)(-0.24186, -0.209302)(-0.265116, -0.0418605)(-0.209302, 0.125581)(-0.209302, 0.297674)(-0.195349, 0.469767)(-0.0325581, 0.497674)(-0.0697674, 0.353488)(-0.0651163, 0.181395)(-0.0651163, 0.00930233)(0.0186047, -0.153488)(0.125581, -0.306977)(0.283721, -0.390698)
				 (297, 264)(-0.0465116, -0.0697674)(0.0651163, -0.427907)(-0.0883721, 0.297674)(0.116279, -0.302326)(-0.204651, 0.460465)(-0.153488, 0.497674)(-0.00930233, 0.493023)(-0.0744186, 0.32093)(0.0837209, -0.227907)(0.116279, -0.302326)(0.283721, -0.390698)(0.288372, -0.446512)(0.24186, -0.47907)(0.195349, -0.497674)(-0.00465116, -0.427907)(-0.0604651, -0.409302)
descriptor[i][.]=(297, 268)(-0.048, -0.442308)(0.504, -0.466346)(-0.288, 0.5)(-1, -1)
				 (297, 268)(-0.0288462, -0.442308)(0.302885, -0.466346)(-0.173077, 0.5)(-1, -1)
				 (297, 268)(0.206731, -0.5)(0.0384615, -0.447115)(-0.125, -0.375)(-0.25, -0.240385)(-0.274038, -0.0721154)(-0.230769, 0.105769)(-0.221154, 0.283654)(-0.211538, 0.461538)(-0.0528846, 0.5)(-0.0721154, 0.365385)(-0.0769231, 0.1875)(-0.0721154, 0.00961538)(0.00961538, -0.149038)(0.129808, -0.298077)(0.288462, -0.394231)
				 (297, 268)(-0.0721154, -0.0288462)(-0.0961538, 0.278846)(0.139423, -0.3125)(-0.182692, 0.495192)(-0.0336538, 0.5)(-0.0913462, 0.283654)(-0.0721154, -0.0288462)(0.139423, -0.3125)(0.274038, -0.375)(0.302885, -0.466346)(0.221154, -0.5)(-0.192308, -0.326923)
descriptor[i][.]=(299, 274)(-0.0229008, -0.482051)(0.48855, -0.482051)(-0.259542, 0.502564)(-1, -1)
				 (299, 274)(-0.0153846, -0.482051)(0.328205, -0.482051)(-0.174359, 0.502564)(-1, -1)
				 (299, 274)(0.194872, -0.497436)(0.00512821, -0.482051)(-0.169231, -0.394872)(-0.307692, -0.246154)(-0.302564, -0.0615385)(-0.251282, 0.133333)(-0.246154, 0.323077)(-0.189744, 0.492308)(-0.0307692, 0.471795)(-0.0974359, 0.302564)(-0.0974359, 0.107692)(-0.0820513, -0.0820513)(0.0564103, -0.230769)(0.215385, -0.333333)(0.338462, -0.446154)
				 (299, 274)(-0.0769231, -0.102564)(-0.117949, 0.25641)(0.128205, -0.317949)(-0.246154, 0.435897)(-0.194872, 0.492308)(-0.0461538, 0.502564)(-0.112821, 0.261538)(-0.0769231, -0.0871795)(0.102564, -0.271795)(0.312821, -0.364103)(0.333333, -0.476923)(0.210256, -0.497436)
descriptor[i][.]=(301, 276)(-0.0149254, -0.486911)(0.477612, -0.450262)(-0.291045, 0.502618)(-1, -1)
				 (301, 276)(-0.0104712, -0.486911)(0.335079, -0.450262)(-0.204188, 0.502618)(-1, -1)
				 (301, 276)(0.246073, -0.497382)(0.052356, -0.481675)(-0.141361, -0.429319)(-0.298429, -0.314136)(-0.329843, -0.13089)(-0.282723, 0.0680628)(-0.26178, 0.26178)(-0.251309, 0.439791)(-0.0890052, 0.502618)(-0.0890052, 0.408377)(-0.13089, 0.209424)(-0.125654, 0.0157068)(-0.0418848, -0.167539)(0.109948, -0.293194)(0.303665, -0.356021)
				 (301, 276)(-0.0994764, -0.0942408)(-0.136126, 0.235602)(0.136126, -0.314136)(-0.21466, 0.497382)(-0.0209424, 0.497382)(-0.13089, 0.240838)(-0.0994764, -0.0837696)(0.308901, -0.356021)(0.350785, -0.403141)(0.277487, -0.486911)
descriptor[i][.]=(298, 280)(-0.0387597, -0.491803)(0.457364, -0.459016)(-0.286822, 0.502732)(-1, -1)
				 (298, 280)(-0.0273224, -0.491803)(0.322404, -0.459016)(-0.202186, 0.502732)(-1, -1)
				 (298, 280)(0.0273224, -0.497268)(-0.169399, -0.437158)(-0.31694, -0.31694)(-0.333333, -0.125683)(-0.278689, 0.0710383)(-0.26776, 0.273224)(-0.240437, 0.469945)(-0.0546448, 0.497268)(-0.0983607, 0.349727)(-0.103825, 0.15847)(-0.114754, -0.0437158)(0.00546448, -0.191257)(0.185792, -0.300546)(0.338798, -0.360656)(0.229508, -0.480874)
				 (298, 280)(-0.0765027, -0.15847)(-0.125683, 0.234973)(0.147541, -0.300546)(-0.245902, 0.459016)(-0.213115, 0.497268)(-0.0163934, 0.486339)(-0.0928962, 0.289617)(-0.120219, 0.240437)(-0.0765027, -0.147541)(0.010929, -0.191257)(0.355191, -0.338798)(0.322404, -0.459016)(0.0546448, -0.497268)(-0.196721, -0.431694)
descriptor[i][.]=(301, 283)(-0.441176, -0.370787)(0.404412, -0.449438)(-0.286765, 0.5)(-1, -1)
				 (301, 283)(-0.337079, -0.370787)(0.308989, -0.449438)(-0.219101, 0.5)(-1, -1)
				 (301, 283)(-0.0224719, -0.5)(-0.224719, -0.44382)(-0.382022, -0.308989)(-0.353933, -0.101124)(-0.297753, 0.0955056)(-0.297753, 0.303371)(-0.230337, 0.494382)(-0.0393258, 0.477528)(-0.129213, 0.292135)(-0.129213, 0.0842697)(-0.11236, -0.11236)(0.0561798, -0.230337)(0.252809, -0.269663)(0.353933, -0.393258)(0.179775, -0.460674)
				 (301, 283)(-0.101124, -0.162921)(0.151685, -0.455056)(-0.151685, 0.213483)(0.162921, -0.286517)(-0.269663, 0.455056)(-0.230337, 0.494382)(-0.0505618, 0.5)(-0.146067, 0.219101)(-0.101124, -0.157303)(0.162921, -0.286517)(0.320225, -0.292135)(0.382022, -0.376404)(0.331461, -0.432584)(0.151685, -0.455056)(0.0898876, -0.494382)(-0.337079, -0.370787)
descriptor[i][.]=(301, 284)(-0.441176, -0.380682)(0.397059, -0.4375)(-0.279412, 0.5)(-1, -1)
				 (301, 284)(-0.340909, -0.380682)(0.306818, -0.4375)(-0.215909, 0.5)(-1, -1)
				 (301, 284)(-0.0511364, -0.5)(-0.255682, -0.4375)(-0.380682, -0.289773)(-0.346591, -0.0852273)(-0.301136, 0.119318)(-0.289773, 0.329545)(-0.204545, 0.5)(-0.0568182, 0.454545)(-0.142045, 0.261364)(-0.130682, 0.0568182)(-0.107955, -0.153409)(0.0795455, -0.227273)(0.278409, -0.261364)(0.346591, -0.386364)(0.159091, -0.454545)
				 (301, 284)(-0.102273, -0.176136)(0.153409, -0.454545)(-0.153409, 0.210227)(-0.267045, 0.465909)(-0.227273, 0.494318)(-0.0511364, 0.5)(-0.147727, 0.215909)(-0.102273, -0.170455)(0.295455, -0.261364)(0.380682, -0.318182)(0.306818, -0.4375)(0.153409, -0.454545)(-0.227273, -0.454545)
descriptor[i][.]=(301, 286)(-0.441176, -0.403509)(0.426471, -0.403509)(-0.294118, 0.502924)(-1, -1)
				 (301, 286)(-0.350877, -0.403509)(0.339181, -0.403509)(-0.233918, 0.502924)(-1, -1)
				 (301, 286)(-0.111111, -0.497076)(-0.315789, -0.415205)(-0.397661, -0.233918)(-0.333333, -0.0233918)(-0.298246, 0.192982)(-0.28655, 0.403509)(-0.134503, 0.502924)(-0.0935673, 0.403509)(-0.157895, 0.204678)(-0.146199, -0.00584795)(-0.0584795, -0.187135)(0.152047, -0.245614)(0.362573, -0.25731)(0.315789, -0.415205)(0.0994152, -0.479532)
				 (301, 286)(-0.111111, -0.163743)(-0.157895, 0.204678)(0.140351, -0.251462)(-0.280702, 0.461988)(-0.245614, 0.497076)(-0.0467836, 0.502924)(-0.152047, 0.210526)(-0.111111, -0.157895)(0, -0.187135)(0.140351, -0.251462)(0.204678, -0.222222)(0.356725, -0.251462)(-0.233918, -0.473684)
descriptor[i][.]=(299, 287)(-0.489051, -0.372781)(0.437956, -0.384615)(-0.270073, 0.502959)(-1, -1)
				 (299, 287)(-0.39645, -0.372781)(0.35503, -0.384615)(-0.218935, 0.502959)(-1, -1)
				 (299, 287)(-0.130178, -0.497041)(-0.331361, -0.414201)(-0.390533, -0.236686)(-0.325444, -0.0177515)(-0.289941, 0.189349)(-0.278107, 0.408284)(-0.118343, 0.502959)(-0.0887574, 0.39645)(-0.147929, 0.183432)(-0.136095, -0.035503)(-0.0295858, -0.177515)(0.189349, -0.213018)(0.402367, -0.242604)(0.295858, -0.39645)(0.0887574, -0.47929)
				 (299, 287)(-0.106509, -0.171598)(-0.147929, 0.201183)(0.142012, -0.230769)(-0.266272, 0.461538)(-0.230769, 0.497041)(-0.0414201, 0.502959)(-0.142012, 0.207101)(-0.106509, -0.16568)(0.142012, -0.230769)(0.195266, -0.207101)(0.378698, -0.230769)(0.35503, -0.384615)
descriptor[i][.]=(300, 288)(-0.488889, -0.386905)(0.459259, -0.363095)(-0.288889, 0.5)(-1, -1)
				 (300, 288)(-0.392857, -0.386905)(0.369048, -0.363095)(-0.232143, 0.5)(-1, -1)
				 (300, 288)(-0.154762, -0.5)(-0.357143, -0.404762)(-0.380952, -0.208333)(-0.333333, 0.00595238)(-0.303571, 0.214286)(-0.291667, 0.434524)(-0.107143, 0.5)(-0.107143, 0.369048)(-0.154762, 0.154762)(-0.142857, -0.0595238)(-0.00595238, -0.184524)(0.208333, -0.196429)(0.404762, -0.261905)(0.267857, -0.392857)(0.0654762, -0.488095)
				 (300, 288)(-0.113095, -0.172619)(-0.154762, 0.196429)(-0.244048, 0.494048)(-0.0297619, 0.488095)(-0.14881, 0.202381)(-0.113095, -0.166667)(0.321429, -0.202381)(0.369048, -0.363095)(-0.214286, -0.494048)
descriptor[i][.]=(300, 288)(-0.474074, -0.401198)(0.496296, -0.299401)(-0.288889, 0.497006)(-1, -1)
				 (300, 288)(-0.383234, -0.401198)(0.401198, -0.299401)(-0.233533, 0.497006)(-1, -1)
				 (300, 288)(-0.221557, -0.497006)(-0.389222, -0.365269)(-0.371257, -0.149701)(-0.329341, 0.0658683)(-0.305389, 0.281437)(-0.245509, 0.48503)(-0.0359281, 0.497006)(-0.125749, 0.311377)(-0.137725, 0.0958084)(-0.137725, -0.11976)(0.0479042, -0.185629)(0.263473, -0.179641)(0.401198, -0.293413)(0.209581, -0.39521)(0, -0.491018)
				 (300, 288)(-0.11976, -0.173653)(-0.155689, 0.197605)(-0.233533, 0.497006)(-0.0479042, 0.502994)(-0.149701, 0.203593)(-0.11976, -0.167665)(0.335329, -0.179641)(0.401198, -0.227545)(0.341317, -0.353293)(-0.383234, -0.401198)
descriptor[i][.]=(300, 288)(-0.481481, -0.392857)(0.496296, -0.291667)(-0.355556, 0.470238)(-1, -1)
				 (300, 288)(-0.386905, -0.392857)(0.39881, -0.291667)(-0.285714, 0.470238)(-1, -1)
				 (300, 288)(-0.208333, -0.5)(-0.386905, -0.369048)(-0.375, -0.14881)(-0.327381, 0.0714286)(-0.297619, 0.285714)(-0.25, 0.482143)(-0.0297619, 0.488095)(-0.125, 0.303571)(-0.136905, 0.125)(-0.136905, -0.0952381)(0.0178571, -0.184524)(0.238095, -0.184524)(0.404762, -0.261905)(0.232143, -0.386905)(0.0119048, -0.482143)
				 (300, 288)(-0.130952, -0.166667)(-0.154762, 0.202381)(-0.285714, 0.470238)(-0.0357143, 0.494048)(-0.130952, -0.154762)(0.39881, -0.208333)(0.404762, -0.267857)(0.339286, -0.35119)(-0.190476, -0.5)(-0.369048, -0.404762)
descriptor[i][.]=(301, 288)(-0.477941, -0.401198)(0.433824, -0.353293)(-0.294118, 0.502994)(-1, -1)
				 (301, 288)(-0.389222, -0.401198)(0.353293, -0.353293)(-0.239521, 0.502994)(-1, -1)
				 (301, 288)(-0.221557, -0.497006)(-0.39521, -0.359281)(-0.377246, -0.149701)(-0.335329, 0.0658683)(-0.317365, 0.281437)(-0.263473, 0.479042)(-0.0538922, 0.497006)(-0.131737, 0.311377)(-0.143713, 0.0898204)(-0.143713, -0.125749)(0.0359281, -0.185629)(0.251497, -0.179641)(0.39521, -0.287425)(0.215569, -0.389222)(0, -0.48503)
				 (301, 288)(-0.137725, -0.167665)(-0.161677, 0.197605)(-0.251497, 0.497006)(-0.0718563, 0.502994)(-0.155689, 0.203593)(0.389222, -0.209581)(0.407186, -0.245509)(0.353293, -0.353293)(-0.389222, -0.401198)
descriptor[i][.]=(300, 288)(-0.488889, -0.39521)(0.503704, -0.311377)(-0.333333, 0.473054)(-1, -1)
				 (300, 288)(-0.39521, -0.39521)(0.407186, -0.311377)(-0.269461, 0.473054)(-1, -1)
				 (300, 288)(-0.215569, -0.497006)(-0.39521, -0.377246)(-0.383234, -0.161677)(-0.341317, 0.0538922)(-0.299401, 0.269461)(-0.257485, 0.479042)(-0.0419162, 0.491018)(-0.125749, 0.299401)(-0.137725, 0.0898204)(-0.131737, -0.125749)(0.0479042, -0.185629)(0.263473, -0.197605)(0.407186, -0.311377)(0.215569, -0.413174)(0, -0.491018)
				 (300, 288)(-0.11976, -0.173653)(-0.155689, 0.197605)(-0.287425, 0.443114)(-0.0658683, 0.502994)(-0.149701, 0.203593)(-0.11976, -0.167665)(0.377246, -0.221557)(0.365269, -0.359281)(-0.215569, -0.497006)
descriptor[i][.]=(301, 288)(-0.492647, -0.386905)(0.5, -0.327381)(-0.294118, 0.5)(-1, -1)
				 (301, 288)(-0.39881, -0.386905)(0.404762, -0.327381)(-0.238095, 0.5)(-1, -1)
				 (301, 288)(-0.166667, -0.5)(-0.369048, -0.404762)(-0.39881, -0.196429)(-0.333333, 0.0178571)(-0.315476, 0.232143)(-0.285714, 0.452381)(-0.0833333, 0.5)(-0.119048, 0.35119)(-0.154762, 0.142857)(-0.14881, -0.077381)(0, -0.184524)(0.220238, -0.208333)(0.39881, -0.279762)(0.255952, -0.404762)(0.0535714, -0.488095)
				 (301, 288)(-0.125, -0.172619)(0.154762, -0.428571)(-0.160714, 0.196429)(-0.291667, 0.440476)(-0.25, 0.494048)(-0.0357143, 0.482143)(-0.154762, 0.202381)(-0.125, -0.166667)(0.345238, -0.220238)(0.404762, -0.315476)(0.339286, -0.392857)(0.166667, -0.428571)(0.119048, -0.464286)(-0.220238, -0.494048)
descriptor[i][.]=(297, 286)(-0.496183, -0.350877)(0.48855, -0.397661)(-0.274809, 0.502924)(-1, -1)
				 (297, 286)(-0.380117, -0.350877)(0.374269, -0.397661)(-0.210526, 0.502924)(-1, -1)
				 (297, 286)(-0.0526316, -0.497076)(-0.25731, -0.438596)(-0.374269, -0.280702)(-0.327485, -0.0760234)(-0.292398, 0.134503)(-0.269006, 0.339181)(-0.175439, 0.502924)(-0.0467836, 0.450292)(-0.122807, 0.251462)(-0.116959, 0.0467836)(-0.0935673, -0.163743)(0.111111, -0.222222)(0.321637, -0.239766)(0.368421, -0.397661)(0.157895, -0.45614)
				 (297, 286)(-0.0935673, -0.163743)(-0.134503, 0.204678)(-0.251462, 0.461988)(-0.222222, 0.497076)(-0.0175439, 0.48538)(-0.128655, 0.210526)(-0.0935673, -0.157895)(0.345029, -0.239766)(0.385965, -0.385965)(-0.0350877, -0.497076)
descriptor[i][.]=(301, 286)(-0.441176, -0.401163)(0.5, -0.360465)(-0.286765, 0.5)(-1, -1)
				 (301, 286)(-0.348837, -0.401163)(0.395349, -0.360465)(-0.226744, 0.5)(-1, -1)
				 (301, 286)(-0.0755814, -0.5)(-0.27907, -0.436047)(-0.395349, -0.27907)(-0.348837, -0.0697674)(-0.313953, 0.139535)(-0.296512, 0.348837)(-0.19186, 0.5)(-0.0755814, 0.436047)(-0.145349, 0.232558)(-0.145349, 0.0232558)(-0.0988372, -0.186047)(0.110465, -0.238372)(0.319767, -0.261628)(0.343023, -0.395349)(0.133721, -0.465116)
				 (301, 286)(-0.110465, -0.174419)(-0.156977, 0.203488)(0.151163, -0.261628)(-0.284884, 0.44186)(-0.238372, 0.494186)(-0.0581395, 0.5)(-0.151163, 0.209302)(-0.110465, -0.162791)(0.151163, -0.261628)(0.360465, -0.261628)(-0.209302, -0.476744)(-0.348837, -0.401163)
descriptor[i][.]=(301, 284)(-0.139706, -0.5)(0.5, -0.403409)(-0.286765, 0.5)(-1, -1)
				 (301, 284)(-0.107955, -0.5)(0.386364, -0.403409)(-0.221591, 0.5)(-1, -1)
				 (301, 284)(-0.107955, -0.5)(-0.301136, -0.397727)(-0.380682, -0.221591)(-0.329545, -0.0284091)(-0.295455, 0.181818)(-0.284091, 0.386364)(-0.147727, 0.494318)(-0.102273, 0.403409)(-0.153409, 0.198864)(-0.142045, -0.00568182)(-0.0681818, -0.1875)(0.130682, -0.267045)(0.329545, -0.306818)(0.3125, -0.443182)(0.102273, -0.488636)
				 (301, 284)(-0.107955, -0.170455)(-0.153409, 0.210227)(0.164773, -0.289773)(-0.278409, 0.431818)(-0.232955, 0.494318)(-0.0681818, 0.5)(-0.147727, 0.215909)(-0.107955, -0.164773)(0.0625, -0.221591)(0.164773, -0.289773)(0.329545, -0.306818)
descriptor[i][.]=(298, 281)(-0.0692308, -0.489011)(0.407692, -0.483516)(-0.253846, 0.5)(-1, -1)
				 (298, 281)(-0.0494505, -0.489011)(0.291209, -0.483516)(-0.181319, 0.5)(-1, -1)
				 (298, 281)(0.032967, -0.5)(-0.164835, -0.43956)(-0.324176, -0.318681)(-0.346154, -0.137363)(-0.28022, 0.0604396)(-0.269231, 0.258242)(-0.247253, 0.456044)(-0.0659341, 0.5)(-0.0934066, 0.373626)(-0.120879, 0.175824)(-0.120879, -0.021978)(-0.0274725, -0.181319)(0.153846, -0.296703)(0.346154, -0.351648)(0.230769, -0.478022)
				 (298, 281)(-0.0879121, -0.153846)(0.131868, -0.472527)(-0.131868, 0.21978)(0.137363, -0.291209)(-0.241758, 0.472527)(-0.021978, 0.5)(-0.126374, 0.225275)(0.10989, -0.247253)(0.137363, -0.291209)(0.357143, -0.357143)(0.307692, -0.461538)(0.131868, -0.472527)(0.0549451, -0.5)
descriptor[i][.]=(300, 279)(-0.0895522, -0.481081)(0.492537, -0.464865)(-0.283582, 0.502703)(-1, -1)
				 (300, 279)(-0.0648649, -0.481081)(0.356757, -0.464865)(-0.205405, 0.502703)(-1, -1)
				 (300, 279)(0.00540541, -0.497297)(-0.178378, -0.421622)(-0.340541, -0.291892)(-0.335135, -0.102703)(-0.281081, 0.0972973)(-0.27027, 0.297297)(-0.232432, 0.481081)(-0.0378378, 0.497297)(-0.102703, 0.32973)(-0.118919, 0.12973)(-0.108108, -0.0702703)(0.0216216, -0.210811)(0.2, -0.313514)(0.351351, -0.416216)(0.205405, -0.491892)
				 (300, 279)(-0.0918919, -0.140541)(-0.135135, 0.232432)(-0.216216, 0.497297)(-0.0432432, 0.502703)(-0.12973, 0.237838)(0.308108, -0.345946)(0.362162, -0.427027)(-0.0648649, -0.481081)(-0.308108, -0.340541)(-0.351351, -0.281081)
descriptor[i][.]=(296, 276)(-0.072, -0.473958)(0.416, -0.473958)(-0.264, 0.5)(-1, -1)
				 (296, 276)(-0.046875, -0.473958)(0.270833, -0.473958)(-0.171875, 0.5)(-1, -1)
				 (296, 276)(0.145833, -0.5)(-0.0364583, -0.473958)(-0.203125, -0.380208)(-0.322917, -0.234375)(-0.291667, -0.046875)(-0.239583, 0.125)(-0.234375, 0.307292)(-0.197917, 0.479167)(-0.015625, 0.484375)(-0.078125, 0.3125)(-0.0833333, 0.130208)(-0.078125, -0.0520833)(0.0416667, -0.203125)(0.1875, -0.333333)(0.322917, -0.4375)
				 (296, 276)(-0.0625, -0.114583)(-0.104167, 0.244792)(-0.182292, 0.494792)(-0.0416667, 0.5)(-0.0989583, 0.25)(-0.0625, -0.0989583)(0.328125, -0.411458)(0.270833, -0.473958)(-0.046875, -0.473958)(-0.0885417, -0.458333)
descriptor[i][.]=(297, 267)(-0.008, -0.435407)(0.464, -0.488038)(-0.288, 0.502392)(-1, -1)
				 (297, 267)(-0.00478469, -0.435407)(0.277512, -0.488038)(-0.172249, 0.502392)(-1, -1)
				 (297, 267)(0.215311, -0.497608)(0.0478469, -0.435407)(-0.129187, -0.363636)(-0.253589, -0.229665)(-0.277512, -0.062201)(-0.215311, 0.114833)(-0.215311, 0.291866)(-0.210526, 0.4689)(-0.0382775, 0.502392)(-0.0669856, 0.363636)(-0.0813397, 0.186603)(-0.076555, 0.00956938)(0.00956938, -0.143541)(0.129187, -0.282297)(0.258373, -0.392344)
				 (297, 267)(-0.0430622, -0.105263)(-0.0909091, 0.296651)(0.143541, -0.30622)(-0.215311, 0.454545)(-0.181818, 0.497608)(-0.0239234, 0.502392)(-0.0813397, 0.311005)(-0.0430622, -0.0956938)(0.0526316, -0.177033)(0.143541, -0.30622)(0.296651, -0.416268)(0.301435, -0.45933)(0.277512, -0.488038)(-0.0478469, -0.421053)(-0.186603, -0.315789)
descriptor[i][.]=(295, 264)(-0.0169492, -0.418605)(0.491525, -0.47907)(-0.254237, 0.502326)(0.0423729, 0.460465)
				 (295, 264)(-0.00930233, -0.418605)(0.269767, -0.47907)(-0.139535, 0.502326)(0.0232558, 0.460465)
				 (295, 264)(0.15814, -0.497674)(0.0139535, -0.423256)(-0.148837, -0.316279)(-0.265116, -0.172093)(-0.237209, -0.00465116)(-0.186047, 0.167442)(-0.204651, 0.339535)(-0.153488, 0.493023)(0.00930233, 0.465116)(-0.0604651, 0.339535)(-0.0604651, 0.167442)(-0.0418605, -0.00465116)(0.0372093, -0.153488)(0.144186, -0.293023)(0.274419, -0.418605)
				 (295, 264)(-0.0418605, -0.055814)(0.0744186, -0.427907)(-0.0790698, 0.302326)(-0.204651, 0.44186)(-0.15814, 0.493023)(-0.0325581, 0.502326)(0.0232558, 0.460465)(-0.0744186, 0.306977)(-0.0372093, -0.00465116)(-0.0418605, -0.055814)(0.269767, -0.47907)(0.15814, -0.497674)(0.0744186, -0.427907)(0.00930233, -0.423256)(-0.0697674, -0.390698)
descriptor[i][.]=(292, 258)(-0.0265487, -0.39207)(0.451327, -0.493392)(-0.274336, 0.502203)(0.00884956, 0.497797)
				 (292, 258)(-0.0132159, -0.39207)(0.22467, -0.493392)(-0.136564, 0.502203)(0.00440529, 0.497797)
				 (292, 258)(0.14978, -0.497797)(0.0176211, -0.400881)(-0.118943, -0.290749)(-0.215859, -0.14978)(-0.211454, 0.00440529)(-0.162996, 0.167401)(-0.180617, 0.330396)(-0.15859, 0.484581)(0, 0.497797)(-0.0440529, 0.348018)(-0.030837, 0.185022)(-0.0132159, 0.0264317)(0.0440529, -0.127753)(0.123348, -0.273128)(0.242291, -0.409692)
				 (292, 258)(-0.15859, 0.145374)(-0.0176211, -0.0352423)(0.0572687, -0.409692)(-0.0528634, 0.30837)(0.123348, -0.277533)(-0.15859, 0.145374)(-0.145374, 0.497797)(-0.00440529, 0.502203)(-0.0484581, 0.312775)(-0.0176211, -0.0352423)(0.101322, -0.202643)(0.123348, -0.273128)(0.202643, -0.334802)(0.23348, -0.488987)(0.162996, -0.497797)(0.0572687, -0.409692)(-0.110132, -0.317181)
descriptor[i][.]=(291, 255)(-0.0190476, -0.381974)(0.352381, -0.497854)(-0.247619, 0.502146)(0, 0.493562)
				 (291, 255)(-0.00858369, -0.381974)(0.158798, -0.497854)(-0.111588, 0.502146)(0, 0.493562)
				 (291, 255)(0.150215, -0.497854)(0.0300429, -0.386266)(-0.103004, -0.296137)(-0.188841, -0.158798)(-0.206009, -0.0128755)(-0.154506, 0.145923)(-0.167382, 0.300429)(-0.16309, 0.459227)(-0.0214592, 0.502146)(-0.0343348, 0.364807)(-0.0257511, 0.2103)(-0.0171674, 0.055794)(0.0300429, -0.0901288)(0.11588, -0.236052)(0.206009, -0.369099)
				 (291, 255)(-0.150215, 0.150215)(-0.00429185, -0.0343348)(0.0300429, -0.386266)(-0.0429185, 0.334764)(0.133047, -0.300429)(-0.158798, 0.137339)(-0.0171674, 0.502146)(-0.0386266, 0.339056)(0, 0.0300429)(-0.00429185, -0.0343348)(0.133047, -0.300429)(0.197425, -0.343348)(0.227468, -0.420601)(0.167382, -0.493562)(0.0300429, -0.386266)(-0.0429185, -0.364807)
descriptor[i][.]=(288, 250)(-0.0208333, -0.360656)(0.40625, -0.5)(-0.28125, 0.495902)(0.0208333, 0.5)
				 (288, 250)(-0.00819672, -0.360656)(0.159836, -0.5)(-0.110656, 0.495902)(0.00819672, 0.5)
				 (288, 250)(0.151639, -0.5)(0.0409836, -0.409836)(-0.0696721, -0.29918)(-0.139344, -0.155738)(-0.180328, -0.00819672)(-0.135246, 0.139344)(-0.135246, 0.295082)(-0.143443, 0.446721)(-0.0122951, 0.5)(-0.0163934, 0.389344)(0, 0.233607)(0, 0.0819672)(0.045082, -0.0696721)(0.110656, -0.217213)(0.188525, -0.360656)
				 (288, 250)(-0.122951, 0.168033)(0.0122951, 0.0122951)(0.0245902, -0.368852)(0.127049, -0.29918)(-0.122951, 0.168033)(-0.151639, 0.401639)(-0.143443, 0.454918)(-0.118852, 0.491803)(0.00819672, 0.5)(0.0122951, 0.0122951)(0.122951, -0.258197)(0.17623, -0.340164)(0.172131, -0.491803)(0.131148, -0.495902)(0.0245902, -0.368852)(-0.00819672, -0.360656)
descriptor[i][.]=(287, 249)(-0.0795455, -0.353659)(0.443182, -0.49187)(-0.295455, 0.5)(0.0568182, 0.5)
				 (287, 249)(-0.0284553, -0.353659)(0.158537, -0.49187)(-0.105691, 0.5)(0.0203252, 0.5)
				 (287, 249)(0.121951, -0.5)(0.0162602, -0.382114)(-0.0894309, -0.272358)(-0.146341, -0.121951)(-0.158537, 0.0284553)(-0.113821, 0.174797)(-0.142276, 0.329268)(-0.138211, 0.479675)(0.0162602, 0.5)(-0.0121951, 0.373984)(0.00813008, 0.219512)(0.0162602, 0.0650407)(0.0650407, -0.0853659)(0.109756, -0.235772)(0.170732, -0.373984)
				 (287, 249)(0.00406504, 0.0894309)(0.00813008, -0.369919)(-0.0162602, 0.414634)(-0.113821, 0.495935)(0.0203252, 0.5)(0.0365854, 0.45122)(-0.0162602, 0.414634)(0.00406504, 0.0894309)(0.166667, -0.487805)(0.130081, -0.5)(0.0569106, -0.463415)(0.00813008, -0.373984)
descriptor[i][.]=(285, 251)(-0.0125, -0.396694)(0.4375, -0.495868)(-0.2875, 0.5)(0.1125, 0.5)
				 (285, 251)(-0.00413223, -0.396694)(0.144628, -0.495868)(-0.0950413, 0.5)(0.0371901, 0.5)
				 (285, 251)(0.107438, -0.5)(0.00826446, -0.400826)(-0.0867769, -0.27686)(-0.144628, -0.119835)(-0.132231, 0.0330579)(-0.107438, 0.190083)(-0.136364, 0.35124)(-0.103306, 0.495868)(0.0413223, 0.483471)(0, 0.380165)(0.0165289, 0.22314)(0.0289256, 0.0619835)(0.0661157, -0.0867769)(0.107438, -0.243802)(0.14876, -0.384298)
				 (285, 251)(-0.103306, 0.157025)(-0.00826446, 0.285124)(0.00826446, -0.400826)(-0.00826446, 0.421488)(-0.107438, 0.152893)(-0.103306, 0.495868)(0.0371901, 0.5)(0.0619835, 0.458678)(-0.00826446, 0.285124)(0.165289, -0.475207)(0.115702, -0.5)(0.0413223, -0.487603)(0.00826446, -0.400826)
descriptor[i][.]=(282, 246)(-0.232877, -0.318725)(0.191781, -0.498008)(-0.260274, 0.501992)(0.109589, 0.501992)
				 (282, 246)(-0.0677291, -0.318725)(0.0557769, -0.498008)(-0.0756972, 0.501992)(0.0318725, 0.501992)
				 (282, 246)(0.0398406, -0.498008)(0.00398406, -0.378486)(-0.0796813, -0.247012)(-0.119522, -0.0996016)(-0.111554, 0.0517928)(-0.0836653, 0.199203)(-0.115538, 0.354582)(-0.0836653, 0.498008)(0.0478088, 0.482072)(0.00796813, 0.334661)(0.0438247, 0.183267)(0.0717131, 0.0278884)(0.0956175, -0.123506)(0.111554, -0.278884)(0.139442, -0.426295)
				 (282, 246)(-0.0836653, 0.159363)(0.0358566, -0.434263)(-0.0916335, 0.0876494)(-0.103586, 0.0717131)(-0.103586, 0.115538)(-0.0956175, 0.14741)(-0.10757, 0.482072)(0.0318725, 0.501992)(0.14741, -0.47012)(0.0557769, -0.498008)(0.0358566, -0.434263)
descriptor[i][.]=(281, 246)(-0.0144928, -0.373016)(0.391304, -0.5)(-0.275362, 0.5)(0.0724638, 0.5)
				 (281, 246)(-0.00396825, -0.373016)(0.107143, -0.5)(-0.0753968, 0.5)(0.0198413, 0.5)
				 (281, 246)(0.107143, -0.5)(0.00396825, -0.404762)(-0.0714286, -0.277778)(-0.0992063, -0.130952)(-0.119048, 0.0119048)(-0.0793651, 0.15873)(-0.0992063, 0.305556)(-0.115079, 0.452381)(0.0198413, 0.5)(0.0119048, 0.373016)(0.047619, 0.22619)(0.0555556, 0.0793651)(0.0833333, -0.0634921)(0.107143, -0.210317)(0.123016, -0.357143)
				 (281, 246)(-0.0753968, 0.166667)(-0.00396825, -0.369048)(-0.0793651, 0.162698)(-0.115079, 0.452381)(-0.0833333, 0.496032)(0.126984, -0.484127)(-0.00396825, -0.369048)(-0.0595238, -0.321429)
descriptor[i][.]=(281, 244)(-0.292308, -0.286275)(0.323077, -0.498039)(-0.246154, 0.501961)(0.138462, 0.501961)
				 (281, 244)(-0.0745098, -0.286275)(0.0823529, -0.498039)(-0.0627451, 0.501961)(0.0352941, 0.501961)
				 (281, 244)(0.0745098, -0.498039)(-0.0196078, -0.380392)(-0.0823529, -0.235294)(-0.0980392, -0.0862745)(-0.101961, 0.054902)(-0.0705882, 0.2)(-0.101961, 0.34902)(-0.0784314, 0.486275)(0.0705882, 0.494118)(0.0196078, 0.360784)(0.054902, 0.211765)(0.0666667, 0.0627451)(0.0941176, -0.0784314)(0.101961, -0.227451)(0.117647, -0.372549)
				 (281, 244)(-0.0705882, 0.172549)(-0.0745098, 0.101961)(-0.0784314, 0.0980392)(-0.0784314, 0.121569)(-0.0745098, 0.168627)(-0.117647, 0.380392)(-0.113725, 0.458824)(-0.0705882, 0.498039)(0.0627451, 0.498039)(0.129412, -0.423529)(0.117647, -0.482353)(0.0823529, -0.498039)(0.0196078, -0.458824)(-0.0745098, -0.286275)
descriptor[i][.]=(281, 245)(-0.327869, -0.29249)(0.459016, -0.494071)(-0.311475, 0.501976)(0.213115, 0.501976)
				 (281, 245)(-0.0790514, -0.29249)(0.110672, -0.494071)(-0.0750988, 0.501976)(0.0513834, 0.501976)
				 (281, 245)(0.0237154, -0.498024)(-0.027668, -0.359684)(-0.083004, -0.221344)(-0.110672, -0.0711462)(-0.0790514, 0.0711462)(-0.0711462, 0.225296)(-0.106719, 0.379447)(-0.055336, 0.501976)(0.0434783, 0.466403)(0.0118577, 0.324111)(0.055336, 0.173913)(0.0948617, 0.0316206)(0.0988142, -0.12253)(0.0988142, -0.27668)(0.12253, -0.43083)
				 (281, 245)(-0.0671937, 0.193676)(0.0118577, 0.312253)(-0.0750988, 0.0790514)(0.0118577, 0.426877)(0.0513834, 0.106719)(-0.0711462, 0.189723)(-0.083004, 0.498024)(0.0513834, 0.501976)(0.0158103, 0.371542)(0.0118577, 0.312253)(0.0474308, 0.245059)(0.0513834, 0.106719)(0.12253, -0.422925)(0.118577, -0.490119)(0.0237154, -0.498024)
descriptor[i][.]=(279, 245)(-0.0526316, -0.434783)(0.421053, -0.498024)(-0.333333, 0.501976)(0.245614, 0.501976)
				 (279, 245)(-0.0118577, -0.434783)(0.0948617, -0.498024)(-0.0750988, 0.501976)(0.055336, 0.501976)
				 (279, 245)(0.0671937, -0.498024)(-0.0158103, -0.383399)(-0.0790514, -0.241107)(-0.0909091, -0.0909091)(-0.0869565, 0.0592885)(-0.0632411, 0.205534)(-0.0988142, 0.355731)(-0.0790514, 0.498024)(0.0632411, 0.490119)(0.0237154, 0.347826)(0.0592885, 0.201581)(0.083004, 0.0513834)(0.106719, -0.083004)(0.102767, -0.233202)(0.110672, -0.379447)
				 (279, 245)(-0.0592885, 0.177866)(0.0197628, 0.324111)(-0.0158103, -0.375494)(0.0197628, 0.426877)(0.0632411, 0.0948617)(-0.110672, 0.371542)(-0.0948617, 0.482213)(0.055336, 0.501976)(0.0513834, 0.458498)(0.0197628, 0.324111)(0.0474308, 0.27668)(0.0671937, 0.162055)(0.0632411, 0.0948617)(0.110672, 0.0395257)(0.106719, -0.482213)(0.0355731, -0.486166)(-0.0158103, -0.375494)
descriptor[i][.]=(280, 243)(-0.142857, -0.410853)(0.232143, -0.5)(-0.285714, 0.5)(0.178571, 0.5)
				 (280, 243)(-0.0310078, -0.410853)(0.0503876, -0.5)(-0.0620155, 0.5)(0.0387597, 0.5)
				 (280, 243)(0.0232558, -0.5)(-0.0193798, -0.375969)(-0.0813953, -0.236434)(-0.0891473, -0.0891473)(-0.0930233, 0.0620155)(-0.0620155, 0.209302)(-0.100775, 0.352713)(-0.0697674, 0.496124)(0.0426357, 0.468992)(0.0193798, 0.321705)(0.0620155, 0.174419)(0.108527, 0.0387597)(0.100775, -0.108527)(0.0930233, -0.25969)(0.104651, -0.406977)
				 (280, 243)(-0.0620155, 0.209302)(0.0155039, 0.325581)(-0.0193798, -0.368217)(-0.0658915, 0.0891473)(0.0155039, 0.422481)(0.0581395, 0.104651)(-0.0968992, 0.0542636)(-0.0697674, 0.124031)(-0.0658915, 0.205426)(-0.108527, 0.434109)(-0.0697674, 0.496124)(0.0387597, 0.5)(0.0310078, 0.44186)(0.0155039, 0.325581)(0.0581395, 0.104651)(0.0232558, -0.5)(-0.0310078, -0.410853)(-0.0193798, -0.368217)
descriptor[i][.]=(280, 245)(-0.0357143, -0.486166)(0.303571, -0.498024)(-0.339286, 0.501976)(0.142857, 0.501976)
				 (280, 245)(-0.00790514, -0.486166)(0.0671937, -0.498024)(-0.0750988, 0.501976)(0.0316206, 0.501976)
				 (280, 245)(0.0592885, -0.498024)(-0.0395257, -0.418972)(-0.0869565, -0.280632)(-0.0909091, -0.130435)(-0.102767, 0.0197628)(-0.0671937, 0.16996)(-0.0948617, 0.316206)(-0.102767, 0.466403)(0.027668, 0.501976)(0.0197628, 0.375494)(0.055336, 0.229249)(0.0750988, 0.0790514)(0.102767, -0.0632411)(0.0988142, -0.213439)(0.083004, -0.363636)
				 (280, 245)(-0.0632411, 0.205534)(0.0158103, 0.316206)(-0.0316206, -0.359684)(-0.0711462, 0.0750988)(0.0158103, 0.422925)(0.0592885, 0.106719)(-0.0750988, 0.0711462)(-0.083004, 0.498024)(0.055336, 0.490119)(0.0158103, 0.422925)(0.0237154, 0.367589)(0.0158103, 0.316206)(0.0434783, 0.27668)(0.0592885, 0.106719)(0.0750988, -0.494071)(-0.00790514, -0.486166)(-0.0474308, -0.442688)
descriptor[i][.]=(277, 243)(-0.0983607, -0.422481)(0.180328, -0.5)(-0.196721, 0.5)(0.278689, 0.5)
				 (277, 243)(-0.0232558, -0.422481)(0.0426357, -0.5)(-0.0465116, 0.5)(0.0658915, 0.5)
				 (277, 243)(0.0155039, -0.5)(-0.0271318, -0.364341)(-0.0658915, -0.236434)(-0.0775194, -0.0852713)(-0.0697674, 0.0658915)(-0.0542636, 0.217054)(-0.0891473, 0.368217)(-0.0697674, 0.484496)(0.0736434, 0.488372)(0.0271318, 0.348837)(0.0697674, 0.197674)(0.112403, 0.0542636)(0.112403, -0.0968992)(0.104651, -0.248062)(0.104651, -0.399225)
				 (277, 243)(-0.0503876, 0.193798)(0.0271318, 0.341085)(-0.0232558, -0.344961)(0.0271318, 0.426357)(0.0697674, 0.116279)(-0.0503876, 0.193798)(-0.116279, 0.406977)(-0.0891473, 0.48062)(0.0658915, 0.5)(0.0310078, 0.406977)(0.0271318, 0.341085)(0.0697674, 0.116279)(0.0968992, -0.468992)(0.0155039, -0.5)(-0.0271318, -0.372093)(-0.0736434, -0.275194)
