taichiDescr7.dat
size1 46
size3 47
beh_type.id 18
sizes[]=48 48 54 52 52 57 58 60 60 61 63 62 62 58 57 55 61 63 61 53 54 56 62 58 56 57 59 56 60 59 61 60 64 56 56 60 57 60 60 51 45 48 46 41 44 42 
thresholds[]=0.16 0.16 0.16 0.16 0.16 0.16 0.16 0.16 0.16 0.16 0.16 0.16 0.16 0.16 0.16 0.16 0.16 0.16 0.16 0.16 0.16 0.16 0.16 0.16 0.16 0.16 0.16 0.16 0.16 0.16 0.16 0.16 0.16 0.16 0.16 0.16 0.16 0.16 0.16 0.16 0.16 0.16 0.16 0.16 0.16 0.16 
map[0][.]=0 1 0 0 0 0 0 0 0 0 0 0 0 0 0 0 0 0 0 0 0 0 0 0 0 0 0 0 0 0 0 0 0 0 0 0 0 0 0 0 0 0 0 0 0 0 0 
map[1][.]=0 0 1 0 0 0 0 0 0 0 0 0 0 0 0 0 0 0 0 0 0 0 0 0 0 0 0 0 0 0 0 0 0 0 0 0 0 0 0 0 0 0 0 0 0 0 0 
map[2][.]=0 0 0 1 0 0 0 0 0 0 0 0 0 0 0 0 0 0 0 0 0 0 0 0 0 0 0 0 0 0 0 0 0 0 0 0 0 0 0 0 0 0 0 0 0 0 0 
map[3][.]=0 0 0 0 1 0 0 0 0 0 0 0 0 0 0 0 0 0 0 0 0 0 0 0 0 0 0 0 0 0 0 0 0 0 0 0 0 0 0 0 0 0 0 0 0 0 0 
map[4][.]=0 0 0 0 0 1 0 0 0 0 0 0 0 0 0 0 0 0 0 0 0 0 0 0 0 0 0 0 0 0 0 0 0 0 0 0 0 0 0 0 0 0 0 0 0 0 0 
map[5][.]=0 0 0 0 0 0 1 0 0 0 0 0 0 0 0 0 0 0 0 0 0 0 0 0 0 0 0 0 0 0 0 0 0 0 0 0 0 0 0 0 0 0 0 0 0 0 0 
map[6][.]=0 0 0 0 0 0 0 1 0 0 0 0 0 0 0 0 0 0 0 0 0 0 0 0 0 0 0 0 0 0 0 0 0 0 0 0 0 0 0 0 0 0 0 0 0 0 0 
map[7][.]=0 0 0 0 0 0 0 0 1 0 0 0 0 0 0 0 0 0 0 0 0 0 0 0 0 0 0 0 0 0 0 0 0 0 0 0 0 0 0 0 0 0 0 0 0 0 0 
map[8][.]=0 0 0 0 0 0 0 0 0 1 0 0 0 0 0 0 0 0 0 0 0 0 0 0 0 0 0 0 0 0 0 0 0 0 0 0 0 0 0 0 0 0 0 0 0 0 0 
map[9][.]=0 0 0 0 0 0 0 0 0 0 1 0 0 0 0 0 0 0 0 0 0 0 0 0 0 0 0 0 0 0 0 0 0 0 0 0 0 0 0 0 0 0 0 0 0 0 0 
map[10][.]=0 0 0 0 0 0 0 0 0 0 0 1 0 0 0 0 0 0 0 0 0 0 0 0 0 0 0 0 0 0 0 0 0 0 0 0 0 0 0 0 0 0 0 0 0 0 0 
map[11][.]=0 0 0 0 0 0 0 0 0 0 0 0 1 0 0 0 0 0 0 0 0 0 0 0 0 0 0 0 0 0 0 0 0 0 0 0 0 0 0 0 0 0 0 0 0 0 0 
map[12][.]=0 0 0 0 0 0 0 0 0 0 0 0 0 1 0 0 0 0 0 0 0 0 0 0 0 0 0 0 0 0 0 0 0 0 0 0 0 0 0 0 0 0 0 0 0 0 0 
map[13][.]=0 0 0 0 0 0 0 0 0 0 0 0 0 0 1 0 0 0 0 0 0 0 0 0 0 0 0 0 0 0 0 0 0 0 0 0 0 0 0 0 0 0 0 0 0 0 0 
map[14][.]=0 0 0 0 0 0 0 0 0 0 0 0 0 0 0 1 0 0 0 0 0 0 0 0 0 0 0 0 0 0 0 0 0 0 0 0 0 0 0 0 0 0 0 0 0 0 0 
map[15][.]=0 0 0 0 0 0 0 0 0 0 0 0 0 0 0 0 1 0 0 0 0 0 0 0 0 0 0 0 0 0 0 0 0 0 0 0 0 0 0 0 0 0 0 0 0 0 0 
map[16][.]=0 0 0 0 0 0 0 0 0 0 0 0 0 0 0 0 0 1 0 0 0 0 0 0 0 0 0 0 0 0 0 0 0 0 0 0 0 0 0 0 0 0 0 0 0 0 0 
map[17][.]=0 0 0 0 0 0 0 0 0 0 0 0 0 0 0 0 0 0 1 0 0 0 0 0 0 0 0 0 0 0 0 0 0 0 0 0 0 0 0 0 0 0 0 0 0 0 0 
map[18][.]=0 0 0 0 0 0 0 0 0 0 0 0 0 0 0 0 0 0 0 1 0 0 0 0 0 0 0 0 0 0 0 0 0 0 0 0 0 0 0 0 0 0 0 0 0 0 0 
map[19][.]=0 0 0 0 0 0 0 0 0 0 0 0 0 0 0 0 0 0 0 0 1 0 0 0 0 0 0 0 0 0 0 0 0 0 0 0 0 0 0 0 0 0 0 0 0 0 0 
map[20][.]=0 0 0 0 0 0 0 0 0 0 0 0 0 0 0 0 0 0 0 0 0 1 0 0 0 0 0 0 0 0 0 0 0 0 0 0 0 0 0 0 0 0 0 0 0 0 0 
map[21][.]=0 0 0 0 0 0 0 0 0 0 0 0 0 0 0 0 0 0 0 0 0 0 1 0 0 0 0 0 0 0 0 0 0 0 0 0 0 0 0 0 0 0 0 0 0 0 0 
map[22][.]=0 0 0 0 0 0 0 0 0 0 0 0 0 0 0 0 0 0 0 0 0 0 0 1 0 0 0 0 0 0 0 0 0 0 0 0 0 0 0 0 0 0 0 0 0 0 0 
map[23][.]=0 0 0 0 0 0 0 0 0 0 0 0 0 0 0 0 0 0 0 0 0 0 0 0 1 0 0 0 0 0 0 0 0 0 0 0 0 0 0 0 0 0 0 0 0 0 0 
map[24][.]=0 0 0 0 0 0 0 0 0 0 0 0 0 0 0 0 0 0 0 0 0 0 0 0 0 1 0 0 0 0 0 0 0 0 0 0 0 0 0 0 0 0 0 0 0 0 0 
map[25][.]=0 0 0 0 0 0 0 0 0 0 0 0 0 0 0 0 0 0 0 0 0 0 0 0 0 0 1 0 0 0 0 0 0 0 0 0 0 0 0 0 0 0 0 0 0 0 0 
map[26][.]=0 0 0 0 0 0 0 0 0 0 0 0 0 0 0 0 0 0 0 0 0 0 0 0 0 0 0 1 0 0 0 0 0 0 0 0 0 0 0 0 0 0 0 0 0 0 0 
map[27][.]=0 0 0 0 0 0 0 0 0 0 0 0 0 0 0 0 0 0 0 0 0 0 0 0 0 0 0 0 1 0 0 0 0 0 0 0 0 0 0 0 0 0 0 0 0 0 0 
map[28][.]=0 0 0 0 0 0 0 0 0 0 0 0 0 0 0 0 0 0 0 0 0 0 0 0 0 0 0 0 0 1 0 0 0 0 0 0 0 0 0 0 0 0 0 0 0 0 0 
map[29][.]=0 0 0 0 0 0 0 0 0 0 0 0 0 0 0 0 0 0 0 0 0 0 0 0 0 0 0 0 0 0 1 0 0 0 0 0 0 0 0 0 0 0 0 0 0 0 0 
map[30][.]=0 0 0 0 0 0 0 0 0 0 0 0 0 0 0 0 0 0 0 0 0 0 0 0 0 0 0 0 0 0 0 1 0 0 0 0 0 0 0 0 0 0 0 0 0 0 0 
map[31][.]=0 0 0 0 0 0 0 0 0 0 0 0 0 0 0 0 0 0 0 0 0 0 0 0 0 0 0 0 0 0 0 0 1 0 0 0 0 0 0 0 0 0 0 0 0 0 0 
map[32][.]=0 0 0 0 0 0 0 0 0 0 0 0 0 0 0 0 0 0 0 0 0 0 0 0 0 0 0 0 0 0 0 0 0 1 0 0 0 0 0 0 0 0 0 0 0 0 0 
map[33][.]=0 0 0 0 0 0 0 0 0 0 0 0 0 0 0 0 0 0 0 0 0 0 0 0 0 0 0 0 0 0 0 0 0 0 1 0 0 0 0 0 0 0 0 0 0 0 0 
map[34][.]=0 0 0 0 0 0 0 0 0 0 0 0 0 0 0 0 0 0 0 0 0 0 0 0 0 0 0 0 0 0 0 0 0 0 0 1 0 0 0 0 0 0 0 0 0 0 0 
map[35][.]=0 0 0 0 0 0 0 0 0 0 0 0 0 0 0 0 0 0 0 0 0 0 0 0 0 0 0 0 0 0 0 0 0 0 0 0 1 0 0 0 0 0 0 0 0 0 0 
map[36][.]=0 0 0 0 0 0 0 0 0 0 0 0 0 0 0 0 0 0 0 0 0 0 0 0 0 0 0 0 0 0 0 0 0 0 0 0 0 1 0 0 0 0 0 0 0 0 0 
map[37][.]=0 0 0 0 0 0 0 0 0 0 0 0 0 0 0 0 0 0 0 0 0 0 0 0 0 0 0 0 0 0 0 0 0 0 0 0 0 0 1 0 0 0 0 0 0 0 0 
map[38][.]=0 0 0 0 0 0 0 0 0 0 0 0 0 0 0 0 0 0 0 0 0 0 0 0 0 0 0 0 0 0 0 0 0 0 0 0 0 0 0 1 0 0 0 0 0 0 0 
map[39][.]=0 0 0 0 0 0 0 0 0 0 0 0 0 0 0 0 0 0 0 0 0 0 0 0 0 0 0 0 0 0 0 0 0 0 0 0 0 0 0 0 1 0 0 0 0 0 0 
map[40][.]=0 0 0 0 0 0 0 0 0 0 0 0 0 0 0 0 0 0 0 0 0 0 0 0 0 0 0 0 0 0 0 0 0 0 0 0 0 0 0 0 0 1 0 0 0 0 0 
map[41][.]=0 0 0 0 0 0 0 0 0 0 0 0 0 0 0 0 0 0 0 0 0 0 0 0 0 0 0 0 0 0 0 0 0 0 0 0 0 0 0 0 0 0 1 0 0 0 0 
map[42][.]=0 0 0 0 0 0 0 0 0 0 0 0 0 0 0 0 0 0 0 0 0 0 0 0 0 0 0 0 0 0 0 0 0 0 0 0 0 0 0 0 0 0 0 1 0 0 0 
map[43][.]=0 0 0 0 0 0 0 0 0 0 0 0 0 0 0 0 0 0 0 0 0 0 0 0 0 0 0 0 0 0 0 0 0 0 0 0 0 0 0 0 0 0 0 0 1 0 0 
map[44][.]=0 0 0 0 0 0 0 0 0 0 0 0 0 0 0 0 0 0 0 0 0 0 0 0 0 0 0 0 0 0 0 0 0 0 0 0 0 0 0 0 0 0 0 0 0 1 0 
map[45][.]=0 0 0 0 0 0 0 0 0 0 0 0 0 0 0 0 0 0 0 0 0 0 0 0 0 0 0 0 0 0 0 0 0 0 0 0 0 0 0 0 0 0 0 0 0 0 1 
map[46][.]=0 0 0 0 0 0 0 0 0 0 0 0 0 0 0 0 0 0 0 0 0 0 0 0 0 0 0 0 0 0 0 0 0 0 0 0 0 0 0 0 0 0 0 0 0 0 0 
isLast[.]=false false false false false false false false false false false false false false false false false false false false false false false false false false false false false false false false false false false false false false false false false false false false false false true 
descriptor[i][.]=(332, 249)(-0.01, -0.489796)(0.1, -0.497959)(-0.28, 0.436735)(0.3, 0.502041)
				 (332, 249)(-0.00408163, -0.489796)(0.0408163, -0.497959)(-0.114286, 0.436735)(0.122449, 0.502041)
				 (332, 249)(0.0122449, -0.497959)(-0.044898, -0.346939)(-0.110204, -0.240816)(-0.0816327, -0.0857143)(-0.167347, 0.0734694)(-0.167347, 0.236735)(-0.102041, 0.391837)(-0.00408163, 0.412245)(0.114286, 0.502041)(0.110204, 0.342857)(0.0938776, 0.171429)(0.118367, 0)(0.171429, -0.126531)(0.2, -0.285714)(0.110204, -0.387755)
				 (332, 249)(-0.0653061, -0.146939)(-0.0857143, 0.359184)(0.0122449, 0.404082)(0.102041, -0.0938776)(0.110204, -0.363265)(-0.0326531, -0.363265)(-0.0734694, -0.220408)(-0.0653061, -0.146939)(-0.126531, 0.404082)(-0.0489796, 0.432653)(0.00816327, 0.408163)(0.0489796, 0.489796)(0.122449, 0.502041)(0.106122, -0.0816327)(0.183673, -0.130612)(0.2, -0.334694)(0.17551, -0.367347)(0.106122, -0.457143)(0.0489796, -0.493878)(0.0122449, -0.497959)(-0.0326531, -0.363265)
descriptor[i][.]=(326, 249)(-0.00917431, -0.481633)(0.100917, -0.497959)(-0.302752, 0.444898)(0.311927, 0.502041)
				 (326, 249)(-0.00408163, -0.481633)(0.044898, -0.497959)(-0.134694, 0.444898)(0.138776, 0.502041)
				 (326, 249)(0.0204082, -0.497959)(-0.106122, -0.35102)(-0.0571429, -0.208163)(-0.0816327, -0.0285714)(-0.208163, 0.126531)(-0.142857, 0.293878)(-0.126531, 0.444898)(0.0122449, 0.363265)(0.0938776, 0.502041)(0.134694, 0.371429)(0.106122, 0.187755)(0.122449, 0.00816327)(0.17551, -0.126531)(0.220408, -0.281633)(0.118367, -0.37551)
				 (326, 249)(-0.0489796, -0.142857)(-0.130612, 0.330612)(0.0204082, 0.359184)(0.118367, -0.110204)(0.122449, -0.355102)(-0.0571429, -0.236735)(-0.0857143, -0.0163265)(-0.0489796, -0.142857)(-0.0857143, -0.0163265)(-0.134694, 0.326531)(-0.159184, 0.408163)(-0.0979592, 0.444898)(-0.0122449, 0.420408)(0.0571429, 0.485714)(0.138776, 0.502041)(0.15102, 0.453061)(0.195918, -0.126531)(0.22449, -0.253061)(0.2, -0.363265)(0.130612, -0.4)(0.0204082, -0.497959)
descriptor[i][.]=(325, 250)(-0.00917431, -0.491803)(0.119266, -0.5)(-0.412844, 0.442623)(0.330275, 0.5)
				 (325, 250)(-0.00409836, -0.491803)(0.0532787, -0.5)(-0.184426, 0.442623)(0.147541, 0.5)
				 (325, 250)(0.0122951, -0.5)(-0.135246, -0.319672)(-0.0655738, -0.118852)(-0.188525, 0.0819672)(-0.17623, 0.290984)(-0.151639, 0.438525)(-0.0532787, 0.32377)(-0.0655738, 0.114754)(0.00409836, 0.266393)(0.0737705, 0.487705)(0.163934, 0.364754)(0.106557, 0.147541)(0.122951, -0.0778689)(0.221311, -0.233607)(0.127049, -0.352459)
				 (325, 250)(-0.057377, -0.135246)(-0.155738, 0.364754)(-0.0204918, 0.0983607)(0.114754, -0.106557)(0.122951, -0.352459)(-0.0491803, -0.213115)(-0.0901639, -0.0204918)(-0.118852, 0.17623)(0.102459, 0.221311)(-0.057377, -0.135246)(-0.0901639, -0.0204918)(-0.20082, 0.0901639)(-0.221311, 0.192623)(-0.163934, 0.352459)(-0.209016, 0.401639)(-0.0737705, 0.438525)(-0.0204918, 0.409836)(0.0737705, 0.491803)(0.147541, 0.5)(0.106557, 0.22541)(0.131148, -0.00819672)(0.192623, -0.131148)(0.221311, -0.17623)(0.20082, -0.372951)(0.122951, -0.438525)(0.0778689, -0.491803)(0.0122951, -0.5)
descriptor[i][.]=(315, 247)(-0.00806452, -0.488)(0.0806452, -0.5)(-0.467742, 0.448)(0.330645, 0.496)
				 (315, 247)(-0.004, -0.488)(0.04, -0.5)(-0.232, 0.448)(0.164, 0.496)
				 (315, 247)(0.028, -0.5)(-0.124, -0.32)(-0.032, -0.12)(-0.152, 0.076)(-0.184, 0.3)(-0.192, 0.452)(-0.076, 0.336)(-0.032, 0.128)(0.04, 0.284)(0.12, 0.5)(0.164, 0.332)(0.144, 0.112)(0.156, -0.116)(0.248, -0.268)(0.132, -0.336)
				 (315, 247)(-0.184, 0.364)(0.004, 0.104)(0.14, -0.088)(0.14, -0.312)(-0.036, -0.096)(-0.104, 0.2)(-0.028, -0.212)(-0.056, -0.012)(-0.248, 0.408)(-0.136, 0.464)(-0.064, 0.38)(0, 0.108)(0.104, 0.492)(0.224, -0.116)(0.24, -0.352)(0.208, -0.356)(0.144, -0.412)(0.1, -0.476)(0.04, -0.5)(0.004, -0.492)(-0.12, -0.344)(-0.116, -0.296)(-0.096, -0.268)(-0.036, -0.096)(-0.204, 0.152)
descriptor[i][.]=(304, 245)(-0.0140845, -0.496063)(0.056338, -0.5)(-0.443662, 0.448819)(0.408451, 0.496063)
				 (304, 245)(-0.00787402, -0.496063)(0.0314961, -0.5)(-0.248031, 0.448819)(0.228346, 0.496063)
				 (304, 245)(0, -0.5)(-0.110236, -0.299213)(-0.00393701, -0.110236)(-0.106299, 0.0866142)(-0.177165, 0.299213)(-0.244094, 0.448819)(-0.0905512, 0.366142)(-0.023622, 0.15748)(0.0669291, 0.267717)(0.153543, 0.492126)(0.204724, 0.354331)(0.165354, 0.133858)(0.169291, -0.0944882)(0.275591, -0.23622)(0.177165, -0.374016)
				 (304, 245)(-0.00393701, -0.0866142)(0.0314961, 0.114173)(0.161417, -0.0629921)(0.188976, -0.326772)(-0.011811, -0.216535)(-0.0275591, 0)(-0.212598, 0.389764)(-0.0748031, 0.212598)(-0.011811, -0.216535)(-0.00393701, -0.0866142)(-0.0275591, 0)(-0.15748, 0.15748)(-0.212598, 0.385827)(-0.271654, 0.393701)(-0.248031, 0.448819)(-0.129921, 0.468504)(-0.0748031, 0.212598)(0.153543, 0.496063)(0.228346, 0.496063)(0.23622, -0.0984252)(0.267717, -0.122047)(0.279528, -0.318898)(0.165354, -0.417323)(0, -0.5)(-0.0314961, -0.476378)
descriptor[i][.]=(300, 244)(-0.0275862, -0.5)(0.0344828, -0.5)(-0.496552, 0.433594)(0.406897, 0.496094)
				 (300, 244)(-0.015625, -0.5)(0.0195313, -0.5)(-0.28125, 0.433594)(0.230469, 0.496094)
				 (300, 244)(-0.015625, -0.5)(-0.101563, -0.269531)(-0.0117188, -0.0625)(-0.144531, 0.171875)(-0.238281, 0.398438)(-0.121094, 0.429688)(-0.0234375, 0.183594)(0.078125, 0.292969)(0.199219, 0.496094)(0.183594, 0.277344)(0.171875, 0.0195313)(0.277344, -0.15625)(0.210938, -0.277344)(0.09375, -0.453125)(-0.046875, -0.324219)
				 (300, 244)(-0.0195313, -0.00390625)(0.0390625, 0.125)(0.164063, -0.0703125)(0.167969, -0.285156)(-0.0390625, -0.3125)(0, -0.203125)(-0.210938, 0.394531)(-0.0546875, 0.214844)(0.164063, 0.230469)(0.0429688, -0.3125)(-0.0078125, -0.445313)(-0.0195313, -0.00390625)(-0.210938, 0.390625)(-0.269531, 0.394531)(-0.128906, 0.453125)(-0.0546875, 0.214844)(0.15625, 0.492188)(0.230469, 0.496094)(0.175781, 0.246094)(0.246094, -0.0898438)(0.257813, -0.328125)(0.183594, -0.335938)(0.105469, -0.453125)(0.0703125, -0.445313)(0.046875, -0.425781)(-0.0078125, -0.445313)(0.046875, -0.476563)(-0.015625, -0.5)(-0.0585938, -0.46875)(-0.101563, -0.367188)
descriptor[i][.]=(298, 243)(-0.0753425, -0.498054)(0, -0.494163)(-0.335616, 0.501946)(0.424658, 0.494163)
				 (298, 243)(-0.0428016, -0.498054)(0, -0.494163)(-0.190661, 0.501946)(0.241245, 0.494163)
				 (298, 243)(-0.0428016, -0.498054)(-0.105058, -0.2607)(-0.0155642, -0.0466926)(-0.143969, 0.18677)(-0.252918, 0.400778)(-0.128405, 0.435798)(-0.0233463, 0.198444)(0.0856031, 0.307393)(0.217899, 0.494163)(0.178988, 0.272374)(0.171206, 0.0155642)(0.276265, -0.140078)(0.206226, -0.299611)(0.105058, -0.431907)(-0.0389105, -0.303502)
				 (298, 243)(-0.0116732, -0.0544747)(0.0350195, 0.140078)(0.159533, -0.0661479)(0.159533, -0.287938)(-0.0428016, -0.303502)(-0.0077821, -0.194553)(-0.0544747, 0.229572)(0.159533, 0.225681)(0.0350195, -0.307393)(-0.0428016, -0.428016)(-0.124514, -0.284047)(-0.0894942, -0.245136)(-0.0116732, -0.0544747)(-0.284047, 0.416342)(-0.190661, 0.501946)(-0.0933852, 0.373541)(-0.0544747, 0.229572)(0.159533, 0.498054)(0.241245, 0.494163)(0.256809, 0.463035)(0.163424, 0.229572)(0.249027, -0.0856031)(0.284047, -0.29572)(0.22179, -0.322957)(0.159533, -0.412451)(0.136187, -0.428016)(0.0661479, -0.439689)(0.0428016, -0.420233)(-0.0389105, -0.416342)(0.0077821, -0.470817)(-0.0428016, -0.498054)
descriptor[i][.]=(294, 244)(-0.15, -0.5)(0.192857, -0.444882)(-0.457143, 0.480315)(0.485714, 0.496063)
				 (294, 244)(-0.0826772, -0.5)(0.106299, -0.444882)(-0.251969, 0.480315)(0.267717, 0.496063)
				 (294, 244)(-0.0826772, -0.5)(-0.145669, -0.267717)(-0.0275591, -0.0669291)(-0.133858, 0.169291)(-0.204724, 0.42126)(-0.125984, 0.472441)(-0.0433071, 0.232283)(0.0787402, 0.307087)(0.228346, 0.5)(0.181102, 0.279528)(0.15748, 0.015748)(0.267717, -0.149606)(0.200787, -0.271654)(0.0787402, -0.444882)(-0.0590551, -0.299213)
				 (294, 244)(-0.019685, -0.0866142)(0.0275591, 0.15748)(0.145669, -0.0511811)(0.153543, -0.271654)(-0.0393701, -0.291339)(-0.0393701, -0.212598)(-0.188976, 0.401575)(-0.0669291, 0.267717)(0.161417, 0.240157)(0.0314961, -0.299213)(-0.0984252, -0.326772)(-0.11811, -0.240157)(-0.0393701, -0.212598)(-0.019685, -0.0866142)(-0.188976, 0.393701)(-0.26378, 0.425197)(-0.275591, 0.464567)(-0.251969, 0.480315)(-0.177165, 0.496063)(-0.0669291, 0.267717)(0.169291, 0.496063)(0.259843, 0.5)(0.26378, 0.448819)(0.165354, 0.244094)(0.244094, -0.0866142)(0.275591, -0.299213)(0.165354, -0.338583)(0.133858, -0.429134)(0.0393701, -0.429134)(0.023622, -0.389764)(-0.0393701, -0.291339)(-0.0433071, -0.472441)(-0.0826772, -0.5)
descriptor[i][.]=(291, 245)(-0.20979, -0.5)(0.146853, -0.448819)(-0.482517, 0.480315)(0.48951, 0.496063)
				 (291, 245)(-0.11811, -0.5)(0.0826772, -0.448819)(-0.271654, 0.480315)(0.275591, 0.496063)
				 (291, 245)(-0.11811, -0.5)(-0.145669, -0.255906)(-0.0314961, -0.0590551)(-0.145669, 0.192913)(-0.220472, 0.437008)(-0.106299, 0.464567)(-0.0314961, 0.204724)(0.0905512, 0.318898)(0.259843, 0.5)(0.177165, 0.271654)(0.149606, 0.015748)(0.26378, -0.149606)(0.204724, -0.275591)(0.0629921, -0.440945)(-0.0748031, -0.299213)
				 (291, 245)(-0.023622, -0.0787402)(0.0275591, 0.149606)(0.141732, -0.0314961)(0.169291, -0.271654)(-0.0472441, -0.287402)(-0.0393701, -0.208661)(-0.181102, 0.393701)(-0.0669291, 0.271654)(0.161417, 0.240157)(0.15748, -0.0944882)(0.023622, -0.299213)(-0.110236, -0.338583)(-0.145669, -0.251969)(-0.0393701, -0.208661)(-0.023622, -0.0787402)(-0.181102, 0.38189)(-0.279528, 0.452756)(-0.114173, 0.468504)(-0.0669291, 0.271654)(0.19685, 0.492126)(0.267717, 0.5)(0.283465, 0.452756)(0.165354, 0.244094)(0.149606, -0.019685)(0.244094, -0.0866142)(0.267717, -0.30315)(0.153543, -0.370079)(0.129921, -0.42126)(0.0826772, -0.448819)(0.0314961, -0.429134)(-0.0472441, -0.287402)(-0.0708661, -0.476378)(-0.141732, -0.488189)
descriptor[i][.]=(292, 247)(-0.343066, -0.5)(0.0729927, -0.452)(-0.49635, 0.48)(0.50365, 0.496)
				 (292, 247)(-0.188, -0.5)(0.04, -0.452)(-0.272, 0.48)(0.276, 0.496)
				 (292, 247)(-0.188, -0.5)(-0.204, -0.264)(-0.068, -0.08)(-0.184, 0.164)(-0.236, 0.424)(-0.128, 0.424)(-0.052, 0.168)(0.092, 0.34)(0.276, 0.492)(0.156, 0.256)(0.116, 0.004)(0.228, -0.152)(0.164, -0.284)(0.028, -0.452)(-0.104, -0.296)
				 (292, 247)(-0.06, -0.096)(-0.008, 0.14)(0.104, -0.052)(0.124, -0.284)(-0.124, -0.296)(-0.076, -0.204)(-0.08, 0.02)(-0.232, 0.44)(-0.12, 0.26)(0.136, 0.228)(-0.012, -0.3)(-0.18, -0.36)(-0.228, -0.32)(-0.208, -0.264)(-0.176, -0.24)(-0.076, -0.204)(-0.06, -0.096)(-0.08, 0.02)(-0.236, 0.428)(-0.272, 0.468)(-0.168, 0.484)(-0.136, 0.46)(-0.104, 0.356)(-0.12, 0.26)(0.188, 0.48)(0.268, 0.5)(0.136, 0.228)(0.112, -0.04)(0.196, -0.08)(0.232, -0.316)(0.18, -0.324)(0.04, -0.452)(-0.176, -0.356)(-0.16, -0.484)
descriptor[i][.]=(292, 249)(-0.449275, -0.493878)(0.0507246, -0.469388)(-0.471014, 0.477551)(0.5, 0.489796)
				 (292, 249)(-0.253061, -0.493878)(0.0285714, -0.469388)(-0.265306, 0.477551)(0.281633, 0.489796)
				 (292, 249)(-0.240816, -0.497959)(-0.220408, -0.257143)(-0.077551, -0.077551)(-0.212245, 0.163265)(-0.236735, 0.428571)(-0.138776, 0.4)(-0.0653061, 0.155102)(0.0938776, 0.346939)(0.281633, 0.485714)(0.142857, 0.240816)(0.0979592, -0.0244898)(0.22449, -0.191837)(0.130612, -0.277551)(-0.00408163, -0.457143)(-0.142857, -0.297959)
				 (292, 249)(-0.0693878, -0.122449)(-0.0244898, 0.134694)(0.0938776, -0.0326531)(0.110204, -0.285714)(-0.15102, -0.297959)(-0.0897959, -0.212245)(-0.110204, 0.0367347)(-0.236735, 0.440816)(-0.146939, 0.261224)(0.130612, 0.220408)(0.114286, -0.102041)(-0.0326531, -0.306122)(-0.232653, -0.42449)(-0.236735, -0.269388)(-0.0938776, -0.212245)(-0.0734694, -0.126531)(-0.110204, 0.0367347)(-0.265306, 0.469388)(-0.155102, 0.485714)(-0.126531, 0.338776)(-0.146939, 0.261224)(0.17551, 0.485714)(0.273469, 0.493878)(0.281633, 0.440816)(0.130612, 0.220408)(0.0979592, -0.0285714)(0.191837, -0.0897959)(0.22449, -0.306122)(0.17551, -0.338776)(0.102041, -0.420408)(0.0734694, -0.444898)(0.0285714, -0.469388)(-0.228571, -0.420408)(-0.208163, -0.477551)(-0.240816, -0.497959)(-0.273469, -0.473469)
descriptor[i][.]=(288, 251)(-0.468966, -0.489627)(0.0827586, -0.46473)(-0.448276, 0.481328)(0.503448, 0.489627)
				 (288, 251)(-0.282158, -0.489627)(0.0497925, -0.46473)(-0.26971, 0.481328)(0.302905, 0.489627)
				 (288, 251)(-0.26556, -0.497925)(-0.224066, -0.257261)(-0.0788382, -0.0746888)(-0.219917, 0.161826)(-0.228216, 0.427386)(-0.124481, 0.423237)(-0.0788382, 0.165975)(0.0871369, 0.323651)(0.290456, 0.493776)(0.165975, 0.253112)(0.107884, -0.00829876)(0.224066, -0.182573)(0.145228, -0.286307)(0.00414938, -0.46473)(-0.145228, -0.307054)
				 (288, 251)(-0.0746888, -0.145228)(-0.0248963, 0.13278)(0.0954357, -0.033195)(0.128631, -0.286307)(-0.141079, -0.302905)(-0.0954357, -0.219917)(-0.0995851, 0.0165975)(-0.228216, 0.439834)(-0.141079, 0.240664)(0.128631, 0.19917)(0.120332, -0.107884)(-0.0290456, -0.319502)(-0.257261, -0.419087)(-0.240664, -0.26971)(-0.20332, -0.244813)(-0.103734, -0.219917)(-0.0788382, -0.149378)(-0.136929, 0.0497925)(-0.228216, 0.439834)(-0.26971, 0.473029)(-0.141079, 0.485477)(-0.0290456, 0.136929)(0.174274, 0.460581)(0.302905, 0.489627)(0.128631, 0.19917)(0.103734, -0.0207469)(0.190871, -0.0954357)(0.228216, -0.323651)(0.165975, -0.340249)(0.0788382, -0.452282)(0, -0.46473)(-0.033195, -0.39834)(-0.13278, -0.307054)(-0.232365, -0.477178)(-0.26556, -0.497925)
descriptor[i][.]=(281, 255)(-0.48125, -0.484979)(0.0625, -0.493562)(-0.325, 0.476395)(0.49375, 0.497854)
				 (281, 255)(-0.330472, -0.484979)(0.0429185, -0.493562)(-0.223176, 0.476395)(0.339056, 0.497854)
				 (281, 255)(-0.304721, -0.497854)(-0.244635, -0.266094)(-0.0772532, -0.111588)(-0.214592, 0.133047)(-0.223176, 0.39485)(-0.103004, 0.424893)(-0.0772532, 0.16309)(0.107296, 0.313305)(0.321888, 0.497854)(0.201717, 0.266094)(0.11588, 0.00429185)(0.227468, -0.171674)(0.167382, -0.317597)(0.0300429, -0.493562)(-0.137339, -0.313305)
				 (281, 255)(-0.0772532, -0.214592)(-0.00858369, 0.124464)(0.11588, 0.0386266)(0.128755, -0.304721)(-0.175966, -0.309013)(-0.0944206, -0.00429185)(-0.141631, 0.236052)(0.16309, 0.227468)(0.11588, -0.111588)(-0.0429185, -0.334764)(-0.27897, -0.381974)(-0.334764, -0.360515)(-0.291845, -0.304721)(-0.236052, -0.253219)(-0.0944206, -0.00429185)(-0.23176, 0.472103)(-0.0987124, 0.484979)(0.0729614, 0.266094)(0.257511, 0.48927)(0.330472, 0.502146)(0.343348, 0.467811)(0.27897, 0.347639)(0.16309, 0.227468)(0.133047, 0.0600858)(0.175966, -0.0987124)(0.218884, -0.11588)(0.227468, -0.347639)(0.11588, -0.446352)(0.055794, -0.48927)(0.0171674, -0.493562)(-0.0429185, -0.334764)(-0.175966, -0.309013)(-0.27897, -0.381974)(-0.283262, -0.472103)(-0.330472, -0.484979)
descriptor[i][.]=(276, 256)(-0.473054, -0.467532)(0.0778443, -0.497835)(-0.341317, 0.480519)(0.497006, 0.497835)
				 (276, 256)(-0.341991, -0.467532)(0.0562771, -0.497835)(-0.246753, 0.480519)(0.359307, 0.497835)
				 (276, 256)(0.047619, -0.497835)(-0.116883, -0.307359)(-0.320346, -0.471861)(-0.229437, -0.251082)(-0.0735931, -0.0995671)(-0.21645, 0.151515)(-0.194805, 0.428571)(-0.0735931, 0.463203)(-0.0909091, 0.186147)(0.0995671, 0.272727)(0.307359, 0.497835)(0.246753, 0.290043)(0.12987, 0.025974)(0.238095, -0.160173)(0.17316, -0.333333)
				 (276, 256)(-0.0649351, -0.212121)(0, 0.121212)(0.12987, 0.0562771)(0.138528, -0.311688)(-0.138528, -0.30303)(-0.0952381, 0.012987)(-0.190476, 0.445887)(-0.134199, 0.229437)(0.177489, 0.212121)(0.12987, -0.112554)(-0.030303, -0.333333)(-0.25974, -0.350649)(-0.324675, -0.320346)(-0.25974, -0.264069)(-0.0952381, -0.004329)(-0.242424, 0.463203)(-0.0822511, 0.484848)(-0.004329, 0.125541)(0.268398, 0.497835)(0.350649, 0.502165)(0.177489, 0.212121)(0.134199, 0.0606061)(0.212121, -0.0995671)(0.246753, -0.333333)(0.103896, -0.480519)(0.0562771, -0.497835)(0.004329, -0.480519)(-0.030303, -0.341991)(-0.134199, -0.307359)(-0.255411, -0.350649)(-0.307359, -0.467532)
descriptor[i][.]=(272, 258)(-0.469274, -0.438596)(0.100559, -0.5)(-0.240223, 0.482456)(0.502793, 0.491228)
				 (272, 258)(-0.368421, -0.438596)(0.0789474, -0.5)(-0.188596, 0.482456)(0.394737, 0.491228)
				 (272, 258)(0.0219298, -0.5)(-0.144737, -0.307018)(-0.364035, -0.438596)(-0.223684, -0.232456)(-0.0745614, -0.0877193)(-0.219298, 0.157895)(-0.184211, 0.429825)(-0.0745614, 0.394737)(-0.0394737, 0.149123)(0.162281, 0.328947)(0.390351, 0.491228)(0.22807, 0.254386)(0.127193, -0.0219298)(0.241228, -0.192982)(0.162281, -0.315789)
				 (272, 258)(-0.0701754, -0.20614)(0.00438596, 0.122807)(0.118421, -0.0526316)(0.135965, -0.315789)(-0.162281, -0.298246)(-0.0833333, 0.00438596)(-0.131579, 0.232456)(0.188596, 0.197368)(0.131579, -0.122807)(-0.0350877, -0.342105)(-0.315789, -0.346491)(-0.289474, -0.254386)(-0.197368, 0.47807)(-0.0657895, 0.482456)(0.29386, 0.491228)(0.368421, 0.5)(0.188596, 0.197368)(0.127193, -0.0394737)(0.188596, -0.100877)(0.223684, -0.114035)(0.236842, -0.359649)(0.188596, -0.372807)(0.135965, -0.429825)(0.0877193, -0.495614)(0.0219298, -0.5)(-0.00877193, -0.469298)(-0.0350877, -0.346491)(-0.157895, -0.302632)(-0.307018, -0.346491)(-0.346491, -0.434211)
descriptor[i][.]=(268, 257)(-0.491713, -0.400881)(0.0773481, -0.497797)(-0.237569, 0.488987)(0.502762, 0.493392)
				 (268, 257)(-0.39207, -0.400881)(0.061674, -0.497797)(-0.189427, 0.488987)(0.400881, 0.493392)
				 (268, 257)(0.0484581, -0.497797)(-0.114537, -0.299559)(-0.343612, -0.400881)(-0.251101, -0.229075)(-0.0572687, -0.114537)(-0.193833, 0.136564)(-0.176211, 0.405286)(-0.0440529, 0.444934)(-0.061674, 0.176211)(0.132159, 0.290749)(0.348018, 0.497797)(0.273128, 0.277533)(0.145374, 0.0132159)(0.251101, -0.167401)(0.185022, -0.334802)
				 (268, 257)(-0.0572687, -0.189427)(0.0132159, 0.127753)(0.127753, -0.0660793)(0.14978, -0.312775)(-0.198238, -0.277533)(-0.0748899, 0.0132159)(-0.167401, 0.436123)(-0.118943, 0.237885)(0.198238, 0.202643)(-0.030837, -0.325991)(-0.321586, -0.325991)(-0.0748899, -0.00881057)(-0.176211, 0.422907)(-0.198238, 0.471366)(-0.0572687, 0.488987)(0.00881057, 0.132159)(0.299559, 0.493392)(0.38326, 0.502203)(0.198238, 0.202643)(0.132159, -0.061674)(0.229075, -0.105727)(0.251101, -0.352423)(0.193833, -0.365639)(0.110132, -0.484581)(0.0484581, -0.497797)(-0.030837, -0.325991)(-0.198238, -0.277533)(-0.295154, -0.321586)
descriptor[i][.]=(266, 258)(-0.489362, -0.352423)(0.0638298, -0.497797)(-0.191489, 0.480176)(0.5, 0.493392)
				 (266, 258)(-0.405286, -0.352423)(0.0528634, -0.497797)(-0.15859, 0.480176)(0.414097, 0.493392)
				 (266, 258)(0.0440529, -0.497797)(-0.110132, -0.286344)(-0.370044, -0.339207)(-0.242291, -0.202643)(-0.061674, -0.092511)(-0.202643, 0.154185)(-0.167401, 0.414097)(-0.0572687, 0.39207)(-0.0176211, 0.14978)(0.189427, 0.348018)(0.414097, 0.480176)(0.23348, 0.251101)(0.132159, -0.0220264)(0.255507, -0.198238)(0.167401, -0.303965)
				 (266, 258)(-0.0660793, -0.193833)(0.0132159, 0.132159)(0.132159, -0.0220264)(0.127753, -0.299559)(-0.101322, -0.286344)(-0.0792952, 0.0132159)(-0.118943, 0.237885)(0.193833, 0.202643)(0.145374, -0.118943)(-0.0220264, -0.330396)(-0.312775, -0.277533)(-0.334802, -0.22467)(-0.132159, 0.061674)(-0.237885, 0.211454)(-0.167401, 0.475771)(-0.0484581, 0.484581)(0.00881057, 0.136564)(0.255507, 0.436123)(0.325991, 0.497797)(0.414097, 0.493392)(0.387665, 0.409692)(0.193833, 0.202643)(0.136564, -0.0176211)(0.220264, -0.101322)(0.259912, -0.167401)(0.251101, -0.348018)(0.189427, -0.365639)(0.136564, -0.38326)(0.132159, -0.444934)(0.0969163, -0.480176)(0.0528634, -0.497797)(-0.0220264, -0.334802)(-0.0969163, -0.290749)(-0.38326, -0.356828)
descriptor[i][.]=(265, 258)(-0.492063, -0.328947)(0.0634921, -0.5)(-0.21164, 0.482456)(0.502646, 0.495614)
				 (265, 258)(-0.407895, -0.328947)(0.0526316, -0.5)(-0.175439, 0.482456)(0.416667, 0.495614)
				 (265, 258)(0.0526316, -0.5)(-0.0789474, -0.289474)(-0.350877, -0.289474)(-0.276316, -0.201754)(-0.0570175, -0.135965)(-0.162281, 0.105263)(-0.179825, 0.368421)(-0.0394737, 0.473684)(-0.0921053, 0.210526)(0.114035, 0.254386)(0.311404, 0.47807)(0.346491, 0.350877)(0.175439, 0.122807)(0.188596, -0.100877)(0.245614, -0.337719)
				 (265, 258)(-0.0614035, -0.192982)(0.0175439, 0.131579)(0.153509, 0.0657895)(0.144737, -0.359649)(-0.0877193, -0.285088)(-0.0745614, 0.00877193)(-0.153509, 0.434211)(-0.118421, 0.241228)(0.192982, 0.201754)(0.140351, -0.0964912)(-0.00438596, -0.342105)(-0.254386, -0.254386)(-0.0614035, -0.192982)(-0.0789474, -0.0131579)(-0.232456, 0.214912)(-0.162281, 0.421053)(-0.184211, 0.464912)(-0.0482456, 0.482456)(0.333333, 0.491228)(0.407895, 0.5)(0.390351, 0.407895)(0.307018, 0.302632)(0.192982, 0.201754)(0.175439, 0.100877)(0.153509, 0.0657895)(0.219298, -0.0964912)(0.254386, -0.162281)(0.245614, -0.346491)(0.197368, -0.368421)(0.127193, -0.447368)(0.0614035, -0.495614)(0.0263158, -0.491228)(-0.0131579, -0.451754)(-0.0877193, -0.285088)(-0.254386, -0.254386)(-0.377193, -0.333333)
descriptor[i][.]=(264, 258)(-0.484375, -0.315789)(0.0885417, -0.5)(-0.203125, 0.482456)(0.5, 0.491228)
				 (264, 258)(-0.407895, -0.315789)(0.0745614, -0.5)(-0.171053, 0.482456)(0.421053, 0.491228)
				 (264, 258)(0.0570175, -0.5)(-0.0921053, -0.280702)(-0.359649, -0.285088)(-0.267544, -0.179825)(-0.0526316, -0.105263)(-0.184211, 0.131579)(-0.166667, 0.390351)(-0.0219298, 0.447368)(-0.0657895, 0.188596)(0.157895, 0.302632)(0.390351, 0.495614)(0.267544, 0.267544)(0.144737, 0.0131579)(0.254386, -0.175439)(0.179825, -0.328947)
				 (264, 258)(-0.0614035, -0.171053)(0.0175439, 0.131579)(0.149123, 0.0570175)(0.140351, -0.302632)(-0.0964912, -0.276316)(-0.0745614, 0.0175439)(-0.153509, 0.425439)(-0.114035, 0.232456)(0.192982, 0.197368)(0.144737, -0.105263)(-0.0263158, -0.320175)(-0.320175, -0.241228)(-0.350877, -0.201754)(-0.236842, 0.210526)(-0.157895, 0.421053)(-0.179825, 0.464912)(-0.0350877, 0.482456)(-0.0482456, 0.355263)(0.0131579, 0.135965)(0.342105, 0.491228)(0.403509, 0.5)(0.192982, 0.197368)(0.162281, 0.0745614)(0.219298, -0.0964912)(0.254386, -0.162281)(0.223684, -0.364035)(0.135965, -0.403509)(0.0833333, -0.495614)(0.0307018, -0.491228)(-0.00438596, -0.451754)(-0.0263158, -0.324561)(-0.0570175, -0.307018)(-0.0964912, -0.276316)(-0.368421, -0.311404)
descriptor[i][.]=(266, 259)(-0.484536, -0.324444)(0.0670103, -0.497778)(-0.190722, 0.48)(0.494845, 0.497778)
				 (266, 259)(-0.417778, -0.324444)(0.0577778, -0.497778)(-0.164444, 0.48)(0.426667, 0.497778)
				 (266, 259)(0.0177778, -0.497778)(-0.12, -0.28)(-0.373333, -0.288889)(-0.288889, -0.182222)(-0.0666667, -0.137778)(-0.186667, 0.115556)(-0.191111, 0.364444)(-0.0311111, 0.466667)(-0.102222, 0.208889)(0.12, 0.271111)(0.333333, 0.488889)(0.324444, 0.333333)(0.164444, 0.0933333)(0.213333, -0.102222)(0.222222, -0.368889)
				 (266, 259)(-0.0666667, -0.186667)(0.0133333, 0.133333)(0.142222, 0.0488889)(0.137778, -0.368889)(-0.102222, -0.284444)(-0.0844444, 0.0133333)(-0.124444, 0.226667)(0.186667, 0.195556)(0.128889, -0.0933333)(-0.04, -0.337778)(-0.324444, -0.24)(-0.355556, -0.195556)(-0.173333, 0.475556)(-0.0355556, 0.484444)(0.293333, 0.475556)(0.417778, 0.502222)(0.186667, 0.195556)(0.146667, 0.0533333)(0.213333, -0.102222)(0.248889, -0.168889)(0.226667, -0.368889)(0.195556, -0.382222)(0.12, -0.431111)(0.0666667, -0.493333)(0.00444444, -0.493333)(-0.102222, -0.284444)
descriptor[i][.]=(267, 260)(-0.489691, -0.311688)(0.0618557, -0.497835)(-0.201031, 0.467532)(0.5, 0.497835)
				 (267, 260)(-0.411255, -0.311688)(0.0519481, -0.497835)(-0.168831, 0.467532)(0.419913, 0.497835)
				 (267, 260)(0.038961, -0.497835)(-0.108225, -0.285714)(-0.363636, -0.277056)(-0.272727, -0.177489)(-0.0692641, -0.0995671)(-0.212121, 0.147186)(-0.168831, 0.411255)(-0.0606061, 0.380952)(-0.034632, 0.142857)(0.168831, 0.329004)(0.406926, 0.502165)(0.255411, 0.264069)(0.134199, 0.00865801)(0.233766, -0.190476)(0.155844, -0.320346)
				 (267, 260)(-0.0735931, -0.177489)(0.00865801, 0.121212)(0.12987, 0.034632)(0.108225, -0.307359)(-0.194805, -0.242424)(-0.0865801, 0.004329)(-0.168831, 0.402597)(-0.125541, 0.21645)(0.12987, -0.116883)(-0.04329, -0.324675)(-0.341991, -0.238095)(-0.337662, -0.181818)(-0.242424, 0.199134)(-0.17316, 0.398268)(-0.181818, 0.441558)(-0.04329, 0.467532)(0.242424, 0.419913)(0.316017, 0.484848)(0.411255, 0.502165)(0.12987, 0.034632)(0.207792, -0.112554)(0.238095, -0.164502)(0.233766, -0.34632)(0.168831, -0.372294)(0.0606061, -0.493506)(-0.017316, -0.467532)(-0.186147, -0.251082)
descriptor[i][.]=(264, 261)(-0.5, -0.305677)(0.0578947, -0.497817)(-0.157895, 0.467249)(0.5, 0.480349)
				 (264, 261)(-0.414847, -0.305677)(0.0480349, -0.497817)(-0.131004, 0.467249)(0.414847, 0.480349)
				 (264, 261)(0.0262009, -0.497817)(-0.113537, -0.283843)(-0.362445, -0.30131)(-0.244541, -0.183406)(-0.0567686, -0.100437)(-0.20524, 0.148472)(-0.148472, 0.423581)(-0.0524017, 0.336245)(0.0174672, 0.117904)(0.218341, 0.366812)(0.406114, 0.441048)(0.209607, 0.20524)(0.131004, -0.069869)(0.248908, -0.244541)(0.152838, -0.310044)
				 (264, 261)(-0.0611354, -0.19214)(0.0218341, 0.117904)(0.148472, 0.0393013)(0.126638, -0.31441)(-0.144105, -0.266376)(-0.0786026, 0.0131004)(-0.113537, 0.222707)(0.213974, 0.213974)(0.148472, -0.135371)(-0.0174672, -0.344978)(-0.323144, -0.240175)(-0.327511, -0.187773)(-0.0786026, 0.00436681)(-0.231441, 0.196507)(-0.148472, 0.458515)(-0.0393013, 0.467249)(0.340611, 0.497817)(0.379913, 0.502183)(0.213974, 0.213974)(0.152838, 0.0436681)(0.20524, -0.117904)(0.248908, -0.358079)(0.183406, -0.384279)(0.117904, -0.458515)(0.0480349, -0.497817)(-0.00436681, -0.480349)(-0.0262009, -0.39738)(-0.144105, -0.266376)(-0.305677, -0.244541)
descriptor[i][.]=(264, 260)(-0.492147, -0.306034)(0.078534, -0.5)(-0.151832, 0.465517)(0.502618, 0.478448)
				 (264, 260)(-0.405172, -0.306034)(0.0646552, -0.5)(-0.125, 0.465517)(0.413793, 0.478448)
				 (264, 260)(0.0387931, -0.5)(-0.0948276, -0.284483)(-0.349138, -0.280172)(-0.262931, -0.176724)(-0.0517241, -0.116379)(-0.181034, 0.12069)(-0.159483, 0.392241)(-0.0431034, 0.375)(-0.0172414, 0.142241)(0.185345, 0.331897)(0.400862, 0.482759)(0.25431, 0.24569)(0.142241, -0.00431034)(0.262931, -0.193966)(0.176724, -0.318966)
				 (264, 260)(-0.0603448, -0.185345)(0.0172414, 0.12069)(0.146552, 0.0344828)(0.137931, -0.306034)(-0.142241, -0.258621)(-0.0732759, 0.0172414)(-0.112069, 0.224138)(0.193966, 0.189655)(0.146552, -0.125)(-0.0172414, -0.323276)(-0.314655, -0.232759)(-0.396552, -0.232759)(-0.327586, -0.185345)(-0.159483, 0.452586)(-0.0431034, 0.465517)(0.012931, 0.125)(0.323276, 0.49569)(0.37931, 0.5)(0.413793, 0.478448)(0.396552, 0.409483)(0.306034, 0.288793)(0.193966, 0.189655)(0.176724, 0.0948276)(0.150862, 0.0387931)(0.202586, -0.116379)(0.262931, -0.181034)(0.24569, -0.349138)(0.185345, -0.375)(0.0732759, -0.49569)(0.0387931, -0.5)(-0.00431034, -0.469828)(-0.0517241, -0.314655)(-0.142241, -0.258621)(-0.301724, -0.237069)(-0.383621, -0.314655)
descriptor[i][.]=(264, 259)(-0.5, -0.298701)(0.0885417, -0.497835)(-0.182292, 0.467532)(0.5, 0.484848)
				 (264, 259)(-0.415584, -0.298701)(0.0735931, -0.497835)(-0.151515, 0.467532)(0.415584, 0.484848)
				 (264, 259)(0.0562771, -0.497835)(-0.0909091, -0.277056)(-0.350649, -0.277056)(-0.272727, -0.177489)(-0.047619, -0.121212)(-0.177489, 0.125541)(-0.160173, 0.398268)(-0.047619, 0.38961)(-0.021645, 0.147186)(0.181818, 0.329004)(0.398268, 0.489177)(0.25974, 0.251082)(0.142857, -0.004329)(0.264069, -0.190476)(0.177489, -0.320346)
				 (264, 259)(-0.0562771, -0.181818)(0.021645, 0.125541)(0.147186, 0.030303)(0.134199, -0.30303)(-0.0909091, -0.277056)(-0.0735931, 0.025974)(-0.112554, 0.229437)(0.199134, 0.199134)(0.147186, -0.125541)(-0.025974, -0.324675)(-0.316017, -0.233766)(-0.402597, -0.229437)(-0.207792, 0.160173)(-0.225108, 0.21645)(-0.164502, 0.458874)(-0.025974, 0.467532)(0.017316, 0.12987)(0.307359, 0.484848)(0.363636, 0.502165)(0.415584, 0.484848)(0.411255, 0.454545)(0.307359, 0.294372)(0.199134, 0.199134)(0.151515, 0.034632)(0.225108, -0.112554)(0.264069, -0.168831)(0.246753, -0.350649)(0.186147, -0.372294)(0.0822511, -0.493506)(-0.0909091, -0.277056)(-0.385281, -0.320346)
descriptor[i][.]=(265, 260)(-0.494792, -0.311688)(0.0677083, -0.497835)(-0.21875, 0.467532)(0.46875, 0.497835)
				 (265, 260)(-0.411255, -0.311688)(0.0562771, -0.497835)(-0.181818, 0.467532)(0.38961, 0.497835)
				 (265, 260)(0.034632, -0.497835)(-0.0995671, -0.281385)(-0.359307, -0.294372)(-0.251082, -0.186147)(-0.0562771, -0.0952381)(-0.199134, 0.142857)(-0.160173, 0.419913)(-0.038961, 0.398268)(-0.030303, 0.151515)(0.177489, 0.316017)(0.398268, 0.480519)(0.255411, 0.246753)(0.138528, -0.012987)(0.25974, -0.190476)(0.17316, -0.324675)
				 (265, 260)(-0.0649351, -0.186147)(0.017316, 0.121212)(0.142857, 0.034632)(0.12987, -0.307359)(-0.0952381, -0.281385)(-0.0779221, 0.021645)(-0.160173, 0.415584)(-0.116883, 0.225108)(0.142857, -0.134199)(-0.004329, -0.341991)(-0.316017, -0.238095)(-0.398268, -0.233766)(-0.225108, 0.177489)(-0.220779, 0.251082)(-0.164502, 0.411255)(-0.190476, 0.454545)(-0.0519481, 0.467532)(0.012987, 0.125541)(0.307359, 0.480519)(0.363636, 0.502165)(0.147186, 0.038961)(0.203463, -0.116883)(0.246753, -0.34632)(0.225108, -0.372294)(0.181818, -0.376623)(0.0649351, -0.493506)(0, -0.471861)(-0.00865801, -0.359307)(-0.0952381, -0.281385)
descriptor[i][.]=(267, 261)(-0.497382, -0.326087)(0.052356, -0.5)(-0.198953, 0.465217)(0.502618, 0.478261)
				 (267, 261)(-0.413043, -0.326087)(0.0434783, -0.5)(-0.165217, 0.465217)(0.417391, 0.478261)
				 (267, 261)(0.026087, -0.5)(-0.113043, -0.282609)(-0.373913, -0.313043)(-0.243478, -0.195652)(-0.0608696, -0.0826087)(-0.230435, 0.169565)(-0.173913, 0.447826)(-0.0826087, 0.317391)(0.0391304, 0.13913)(0.230435, 0.386957)(0.408696, 0.430435)(0.208696, 0.208696)(0.126087, -0.0652174)(0.252174, -0.234783)(0.156522, -0.308696)
				 (267, 261)(-0.073913, -0.191304)(0.00869565, 0.117391)(0.134783, 0.0173913)(0.121739, -0.308696)(-0.1, -0.286957)(-0.0869565, 0.0173913)(-0.126087, 0.226087)(0.217391, 0.226087)(0.13913, -0.13913)(-0.0130435, -0.36087)(-0.282609, -0.247826)(-0.343478, -0.208696)(-0.23913, 0.195652)(-0.173913, 0.46087)(-0.0652174, 0.465217)(0.00434783, 0.121739)(0.295652, 0.473913)(0.417391, 0.478261)(0.217391, 0.226087)(0.13913, 0.0217391)(0.13913, -0.134783)(0.2, -0.117391)(0.247826, -0.347826)(0.178261, -0.378261)(0.130435, -0.36087)(0.108696, -0.473913)(0.0434783, -0.5)(-0.0173913, -0.417391)(-0.1, -0.286957)(-0.282609, -0.247826)
descriptor[i][.]=(266, 260)(-0.486911, -0.325991)(0.104712, -0.497797)(-0.188482, 0.46696)(0.502618, 0.484581)
				 (266, 260)(-0.409692, -0.325991)(0.0881057, -0.497797)(-0.15859, 0.46696)(0.422907, 0.484581)
				 (266, 260)(0.0264317, -0.497797)(-0.118943, -0.281938)(-0.374449, -0.321586)(-0.23348, -0.198238)(-0.0572687, -0.0792952)(-0.215859, 0.162996)(-0.15859, 0.431718)(-0.0660793, 0.352423)(0.0264317, 0.132159)(0.215859, 0.378855)(0.414097, 0.449339)(0.215859, 0.215859)(0.132159, -0.0660793)(0.259912, -0.22467)(0.171806, -0.312775)
				 (266, 260)(-0.0660793, -0.189427)(0.0176211, 0.127753)(0.140969, 0.0220264)(0.145374, -0.312775)(-0.101322, -0.286344)(-0.0837004, 0.0220264)(-0.118943, 0.229075)(0.220264, 0.229075)(0.145374, -0.132159)(-0.030837, -0.321586)(-0.277533, -0.251101)(-0.330396, -0.202643)(-0.15859, -0.185022)(-0.0837004, 0.0220264)(-0.23348, 0.237885)(-0.167401, 0.462555)(-0.0264317, 0.45815)(0.303965, 0.488987)(0.348018, 0.502203)(0.405286, 0.493392)(0.220264, 0.229075)(0.145374, 0.0264317)(0.145374, -0.127753)(0.215859, -0.110132)(0.255507, -0.123348)(0.251101, -0.370044)(0.189427, -0.378855)(0.0969163, -0.493392)(0.0264317, -0.497797)(-0.101322, -0.286344)(-0.277533, -0.251101)(-0.38326, -0.330396)
descriptor[i][.]=(268, 260)(-0.489362, -0.353982)(0.0851064, -0.5)(-0.228723, 0.473451)(0.5, 0.49115)
				 (268, 260)(-0.40708, -0.353982)(0.0707965, -0.5)(-0.190265, 0.473451)(0.415929, 0.49115)
				 (268, 260)(0.0442478, -0.5)(-0.123894, -0.287611)(-0.376106, -0.353982)(-0.225664, -0.20354)(-0.0663717, -0.0752212)(-0.234513, 0.172566)(-0.176991, 0.451327)(-0.0707965, 0.371681)(-0.00884956, 0.132743)(0.199115, 0.367257)(0.40708, 0.455752)(0.212389, 0.225664)(0.128319, -0.0530973)(0.265487, -0.212389)(0.185841, -0.309735)
				 (268, 260)(-0.0663717, -0.19469)(0.0132743, 0.128319)(0.128319, -0.039823)(0.137168, -0.314159)(-0.119469, -0.287611)(-0.0840708, 0.0176991)(-0.168142, 0.429204)(-0.128319, 0.234513)(0.212389, 0.230088)(0.146018, -0.141593)(-0.0221239, -0.331858)(-0.314159, -0.283186)(-0.349558, -0.234513)(-0.172566, 0.424779)(-0.199115, 0.460177)(-0.0575221, 0.477876)(0.207965, 0.389381)(0.331858, 0.495575)(0.40708, 0.495575)(0.40708, 0.438053)(0.212389, 0.230088)(0.132743, -0.0353982)(0.243363, -0.115044)(0.256637, -0.367257)(0.137168, -0.446903)(0.0884956, -0.49115)(0.0442478, -0.5)(-0.119469, -0.287611)(-0.371681, -0.353982)
descriptor[i][.]=(274, 261)(-0.49711, -0.282609)(0.0578035, -0.5)(-0.294798, 0.46087)(0.49711, 0.478261)
				 (274, 261)(-0.373913, -0.282609)(0.0434783, -0.5)(-0.221739, 0.46087)(0.373913, 0.478261)
				 (274, 261)(0.026087, -0.5)(-0.126087, -0.295652)(-0.369565, -0.265217)(-0.113043, -0.217391)(-0.126087, 0.0304348)(-0.252174, 0.26087)(-0.178261, 0.46087)(-0.117391, 0.295652)(0.0173913, 0.143478)(0.204348, 0.391304)(0.36087, 0.417391)(0.173913, 0.195652)(0.104348, -0.0695652)(0.247826, -0.213043)(0.16087, -0.308696)
				 (274, 261)(-0.0869565, -0.2)(-0.0173913, 0.117391)(0.117391, 0.0347826)(0.121739, -0.313043)(-0.0521739, -0.330435)(-0.1, -0.00434783)(-0.191304, 0.417391)(-0.147826, 0.221739)(0.182609, 0.221739)(0.117391, -0.13913)(-0.178261, -0.282609)(-0.356522, -0.23913)(-0.104348, -0.026087)(-0.169565, 0.0608696)(-0.26087, 0.213043)(-0.252174, 0.265217)(-0.195652, 0.413043)(-0.230435, 0.447826)(-0.0869565, 0.465217)(-0.0217391, 0.121739)(0.304348, 0.495652)(0.373913, 0.478261)(0.182609, 0.221739)(0.126087, 0.0478261)(0.230435, -0.126087)(0.230435, -0.365217)(0.186957, -0.373913)(0.117391, -0.421739)(0.0956522, -0.469565)(0.0434783, -0.5)(-0.0347826, -0.430435)(-0.0521739, -0.330435)(-0.173913, -0.286957)
descriptor[i][.]=(278, 259)(-0.497076, -0.334783)(0.0643275, -0.5)(-0.28655, 0.473913)(0.502924, 0.486957)
				 (278, 259)(-0.369565, -0.334783)(0.0478261, -0.5)(-0.213043, 0.473913)(0.373913, 0.486957)
				 (278, 259)(0.0304348, -0.5)(-0.130435, -0.308696)(-0.369565, -0.3)(-0.108696, -0.221739)(-0.13913, 0.0391304)(-0.23913, 0.278261)(-0.13913, 0.473913)(-0.143478, 0.26087)(0.0347826, 0.182609)(0.213043, 0.426087)(0.334783, 0.404348)(0.156522, 0.173913)(0.104348, -0.1)(0.243478, -0.256522)(0.13913, -0.295652)
				 (278, 259)(-0.0956522, -0.208696)(-0.0130435, 0.117391)(0.104348, -0.0217391)(0.104348, -0.304348)(-0.0652174, -0.321739)(-0.104348, 0)(-0.152174, 0.221739)(0.182609, 0.23913)(0.126087, -0.13913)(0.173913, -0.295652)(-0.221739, -0.286957)(-0.356522, -0.273913)(-0.186957, 0.073913)(-0.221739, 0.469565)(-0.104348, 0.473913)(-0.0782609, 0.4)(0.0652174, 0.252174)(0.286957, 0.495652)(0.365217, 0.491304)(0.23913, 0.273913)(0.182609, 0.23913)(0.121739, 0.00434783)(0.186957, -0.113043)(0.23913, -0.134783)(0.23913, -0.352174)(0.186957, -0.373913)(0.113043, -0.304348)(0.117391, -0.447826)(0.0478261, -0.5)(-0.0652174, -0.321739)(-0.152174, -0.308696)(-0.221739, -0.286957)
descriptor[i][.]=(275, 258)(-0.482955, -0.436681)(0.113636, -0.497817)(-0.284091, 0.480349)(0.5, 0.49345)
				 (275, 258)(-0.371179, -0.436681)(0.0873362, -0.497817)(-0.218341, 0.480349)(0.384279, 0.49345)
				 (275, 258)(0.0436681, -0.497817)(-0.139738, -0.310044)(-0.371179, -0.432314)(-0.196507, -0.235808)(-0.0786026, -0.0567686)(-0.231441, 0.174672)(-0.213974, 0.454148)(-0.0917031, 0.371179)(-0.00436681, 0.117904)(0.174672, 0.353712)(0.371179, 0.462882)(0.200873, 0.231441)(0.126638, -0.0567686)(0.275109, -0.218341)(0.183406, -0.296943)
				 (275, 258)(-0.0655022, -0.20524)(0.00873362, 0.113537)(0.139738, 0.0524017)(0.144105, -0.310044)(-0.148472, -0.305677)(-0.0917031, 0.00873362)(-0.196507, 0.379913)(-0.131004, 0.227074)(0.196507, 0.227074)(0.139738, -0.135371)(-0.0174672, -0.344978)(-0.310044, -0.358079)(-0.375546, -0.366812)(-0.331878, -0.292576)(-0.200873, -0.235808)(-0.0917031, -0.0131004)(-0.227074, 0.161572)(-0.200873, 0.375546)(-0.227074, 0.467249)(-0.0655022, 0.467249)(0.00436681, 0.117904)(0.231441, 0.436681)(0.30131, 0.497817)(0.375546, 0.497817)(0.196507, 0.227074)(0.144105, 0.0567686)(0.262009, -0.131004)(0.235808, -0.384279)(0.148472, -0.436681)(0.0960699, -0.49345)(0.0436681, -0.497817)(-0.0174672, -0.349345)(-0.131004, -0.31441)(-0.283843, -0.353712)
descriptor[i][.]=(281, 257)(-0.478788, -0.483051)(0.151515, -0.495763)(-0.309091, 0.470339)(0.50303, 0.483051)
				 (281, 257)(-0.334746, -0.483051)(0.105932, -0.495763)(-0.216102, 0.470339)(0.351695, 0.483051)
				 (281, 257)(0.0508475, -0.5)(-0.118644, -0.326271)(-0.322034, -0.487288)(-0.207627, -0.266949)(-0.0677966, -0.0974576)(-0.207627, 0.161017)(-0.211864, 0.440678)(-0.0974576, 0.347458)(0.00847458, 0.0932203)(0.152542, 0.351695)(0.34322, 0.461864)(0.194915, 0.216102)(0.127119, -0.0635593)(0.271186, -0.220339)(0.173729, -0.309322)
				 (281, 257)(-0.0550847, -0.199153)(0.00847458, 0.0932203)(0.127119, -0.0550847)(0.139831, -0.317797)(-0.131356, -0.322034)(-0.0805085, -0.25)(-0.0762712, -0.0254237)(-0.114407, 0.228814)(0.165254, 0.161017)(0.148305, -0.15678)(-0.0127119, -0.351695)(-0.271186, -0.381356)(-0.059322, -0.20339)(-0.0762712, -0.0254237)(-0.224576, 0.449153)(-0.101695, 0.470339)(-0.114407, 0.228814)(0.262712, 0.495763)(0.34322, 0.487288)(0.169492, 0.165254)(0.144068, -0.0127119)(0.127119, -0.0550847)(0.199153, -0.135593)(0.241525, -0.131356)(0.258475, -0.364407)(0.211864, -0.385593)(0.152542, -0.377119)(0.122881, -0.487288)(0.0254237, -0.491525)(-0.0127119, -0.355932)(-0.127119, -0.326271)(-0.266949, -0.381356)(-0.29661, -0.483051)
descriptor[i][.]=(283, 254)(-0.461538, -0.481481)(0.108974, -0.497942)(-0.346154, 0.465021)(0.5, 0.481481)
				 (283, 254)(-0.296296, -0.481481)(0.0699588, -0.497942)(-0.222222, 0.465021)(0.320988, 0.481481)
				 (283, 254)(0.0534979, -0.497942)(-0.111111, -0.320988)(-0.296296, -0.481481)(-0.176955, -0.259259)(-0.0617284, -0.0740741)(-0.18107, 0.176955)(-0.226337, 0.440329)(-0.090535, 0.337449)(0.0123457, 0.0946502)(0.148148, 0.333333)(0.320988, 0.481481)(0.201646, 0.230453)(0.144033, -0.0411523)(0.27572, -0.213992)(0.193416, -0.304527)
				 (283, 254)(-0.0452675, -0.144033)(0.0246914, 0.090535)(0.135802, -0.0576132)(0.148148, -0.308642)(-0.139918, -0.316872)(-0.0699588, -0.242798)(-0.0740741, 0)(-0.197531, 0.419753)(-0.0987654, 0.230453)(0.176955, 0.197531)(0.164609, -0.148148)(-0.0164609, -0.333333)(-0.263374, -0.403292)(-0.292181, -0.349794)(-0.205761, -0.26749)(-0.156379, -0.251029)(-0.0781893, -0.242798)(-0.0493827, -0.148148)(-0.0740741, -0.0123457)(-0.205761, 0.374486)(-0.234568, 0.444444)(-0.115226, 0.469136)(-0.0864198, 0.325103)(-0.0987654, 0.230453)(0.238683, 0.489712)(0.320988, 0.481481)(0.176955, 0.197531)(0.144033, -0.0452675)(0.234568, -0.123457)(0.27572, -0.209877)(0.255144, -0.36214)(0.209877, -0.374486)(0.0699588, -0.497942)(-0.0164609, -0.333333)(-0.139918, -0.316872)(-0.263374, -0.403292)(-0.271605, -0.481481)
descriptor[i][.]=(291, 249)(-0.429577, -0.498024)(0.176056, -0.470356)(-0.5, 0.466403)(0.5, 0.478261)
				 (291, 249)(-0.241107, -0.498024)(0.0988142, -0.470356)(-0.280632, 0.466403)(0.280632, 0.478261)
				 (291, 249)(-0.241107, -0.498024)(-0.177866, -0.26087)(-0.0355731, -0.083004)(-0.15415, 0.166008)(-0.241107, 0.43083)(-0.126482, 0.387352)(-0.0158103, 0.126482)(0.114625, 0.288538)(0.249012, 0.478261)(0.205534, 0.245059)(0.15415, -0.0197628)(0.264822, -0.189723)(0.189723, -0.332016)(0.0711462, -0.470356)(-0.0869565, -0.3083)
				 (291, 249)(-0.027668, -0.134387)(0.027668, 0.0909091)(0.142292, -0.0513834)(0.142292, -0.312253)(-0.0988142, -0.3083)(-0.0632411, -0.237154)(-0.0948617, 0.252964)(0.162055, -0.150198)(-0.00395257, -0.324111)(-0.213439, -0.391304)(-0.264822, -0.367589)(-0.185771, -0.264822)(-0.0711462, -0.237154)(-0.027668, -0.134387)(-0.280632, 0.454545)(-0.13834, 0.454545)(-0.0948617, 0.252964)(0.209486, 0.498024)(0.280632, 0.478261)(0.142292, -0.0513834)(0.237154, -0.134387)(0.264822, -0.189723)(0.241107, -0.367589)(0.106719, -0.466403)(0.0395257, -0.470356)(-0.00395257, -0.328063)(-0.0988142, -0.3083)(-0.213439, -0.391304)(-0.225296, -0.494071)
descriptor[i][.]=(295, 247)(-0.437956, -0.492188)(0.138686, -0.46875)(-0.49635, 0.46875)(0.489051, 0.484375)
				 (295, 247)(-0.234375, -0.492188)(0.0742188, -0.46875)(-0.265625, 0.46875)(0.261719, 0.484375)
				 (295, 247)(-0.214844, -0.5)(-0.179688, -0.269531)(-0.0351563, -0.0898438)(-0.160156, 0.164063)(-0.226563, 0.414063)(-0.113281, 0.394531)(-0.0234375, 0.136719)(0.105469, 0.28125)(0.226563, 0.480469)(0.203125, 0.257813)(0.152344, -0.00390625)(0.265625, -0.179688)(0.191406, -0.335938)(0.0703125, -0.46875)(-0.078125, -0.308594)
				 (295, 247)(-0.03125, -0.0976563)(0.03125, 0.0898438)(0.144531, -0.109375)(0.144531, -0.304688)(-0.101563, -0.308594)(-0.046875, -0.222656)(-0.210938, 0.394531)(-0.0820313, 0.226563)(0.00390625, -0.320313)(-0.207031, -0.414063)(-0.046875, -0.222656)(-0.03125, -0.0976563)(-0.226563, 0.351563)(-0.261719, 0.441406)(-0.210938, 0.472656)(-0.125, 0.445313)(-0.0820313, 0.226563)(0.1875, 0.496094)(0.253906, 0.488281)(0.148438, -0.0976563)(0.238281, -0.136719)(0.269531, -0.195313)(0.242188, -0.355469)(0.195313, -0.371094)(0.132813, -0.425781)(0.0859375, -0.464844)(0.0195313, -0.453125)(-0.199219, -0.496094)(-0.242188, -0.488281)
descriptor[i][.]=(306, 244)(-0.4, -0.498099)(0.107692, -0.452471)(-0.484615, 0.463878)(0.3, 0.501901)
				 (306, 244)(-0.197719, -0.498099)(0.0532319, -0.452471)(-0.239544, 0.463878)(0.148289, 0.501901)
				 (306, 244)(-0.197719, -0.498099)(-0.186312, -0.26616)(-0.0418251, -0.0836502)(-0.163498, 0.148289)(-0.209125, 0.403042)(-0.0836502, 0.39924)(-0.0418251, 0.155894)(0.0722433, 0.269962)(0.155894, 0.498099)(0.186312, 0.285171)(0.140684, 0.0418251)(0.201521, -0.136882)(0.21673, -0.357414)(0.0190114, -0.444867)(-0.117871, -0.307985)
				 (306, 244)(-0.0418251, -0.0798479)(0.0114068, 0.102662)(0.125475, -0.117871)(0.129278, -0.357414)(-0.0912548, -0.296578)(-0.0532319, -0.201521)(-0.201521, 0.391635)(-0.0874525, 0.21673)(-0.0114068, -0.307985)(-0.190114, -0.414449)(-0.197719, -0.277567)(-0.0418251, -0.0798479)(-0.171103, 0.171103)(-0.205323, 0.34981)(-0.239544, 0.425856)(-0.247148, 0.456274)(-0.117871, 0.437262)(-0.0874525, 0.414449)(-0.0874525, 0.21673)(0.129278, 0.48289)(0.201521, 0.479087)(0.231939, -0.136882)(0.224335, -0.34981)(0.186312, -0.376426)(0.125475, -0.395437)(0.0874525, -0.441065)(0.0304183, -0.452471)(0.00380228, -0.437262)(-0.0114068, -0.311787)(-0.0798479, -0.30038)(-0.186312, -0.410646)(-0.152091, -0.475285)(-0.197719, -0.498099)
descriptor[i][.]=(313, 243)(-0.387097, -0.498113)(0.0322581, -0.456604)(-0.459677, 0.45283)(0.387097, 0.486792)
				 (313, 243)(-0.181132, -0.498113)(0.0150943, -0.456604)(-0.215094, 0.45283)(0.181132, 0.486792)
				 (313, 243)(-0.181132, -0.498113)(-0.188679, -0.256604)(-0.0679245, -0.0679245)(-0.177358, 0.184906)(-0.233962, 0.426415)(-0.090566, 0.328302)(0.00377358, 0.0981132)(0.0754717, 0.34717)(0.192453, 0.449057)(0.128302, 0.188679)(0.113208, -0.0679245)(0.226415, -0.226415)(0.154717, -0.298113)(0.0301887, -0.45283)(-0.101887, -0.298113)
				 (313, 243)(-0.0528302, -0.120755)(0, 0.0943396)(0.113208, -0.124528)(0.090566, -0.29434)(-0.113208, -0.298113)(-0.090566, -0.226415)(-0.196226, 0.392453)(-0.0943396, 0.215094)(0.154717, -0.298113)(-0.0264151, -0.30566)(-0.181132, -0.415094)(-0.215094, -0.301887)(-0.188679, -0.256604)(-0.0943396, -0.226415)(-0.0641509, -0.132075)(-0.2, 0.358491)(-0.233962, 0.422642)(-0.196226, 0.456604)(-0.0754717, 0.388679)(0.113208, 0.486792)(0.181132, 0.486792)(0.207547, -0.135849)(0.233962, -0.169811)(0.173585, -0.369811)(0.0566038, -0.445283)(0, -0.456604)(-0.0301887, -0.369811)(-0.177358, -0.411321)(-0.143396, -0.479245)(-0.218868, -0.460377)
descriptor[i][.]=(322, 244)(-0.327586, -0.498099)(0.0517241, -0.463878)(-0.396552, 0.456274)(0.215517, 0.501901)
				 (322, 244)(-0.144487, -0.498099)(0.0228137, -0.463878)(-0.174905, 0.456274)(0.095057, 0.501901)
				 (322, 244)(-0.144487, -0.498099)(-0.205323, -0.273764)(-0.0836502, -0.0760456)(-0.171103, 0.18251)(-0.201521, 0.422053)(-0.0760456, 0.315589)(0.00380228, 0.117871)(0.0608365, 0.376426)(0.163498, 0.43346)(0.117871, 0.178707)(0.0988593, -0.0760456)(0.21673, -0.220532)(0.129278, -0.319392)(0, -0.463878)(-0.13308, -0.311787)
				 (322, 244)(-0.0722433, -0.121673)(-0.0152091, 0.0988593)(0.095057, -0.117871)(0.0798479, -0.304183)(-0.125475, -0.307985)(-0.0988593, -0.228137)(-0.155894, 0.372624)(-0.0874525, 0.21673)(0.125475, -0.171103)(-0.0342205, -0.326996)(-0.163498, -0.43346)(-0.0988593, -0.228137)(-0.0798479, -0.136882)(-0.174905, 0.231939)(-0.205323, 0.425856)(-0.174905, 0.456274)(-0.121673, 0.441065)(-0.0570342, 0.387833)(0.0684411, 0.486692)(0.148289, 0.486692)(0.163498, 0.444867)(0.095057, -0.117871)(0.125475, -0.171103)(0.163498, -0.144487)(0.193916, -0.140684)(0.220532, -0.178707)(0.197719, -0.319392)(0.174905, -0.365019)(0.13308, -0.376426)(0.0874525, -0.365019)(0.0456274, -0.456274)(-0.0152091, -0.463878)(-0.125475, -0.498099)
descriptor[i][.]=(325, 246)(-0.318584, -0.496154)(0.0619469, -0.480769)(-0.353982, 0.457692)(0.221239, 0.5)
				 (325, 246)(-0.138462, -0.496154)(0.0269231, -0.480769)(-0.153846, 0.457692)(0.0961538, 0.5)
				 (325, 246)(-0.123077, -0.5)(-0.211538, -0.292308)(-0.0807692, -0.107692)(-0.157692, 0.134615)(-0.153846, 0.380769)(-0.0538462, 0.35)(-0.0307692, 0.107692)(0.0423077, 0.315385)(0.111538, 0.480769)(0.130769, 0.265385)(0.107692, 0.0230769)(0.165385, -0.15)(0.176923, -0.361538)(-0.0153846, -0.476923)(-0.142308, -0.319231)
				 (325, 246)(-0.0769231, -0.165385)(-0.0153846, 0.0961538)(0.0923077, -0.119231)(0.0923077, -0.384615)(-0.130769, -0.315385)(-0.107692, -0.242308)(-0.142308, 0.323077)(-0.0769231, 0.215385)(0.123077, -0.173077)(-0.0423077, -0.338462)(-0.157692, -0.419231)(-0.203846, -0.276923)(-0.111538, -0.242308)(-0.0769231, -0.165385)(-0.142308, 0.323077)(-0.184615, 0.419231)(-0.161538, 0.453846)(-0.115385, 0.45)(-0.0769231, 0.215385)(0.0615385, 0.496154)(0.0923077, -0.119231)(0.15, -0.157692)(0.196154, -0.15)(0.219231, -0.226923)(0.196154, -0.330769)(0.165385, -0.380769)(0.0807692, -0.434615)(0.0423077, -0.473077)(-0.0192308, -0.476923)(-0.05, -0.411538)(-0.0807692, -0.469231)(-0.123077, -0.5)(-0.180769, -0.465385)
descriptor[i][.]=(326, 247)(-0.297297, -0.490196)(0.0630631, -0.498039)(-0.27027, 0.490196)(0.324324, 0.490196)
				 (326, 247)(-0.129412, -0.490196)(0.027451, -0.498039)(-0.117647, 0.490196)(0.141176, 0.490196)
				 (326, 247)(-0.00784314, -0.498039)(-0.192157, -0.415686)(-0.117647, -0.254902)(-0.101961, -0.0352941)(-0.152941, 0.188235)(-0.156863, 0.403922)(-0.0392157, 0.396078)(-0.0431373, 0.172549)(0.027451, 0.258824)(0.0705882, 0.478431)(0.156863, 0.364706)(0.113725, 0.145098)(0.109804, -0.0784314)(0.211765, -0.184314)(0.14902, -0.392157)
				 (326, 247)(-0.0784314, -0.14902)(-0.0117647, 0.109804)(0.101961, -0.14902)(0.0901961, -0.384314)(-0.0941176, -0.235294)(-0.129412, 0.321569)(-0.0588235, 0.219608)(-0.203922, -0.278431)(-0.0941176, -0.235294)(-0.0823529, -0.152941)(-0.152941, 0.188235)(-0.129412, 0.321569)(-0.164706, 0.45098)(-0.117647, 0.490196)(-0.0588235, 0.219608)(0.0666667, 0.498039)(0.141176, 0.490196)(0.160784, 0.356863)(0.196078, -0.152941)(0.192157, -0.356863)(0.164706, -0.388235)(0.0862745, -0.447059)(0.0470588, -0.490196)(-0.156863, -0.478431)
descriptor[i][.]=(330, 248)(-0.0185185, -0.5)(0.0648148, -0.5)(-0.25, 0.476563)(0.157407, 0.5)
				 (330, 248)(-0.0078125, -0.5)(0.0273438, -0.5)(-0.105469, 0.476563)(0.0664063, 0.5)
				 (330, 248)(-0.0078125, -0.5)(-0.179688, -0.378906)(-0.109375, -0.238281)(-0.105469, -0.0390625)(-0.121094, 0.167969)(-0.105469, 0.371094)(-0.0351563, 0.417969)(-0.0234375, 0.214844)(0.046875, 0.382813)(0.128906, 0.464844)(0.121094, 0.265625)(0.101563, 0.0585938)(0.0976563, -0.148438)(0.210938, -0.234375)(0.09375, -0.363281)
				 (330, 248)(-0.0820313, -0.203125)(-0.0078125, 0.203125)(0.09375, -0.144531)(0.0703125, -0.367188)(-0.03125, 0.226563)(-0.0820313, -0.203125)(-0.128906, 0.4375)(-0.113281, 0.472656)(-0.078125, 0.476563)(-0.0429688, 0.433594)(-0.015625, 0.375)(0.0507813, 0.496094)(0.117188, 0.484375)(0.191406, -0.15625)(0.175781, -0.359375)(0.0429688, -0.492188)(-0.140625, -0.425781)(-0.171875, -0.398438)
descriptor[i][.]=(333, 247)(-0.0490196, -0.494163)(0.0392157, -0.498054)(-0.27451, 0.486381)(0.127451, 0.501946)
				 (333, 247)(-0.0194553, -0.494163)(0.0155642, -0.498054)(-0.108949, 0.486381)(0.0505837, 0.501946)
				 (333, 247)(0.00389105, -0.498054)(-0.108949, -0.365759)(-0.175097, -0.22179)(-0.0856031, -0.120623)(-0.11284, 0.0622568)(-0.0972763, 0.249027)(-0.105058, 0.431907)(-0.0194553, 0.416342)(0.0389105, 0.463035)(0.128405, 0.40856)(0.101167, 0.22179)(0.101167, 0.0350195)(0.0894942, -0.14786)(0.198444, -0.229572)(0.0700389, -0.338521)
				 (333, 247)(-0.0894942, -0.214008)(0.0077821, 0.354086)(0.0817121, -0.120623)(0.0622568, -0.342412)(-0.0661479, -0.385214)(0.0389105, 0.389105)(-0.175097, -0.22179)(-0.0894942, -0.214008)(-0.116732, 0.48249)(-0.0428016, 0.470817)(0.0389105, 0.389105)(0.0311284, 0.490272)(0.105058, 0.48249)(0.175097, -0.143969)(0.163424, -0.319066)(0.07393, -0.392996)(0.0661479, -0.451362)(0.0155642, -0.498054)(-0.0194553, -0.494163)(-0.0661479, -0.389105)(-0.151751, -0.350195)
descriptor[i][.]=(333, 247)(-0.01, -0.498054)(0.03, -0.498054)(-0.12, 0.501946)(0.14, 0.501946)
				 (333, 247)(-0.00389105, -0.498054)(0.0116732, -0.498054)(-0.0466926, 0.501946)(0.0544747, 0.501946)
				 (333, 247)(-0.00389105, -0.498054)(-0.0661479, -0.338521)(-0.18677, -0.202335)(-0.077821, -0.124514)(-0.101167, 0.0583658)(-0.0972763, 0.241245)(-0.0856031, 0.431907)(-0.0233463, 0.424125)(0.0428016, 0.463035)(0.132296, 0.416342)(0.108949, 0.229572)(0.108949, 0.0389105)(0.0933852, -0.14786)(0.18677, -0.233463)(0.0583658, -0.354086)
				 (333, 247)(-0.0544747, -0.342412)(-0.0817121, -0.202335)(0.0116732, 0.357977)(0.0894942, -0.143969)(0.0661479, -0.326848)(-0.0894942, -0.33463)(-0.194553, -0.233463)(-0.0972763, 0.470817)(-0.0466926, 0.501946)(0.0389105, 0.486381)(0.11284, 0.486381)(0.132296, 0.431907)(0.155642, -0.136187)(0.190661, -0.14786)(0.18677, -0.233463)(0.0856031, -0.412451)(0.0505837, -0.48249)(0.0116732, -0.498054)(-0.0233463, -0.490272)
descriptor[i][.]=(333, 247)(-0.03, -0.494163)(0.04, -0.498054)(-0.09, 0.501946)(0.14, 0.501946)
				 (333, 247)(-0.0116732, -0.494163)(0.0155642, -0.498054)(-0.0350195, 0.501946)(0.0544747, 0.501946)
				 (333, 247)(0.00389105, -0.498054)(-0.0622568, -0.338521)(-0.190661, -0.202335)(-0.0894942, -0.105058)(-0.0972763, 0.0856031)(-0.101167, 0.272374)(-0.101167, 0.463035)(-0.0233463, 0.428016)(0.0428016, 0.455253)(0.128405, 0.424125)(0.116732, 0.233463)(0.108949, 0.0466926)(0.0894942, -0.143969)(0.18677, -0.210117)(0.0661479, -0.346304)
				 (333, 247)(-0.0817121, -0.175097)(0.0116732, 0.354086)(0.0894942, -0.151751)(0.0661479, -0.338521)(-0.0428016, -0.350195)(-0.116732, 0.478599)(-0.0350195, 0.501946)(0.0389105, 0.498054)(0.11284, 0.486381)(0.151751, -0.132296)(0.190661, -0.143969)(0.136187, -0.315175)(0.0272374, -0.494163)(-0.0894942, -0.33463)
descriptor[i][.]=(333, 247)(-0.0707071, -0.48249)(0.030303, -0.498054)(-0.242424, 0.486381)(0.131313, 0.501946)
				 (333, 247)(-0.0272374, -0.48249)(0.0116732, -0.498054)(-0.0933852, 0.486381)(0.0505837, 0.501946)
				 (333, 247)(0.00389105, -0.498054)(-0.0661479, -0.33463)(-0.190661, -0.190661)(-0.101167, -0.0389105)(-0.101167, 0.143969)(-0.101167, 0.33463)(-0.0622568, 0.486381)(-0.0116732, 0.311284)(0.0389105, 0.420233)(0.116732, 0.459144)(0.120623, 0.272374)(0.11284, 0.0817121)(0.101167, -0.105058)(0.18677, -0.178988)(0.0856031, -0.342412)
				 (333, 247)(-0.0972763, -0.101167)(0.0077821, 0.280156)(0.0894942, -0.136187)(0.0700389, -0.36965)(-0.0544747, -0.338521)(-0.11284, 0.0311284)(-0.101167, 0.48249)(-0.0350195, 0.474708)(0.0389105, 0.498054)(0.11284, 0.486381)(0.175097, -0.124514)(0.136187, -0.311284)(0.0856031, -0.412451)(0.0583658, -0.470817)(0.0116732, -0.498054)(-0.0544747, -0.342412)(-0.0856031, -0.33463)
descriptor[i][.]=(334, 247)(-0.0309278, -0.494163)(0.0309278, -0.498054)(-0.123711, 0.501946)(0.134021, 0.501946)
				 (334, 247)(-0.0116732, -0.494163)(0.0116732, -0.498054)(-0.0466926, 0.501946)(0.0505837, 0.501946)
				 (334, 247)(0, -0.498054)(-0.0661479, -0.338521)(-0.18677, -0.194553)(-0.101167, -0.0194553)(-0.105058, 0.167315)(-0.116732, 0.354086)(-0.0466926, 0.501946)(-0.0155642, 0.326848)(0.0389105, 0.404669)(0.116732, 0.470817)(0.116732, 0.284047)(0.108949, 0.0972763)(0.101167, -0.0894942)(0.167315, -0.210117)(0.0622568, -0.346304)
				 (334, 247)(-0.0622568, -0.342412)(-0.101167, -0.0311284)(0.00389105, 0.280156)(0.101167, -0.105058)(0.0622568, -0.338521)(-0.0894942, -0.33463)(-0.116732, -0.315175)(-0.105058, -0.0350195)(-0.116732, 0.346304)(-0.105058, 0.466926)(-0.0466926, 0.501946)(0.0350195, 0.498054)(0.105058, 0.48249)(0.182879, -0.124514)(0.0116732, -0.498054)
