taichiDescr5.dat
size1 30
size3 31
beh_type.id 18
sizes[]=39 41 39 40 39 41 42 42 38 43 50 53 55 52 62 55 59 55 57 55 54 50 48 54 57 53 57 53 60 54 
thresholds[]=0.16 0.16 0.16 0.16 0.16 0.16 0.16 0.16 0.16 0.16 0.16 0.16 0.16 0.16 0.16 0.16 0.16 0.16 0.16 0.16 0.16 0.16 0.16 0.16 0.16 0.16 0.16 0.16 0.16 0.16 
map[0][.]=0 1 0 0 0 0 0 0 0 0 0 0 0 0 0 0 0 0 0 0 0 0 0 0 0 0 0 0 0 0 0 
map[1][.]=0 0 1 0 0 0 0 0 0 0 0 0 0 0 0 0 0 0 0 0 0 0 0 0 0 0 0 0 0 0 0 
map[2][.]=0 0 0 1 0 0 0 0 0 0 0 0 0 0 0 0 0 0 0 0 0 0 0 0 0 0 0 0 0 0 0 
map[3][.]=0 0 0 0 1 0 0 0 0 0 0 0 0 0 0 0 0 0 0 0 0 0 0 0 0 0 0 0 0 0 0 
map[4][.]=0 0 0 0 0 1 0 0 0 0 0 0 0 0 0 0 0 0 0 0 0 0 0 0 0 0 0 0 0 0 0 
map[5][.]=0 0 0 0 0 0 1 0 0 0 0 0 0 0 0 0 0 0 0 0 0 0 0 0 0 0 0 0 0 0 0 
map[6][.]=0 0 0 0 0 0 0 1 0 0 0 0 0 0 0 0 0 0 0 0 0 0 0 0 0 0 0 0 0 0 0 
map[7][.]=0 0 0 0 0 0 0 0 1 0 0 0 0 0 0 0 0 0 0 0 0 0 0 0 0 0 0 0 0 0 0 
map[8][.]=0 0 0 0 0 0 0 0 0 1 0 0 0 0 0 0 0 0 0 0 0 0 0 0 0 0 0 0 0 0 0 
map[9][.]=0 0 0 0 0 0 0 0 0 0 1 0 0 0 0 0 0 0 0 0 0 0 0 0 0 0 0 0 0 0 0 
map[10][.]=0 0 0 0 0 0 0 0 0 0 0 1 0 0 0 0 0 0 0 0 0 0 0 0 0 0 0 0 0 0 0 
map[11][.]=0 0 0 0 0 0 0 0 0 0 0 0 1 0 0 0 0 0 0 0 0 0 0 0 0 0 0 0 0 0 0 
map[12][.]=0 0 0 0 0 0 0 0 0 0 0 0 0 1 0 0 0 0 0 0 0 0 0 0 0 0 0 0 0 0 0 
map[13][.]=0 0 0 0 0 0 0 0 0 0 0 0 0 0 1 0 0 0 0 0 0 0 0 0 0 0 0 0 0 0 0 
map[14][.]=0 0 0 0 0 0 0 0 0 0 0 0 0 0 0 1 0 0 0 0 0 0 0 0 0 0 0 0 0 0 0 
map[15][.]=0 0 0 0 0 0 0 0 0 0 0 0 0 0 0 0 1 0 0 0 0 0 0 0 0 0 0 0 0 0 0 
map[16][.]=0 0 0 0 0 0 0 0 0 0 0 0 0 0 0 0 0 1 0 0 0 0 0 0 0 0 0 0 0 0 0 
map[17][.]=0 0 0 0 0 0 0 0 0 0 0 0 0 0 0 0 0 0 1 0 0 0 0 0 0 0 0 0 0 0 0 
map[18][.]=0 0 0 0 0 0 0 0 0 0 0 0 0 0 0 0 0 0 0 1 0 0 0 0 0 0 0 0 0 0 0 
map[19][.]=0 0 0 0 0 0 0 0 0 0 0 0 0 0 0 0 0 0 0 0 1 0 0 0 0 0 0 0 0 0 0 
map[20][.]=0 0 0 0 0 0 0 0 0 0 0 0 0 0 0 0 0 0 0 0 0 1 0 0 0 0 0 0 0 0 0 
map[21][.]=0 0 0 0 0 0 0 0 0 0 0 0 0 0 0 0 0 0 0 0 0 0 1 0 0 0 0 0 0 0 0 
map[22][.]=0 0 0 0 0 0 0 0 0 0 0 0 0 0 0 0 0 0 0 0 0 0 0 1 0 0 0 0 0 0 0 
map[23][.]=0 0 0 0 0 0 0 0 0 0 0 0 0 0 0 0 0 0 0 0 0 0 0 0 1 0 0 0 0 0 0 
map[24][.]=0 0 0 0 0 0 0 0 0 0 0 0 0 0 0 0 0 0 0 0 0 0 0 0 0 1 0 0 0 0 0 
map[25][.]=0 0 0 0 0 0 0 0 0 0 0 0 0 0 0 0 0 0 0 0 0 0 0 0 0 0 1 0 0 0 0 
map[26][.]=0 0 0 0 0 0 0 0 0 0 0 0 0 0 0 0 0 0 0 0 0 0 0 0 0 0 0 1 0 0 0 
map[27][.]=0 0 0 0 0 0 0 0 0 0 0 0 0 0 0 0 0 0 0 0 0 0 0 0 0 0 0 0 1 0 0 
map[28][.]=0 0 0 0 0 0 0 0 0 0 0 0 0 0 0 0 0 0 0 0 0 0 0 0 0 0 0 0 0 1 0 
map[29][.]=0 0 0 0 0 0 0 0 0 0 0 0 0 0 0 0 0 0 0 0 0 0 0 0 0 0 0 0 0 0 1 
map[30][.]=0 0 0 0 0 0 0 0 0 0 0 0 0 0 0 0 0 0 0 0 0 0 0 0 0 0 0 0 0 0 0 
isLast[.]=false false false false false false false false false false false false false false false false false false false false false false false false false false false false false false true 
descriptor[i][.]=(337, 241)(-0.0555556, -0.494737)(0.0444444, -0.498246)(-0.0111111, 0.501754)(0.2, 0.501754)
				 (337, 241)(-0.0175439, -0.494737)(0.0140351, -0.498246)(-0.00350877, 0.501754)(0.0631579, 0.501754)
				 (337, 241)(0, -0.498246)(-0.0526316, -0.37193)(-0.140351, -0.245614)(-0.119298, -0.105263)(-0.115789, 0.0491228)(-0.105263, 0.203509)(-0.119298, 0.354386)(-0.0701754, 0.487719)(0.0701754, 0.494737)(0.105263, 0.361404)(0.122807, 0.207018)(0.122807, 0.0526316)(0.150877, -0.0912281)(0.14386, -0.245614)(0.0526316, -0.378947)
				 (337, 241)(0.0526316, -0.375439)(-0.0491228, -0.375439)(0.0631579, 0.501754)(0.157895, -0.14386)(0.133333, -0.291228)(0.0631579, -0.445614)(0.045614, -0.484211)(0.0140351, -0.498246)(-0.0175439, -0.494737)(-0.0631579, -0.442105)(-0.0877193, -0.347368)(-0.136842, -0.287719)
descriptor[i][.]=(339, 242)(-0.0454545, -0.5)(0.0568182, -0.5)(-0.363636, 0.485915)(0.193182, 0.5)
				 (339, 242)(-0.0140845, -0.5)(0.0176056, -0.5)(-0.112676, 0.485915)(0.0598592, 0.5)
				 (339, 242)(-0.0140845, -0.5)(-0.0704225, -0.366197)(-0.144366, -0.242958)(-0.102113, -0.112676)(-0.105634, 0.0422535)(-0.0880282, 0.197183)(-0.112676, 0.348592)(-0.0985915, 0.485915)(0.0528169, 0.5)(0.0950704, 0.366197)(0.119718, 0.211268)(0.123239, 0.056338)(0.140845, -0.0915493)(0.137324, -0.242958)(0.0528169, -0.383803)
				 (339, 242)(0.112676, -0.056338)(0.0528169, -0.380282)(-0.0598592, -0.373239)(-0.119718, 0.482394)(0.0598592, 0.5)(0.130282, 0.0246479)(0.112676, -0.056338)(0.140845, -0.0880282)(0.0528169, -0.380282)(0.0457746, -0.475352)(-0.0140845, -0.5)(-0.0492958, -0.471831)(-0.0669014, -0.422535)(-0.112676, -0.338028)
descriptor[i][.]=(340, 242)(-0.0114943, -0.5)(0.0229885, -0.5)(-0.241379, 0.485915)(0.195402, 0.5)
				 (340, 242)(-0.00352113, -0.5)(0.00704225, -0.5)(-0.0739437, 0.485915)(0.0598592, 0.5)
				 (340, 242)(-0.00352113, -0.5)(-0.0633803, -0.369718)(-0.151408, -0.257042)(-0.0950704, -0.109155)(-0.0950704, 0.0387324)(-0.0739437, 0.193662)(-0.0950704, 0.34507)(-0.0739437, 0.485915)(0.0669014, 0.489437)(0.102113, 0.341549)(0.126761, 0.190141)(0.123239, 0.0352113)(0.147887, -0.109155)(0.133803, -0.264085)(0.056338, -0.373239)
				 (340, 242)(0.0598592, -0.362676)(-0.0633803, -0.366197)(-0.0809859, 0.482394)(0.0598592, 0.5)(0.137324, -0.320423)(0.0669014, -0.359155)(0.0633803, -0.408451)(0.0422535, -0.478873)(0.00704225, -0.5)(-0.0422535, -0.482394)(-0.0633803, -0.366197)(-0.133803, -0.320423)
descriptor[i][.]=(340, 242)(-0.0454545, -0.5)(0.0454545, -0.496479)(-0.0113636, 0.496479)(0.193182, 0.5)
				 (340, 242)(-0.0140845, -0.5)(0.0140845, -0.496479)(-0.00352113, 0.496479)(0.0598592, 0.5)
				 (340, 242)(-0.0140845, -0.5)(-0.0633803, -0.366197)(-0.147887, -0.246479)(-0.0985915, -0.102113)(-0.0880282, 0.0457746)(-0.0457746, 0.197183)(-0.0774648, 0.352113)(-0.00704225, 0.461268)(0.0633803, 0.450704)(0.109155, 0.302817)(0.123239, 0.151408)(0.119718, 0)(0.151408, -0.147887)(0.130282, -0.299296)(0.0669014, -0.390845)
				 (340, 242)(0.105634, -0.0669014)(0.0669014, -0.390845)(-0.0598592, -0.369718)(-0.0704225, 0.43662)(-0.00352113, 0.496479)(0.0598592, 0.5)(0.126761, -0.380282)(0.0669014, -0.390845)(0.0422535, -0.485915)(-0.0105634, -0.5)(-0.0422535, -0.485915)(-0.0598592, -0.373239)(-0.123239, -0.338028)
descriptor[i][.]=(338, 242)(-0.032967, -0.492958)(0.0659341, -0.5)(-0.021978, 0.482394)(0.197802, 0.5)
				 (338, 242)(-0.0105634, -0.492958)(0.0211268, -0.5)(-0.00704225, 0.482394)(0.0633803, 0.5)
				 (338, 242)(0.00704225, -0.5)(-0.0528169, -0.373239)(-0.151408, -0.271127)(-0.102113, -0.126761)(-0.0950704, 0.0211268)(-0.0246479, 0.172535)(-0.0422535, 0.327465)(-0.0105634, 0.46831)(0.0633803, 0.43662)(0.105634, 0.295775)(0.119718, 0.147887)(0.119718, -0.00704225)(0.161972, -0.140845)(0.137324, -0.295775)(0.119718, -0.415493)
				 (338, 242)(0.109155, -0.0669014)(0.0774648, -0.362676)(-0.0528169, -0.373239)(0.00704225, 0.496479)(0.0633803, 0.5)(0.112676, -0.056338)(0.137324, -0.302817)(0.116197, -0.397887)(0.0211268, -0.5)(-0.0246479, -0.485915)(-0.0528169, -0.376761)(-0.130282, -0.338028)
descriptor[i][.]=(337, 242)(-0.0625, -0.487633)(0.03125, -0.498233)(-0.125, 0.427562)(0.239583, 0.501767)
				 (337, 242)(-0.0212014, -0.487633)(0.0106007, -0.498233)(-0.0424028, 0.427562)(0.0812721, 0.501767)
				 (337, 242)(0, -0.498233)(-0.109541, -0.381625)(-0.130742, -0.257951)(-0.0989399, -0.109541)(-0.0848057, 0.0388693)(-0.00706714, 0.180212)(-0.0141343, 0.328622)(-0.0106007, 0.462898)(0.0742049, 0.466431)(0.0989399, 0.310954)(0.109541, 0.155477)(0.120141, 0.00353357)(0.166078, -0.137809)(0.14841, -0.289753)(0.0883392, -0.424028)
				 (337, 242)(-0.0106007, 0.116608)(0.0742049, -0.378092)(-0.0565371, -0.409894)(-0.0883392, -0.173145)(-0.0883392, -0.173145)(-0.0424028, 0.0883392)(-0.0424028, 0.409894)(0.00706714, 0.4947)(0.0812721, 0.501767)(0.166078, -0.257951)(0.106007, -0.452297)(0.0106007, -0.498233)(-0.0565371, -0.413428)(-0.159011, -0.342756)
descriptor[i][.]=(337, 241)(-0.04, -0.486014)(0.19, -0.5)(-0.02, 0.486014)(0.18, 0.5)
				 (337, 241)(-0.013986, -0.486014)(0.0664336, -0.5)(-0.00699301, 0.486014)(0.0629371, 0.5)
				 (337, 241)(0.0384615, -0.5)(-0.0979021, -0.41958)(-0.167832, -0.293706)(-0.0979021, -0.15035)(-0.111888, 0)(-0.013986, 0.129371)(-0.0104895, 0.283217)(-0.013986, 0.43007)(0.0699301, 0.482517)(0.104895, 0.335664)(0.108392, 0.185315)(0.122378, 0.034965)(0.167832, -0.0979021)(0.167832, -0.248252)(0.0734266, -0.377622)
				 (337, 241)(-0.101399, -0.20979)(-0.0104895, 0.136364)(0.0699301, 0.402098)(0.108392, -0.048951)(0.0734266, -0.370629)(-0.104895, -0.213287)(-0.013986, 0.132867)(-0.0314685, 0.384615)(-0.00699301, 0.486014)(0.0629371, 0.5)(0.0699301, 0.402098)(0.104895, 0.346154)(0.164336, -0.0909091)(0.0734266, -0.496503)(0, -0.493007)
descriptor[i][.]=(336, 239)(-0.0761905, -0.475862)(0.114286, -0.5)(-0.00952381, 0.482759)(0.152381, 0.5)
				 (336, 239)(-0.0275862, -0.475862)(0.0413793, -0.5)(-0.00344828, 0.482759)(0.0551724, 0.5)
				 (336, 239)(0.0275862, -0.5)(-0.103448, -0.413793)(-0.172414, -0.282759)(-0.0965517, -0.151724)(-0.113793, -0.00344828)(-0.0172414, 0.12069)(-0.00689655, 0.268966)(-0.0172414, 0.42069)(0.0689655, 0.47931)(0.103448, 0.331034)(0.103448, 0.182759)(0.124138, 0.0310345)(0.172414, -0.0931034)(0.168966, -0.244828)(0.0827586, -0.372414)
				 (336, 239)(-0.0931034, -0.2)(-0.0172414, 0.106897)(0.0724138, 0.403448)(0.106897, -0.0344828)(0.0793103, -0.355172)(-0.103448, -0.210345)(-0.0793103, 0.0551724)(-0.0275862, 0.386207)(-0.00344828, 0.482759)(0.0551724, 0.5)(0.0724138, 0.403448)(0.158621, -0.0724138)(0.168966, -0.248276)(0.0931034, -0.382759)(0.0482759, -0.496552)
descriptor[i][.]=(335, 235)(-0.045045, -0.5)(0.036036, -0.5)(-0.036036, 0.469799)(0.162162, 0.5)
				 (335, 235)(-0.0167785, -0.5)(0.0134228, -0.5)(-0.0134228, 0.469799)(0.0604027, 0.5)
				 (335, 235)(-0.0167785, -0.5)(-0.134228, -0.392617)(-0.157718, -0.251678)(-0.0973154, -0.120805)(-0.100671, 0.0234899)(-0.0201342, 0.161074)(-0.0100671, 0.315436)(-0.0134228, 0.466443)(0.0738255, 0.439597)(0.100671, 0.285235)(0.107383, 0.134228)(0.107383, -0.0167785)(0.187919, -0.137584)(0.134228, -0.278523)(0.0771812, -0.409396)
				 (335, 235)(0.107383, -0.0234899)(0.0805369, -0.328859)(0.0134228, 0.496644)(0.0604027, 0.5)(0.120805, 0.0637584)(0.177852, -0.0671141)(0.154362, -0.265101)(0.0973154, -0.35906)(0.0201342, -0.496644)(-0.0167785, -0.5)(-0.147651, -0.379195)
descriptor[i][.]=(336, 231)(-0.116667, -0.498361)(0.0833333, -0.422951)(-0.00833333, 0.488525)(0.175, 0.501639)
				 (336, 231)(-0.0459016, -0.498361)(0.0327869, -0.422951)(-0.00327869, 0.488525)(0.0688525, 0.501639)
				 (336, 231)(-0.0459016, -0.498361)(-0.163934, -0.367213)(-0.134426, -0.213115)(-0.118033, -0.0459016)(-0.0557377, 0.118033)(-0.0360656, 0.291803)(-0.00655738, 0.455738)(0.0655738, 0.442623)(0.0983607, 0.268852)(0.104918, 0.0918033)(0.177049, -0.0459016)(0.160656, -0.222951)(0.0852459, -0.367213)(-0.0229508, -0.360656)(-0.0852459, -0.354098)
				 (336, 231)(-0.0918033, -0.170492)(0.101639, 0)(0.0786885, -0.301639)(-0.095082, -0.304918)(-0.052459, 0.121311)(-0.0262295, -0.304918)(-0.0918033, -0.170492)(-0.12459, 0.00983607)(-0.0557377, 0.118033)(0, 0.498361)(0.0688525, 0.501639)(0.160656, -0.22623)(0.095082, -0.295082)(0.0885246, -0.337705)(0.0688525, -0.409836)(-0.0229508, -0.47541)
descriptor[i][.]=(334, 231)(-0.222222, -0.498361)(0.0873016, -0.429508)(-0.031746, 0.422951)(0.166667, 0.501639)
				 (334, 231)(-0.0918033, -0.498361)(0.0360656, -0.429508)(-0.0131148, 0.422951)(0.0688525, 0.501639)
				 (334, 231)(-0.0918033, -0.498361)(-0.190164, -0.354098)(-0.127869, -0.206557)(-0.111475, -0.0393443)(-0.0852459, 0.137705)(-0.0655738, 0.298361)(0, 0.455738)(0.0754098, 0.42623)(0.104918, 0.24918)(0.114754, 0.0721311)(0.206557, -0.0590164)(0.163934, -0.239344)(0.0819672, -0.383607)(-0.0163934, -0.340984)(-0.114754, -0.347541)
				 (334, 231)(-0.0918033, -0.170492)(-0.00983607, 0.334426)(0.111475, 0.00327869)(0.0852459, -0.308197)(-0.111475, -0.301639)(-0.0655738, 0.196721)(-0.0131148, -0.308197)(-0.114754, -0.0163934)(-0.0754098, 0.183607)(-0.0885246, 0.281967)(-0.0163934, 0.409836)(0.00655738, 0.488525)(0.0688525, 0.501639)(0.118033, 0.0491803)(0.114754, 0.0163934)(0.144262, -0.00983607)(0.196721, -0.042623)(0.0983607, -0.337705)(0.0754098, -0.406557)(0.00327869, -0.419672)(-0.0229508, -0.360656)(-0.0688525, -0.495082)(-0.131148, -0.472131)
descriptor[i][.]=(334, 231)(-0.328358, -0.498361)(0.0970149, -0.429508)(-0.0223881, 0.452459)(0.179104, 0.501639)
				 (334, 231)(-0.144262, -0.498361)(0.042623, -0.429508)(-0.00983607, 0.452459)(0.0786885, 0.501639)
				 (334, 231)(-0.144262, -0.498361)(-0.213115, -0.337705)(-0.118033, -0.193443)(-0.118033, -0.0131148)(-0.108197, 0.170492)(-0.0885246, 0.314754)(-0.00983607, 0.445902)(0.0688525, 0.455738)(0.101639, 0.27541)(0.108197, 0.0918033)(0.209836, -0.0459016)(0.170492, -0.22623)(0.0819672, -0.383607)(-0.0262295, -0.340984)(-0.144262, -0.334426)
				 (334, 231)(-0.095082, -0.163934)(-0.0196721, 0.331148)(0.118033, 0.00983607)(0.0852459, -0.308197)(-0.12459, -0.291803)(-0.108197, 0.206557)(-0.0196721, -0.308197)(-0.144262, -0.354098)(-0.209836, -0.24918)(-0.108197, 0.206557)(-0.147541, 0.262295)(-0.0688525, 0.32459)(-0.0196721, 0.331148)(0.00327869, 0.498361)(0.0786885, 0.501639)(0.160656, -0.00655738)(0.209836, -0.0459016)(0.219672, -0.0852459)(0.216393, -0.118033)(0.0885246, -0.337705)(0.0754098, -0.409836)(0.042623, -0.429508)(-0.00327869, -0.419672)(-0.0262295, -0.344262)(-0.144262, -0.354098)(-0.121311, -0.495082)
descriptor[i][.]=(332, 233)(-0.390411, -0.5)(0.10274, -0.440397)(-0.0479452, 0.410596)(0.143836, 0.5)
				 (332, 233)(-0.188742, -0.5)(0.0496689, -0.440397)(-0.0231788, 0.410596)(0.0695364, 0.5)
				 (332, 233)(-0.188742, -0.5)(-0.231788, -0.317881)(-0.0993377, -0.18543)(-0.139073, -0.00662252)(-0.139073, 0.182119)(-0.135762, 0.324503)(-0.0198675, 0.410596)(0.0794702, 0.460265)(0.109272, 0.271523)(0.119205, 0.0794702)(0.231788, -0.0629139)(0.182119, -0.235099)(0.089404, -0.390728)(-0.0231788, -0.357616)(-0.155629, -0.321192)
				 (332, 233)(-0.0860927, -0.145695)(-0.0198675, 0.34106)(0.129139, 0.013245)(0.0860927, -0.317881)(-0.122517, -0.294702)(-0.102649, -0.0331126)(-0.139073, 0.235099)(-0.0231788, -0.311258)(-0.165563, -0.331126)(-0.221854, -0.264901)(-0.201987, -0.235099)(-0.102649, -0.0430464)(-0.192053, 0.271523)(-0.172185, 0.311258)(-0.0231788, 0.397351)(0.00993377, 0.486755)(0.0695364, 0.5)(0.129139, 0.0264901)(0.178808, -0.00662252)(0.238411, -0.0629139)(0.112583, -0.307947)(0.0993377, -0.364238)(0.0662252, -0.433775)(0.0298013, -0.440397)(-0.013245, -0.42053)(-0.122517, -0.294702)(-0.15894, -0.387417)(-0.172185, -0.493377)
descriptor[i][.]=(327, 235)(-0.442308, -0.5)(0.121795, -0.45302)(-0.358974, 0.345638)(0.185897, 0.5)
				 (327, 235)(-0.231544, -0.5)(0.0637584, -0.45302)(-0.187919, 0.345638)(0.0973154, 0.5)
				 (327, 235)(-0.231544, -0.5)(-0.228188, -0.278523)(-0.0771812, -0.120805)(-0.167785, 0.0771812)(-0.204698, 0.281879)(-0.0503356, 0.338926)(-0.0436242, 0.107383)(0.0100671, 0.291946)(0.0604027, 0.5)(0.120805, 0.312081)(0.130872, 0.0805369)(0.261745, -0.104027)(0.130872, -0.318792)(0.0100671, -0.426174)(-0.134228, -0.298658)
				 (327, 235)(-0.0738255, -0.174497)(-0.0033557, 0.100671)(0.134228, 0.0536913)(0.104027, -0.332215)(-0.137584, -0.298658)(-0.0838926, -0.0302013)(-0.157718, 0.258389)(-0.057047, 0.120805)(-0.0167785, -0.315436)(-0.181208, -0.345638)(-0.184564, -0.228188)(-0.0738255, -0.174497)(-0.134228, -0.00671141)(-0.167785, 0.0234899)(-0.224832, 0.302013)(-0.187919, 0.345638)(-0.0771812, 0.362416)(0.0268456, 0.489933)(0.0973154, 0.5)(0.258389, -0.0704698)(0.107383, -0.409396)(0.0369128, -0.45302)(-0.0167785, -0.315436)(-0.181208, -0.345638)(-0.214765, -0.496644)
descriptor[i][.]=(324, 235)(-0.47205, -0.494949)(0.124224, -0.457912)(-0.397516, 0.343434)(0.186335, 0.501684)
				 (324, 235)(-0.255892, -0.494949)(0.0673401, -0.457912)(-0.215488, 0.343434)(0.10101, 0.501684)
				 (324, 235)(-0.249158, -0.498316)(-0.225589, -0.265993)(-0.0673401, -0.114478)(-0.171717, 0.0841751)(-0.208754, 0.292929)(-0.043771, 0.363636)(-0.0572391, 0.131313)(0.016835, 0.276094)(0.047138, 0.498316)(0.131313, 0.319865)(0.144781, 0.0808081)(0.272727, -0.10101)(0.141414, -0.316498)(0.013468, -0.424242)(-0.127946, -0.296296)
				 (324, 235)(-0.0639731, -0.104377)(0.00673401, 0.107744)(0.148148, 0.040404)(0.114478, -0.333333)(-0.124579, -0.292929)(-0.0808081, -0.191919)(-0.0841751, -0.020202)(-0.164983, 0.272727)(-0.0572391, 0.131313)(0, -0.323232)(-0.171717, -0.316498)(-0.215488, -0.242424)(-0.171717, -0.215488)(-0.0875421, -0.191919)(-0.0673401, -0.107744)(-0.0841751, -0.020202)(-0.151515, 0.013468)(-0.178451, 0.0673401)(-0.222222, 0.299663)(-0.215488, 0.343434)(-0.0639731, 0.377104)(-0.037037, 0.360269)(0.043771, 0.498316)(0.10101, 0.501684)(0.148148, 0.0505051)(0.215488, -0.003367)(0.239057, -0.023569)(0.26936, -0.0707071)(0.138047, -0.323232)(0.111111, -0.430976)(0.0673401, -0.457912)(-0.0673401, -0.309764)(-0.124579, -0.292929)(-0.171717, -0.316498)(-0.23569, -0.494949)
descriptor[i][.]=(316, 240)(-0.491329, -0.494774)(0.16185, -0.487805)(-0.364162, 0.365854)(0.196532, 0.501742)
				 (316, 240)(-0.296167, -0.494774)(0.097561, -0.487805)(-0.219512, 0.365854)(0.118467, 0.501742)
				 (316, 240)(-0.289199, -0.498258)(-0.222997, -0.268293)(-0.0452962, -0.135889)(-0.174216, 0.0731707)(-0.198606, 0.310105)(-0.0627178, 0.38676)(-0.0592334, 0.142857)(0.0452962, 0.264808)(0.0696864, 0.498258)(0.174216, 0.324042)(0.174216, 0.0766551)(0.303136, -0.114983)(0.167247, -0.351916)(0.0313589, -0.442509)(-0.132404, -0.313589)
				 (316, 240)(-0.0452962, -0.1777)(0.0209059, 0.108014)(0.1777, 0.0313589)(0.146341, -0.365854)(-0.118467, -0.30662)(-0.0592334, -0.0348432)(-0.167247, 0.278746)(-0.0592334, 0.139373)(0.0243902, -0.355401)(-0.195122, -0.358885)(-0.188153, -0.236934)(-0.0592334, -0.0383275)(-0.170732, 0.268293)(-0.240418, 0.320557)(-0.0592334, 0.38676)(0.0662021, 0.498258)(0.118467, 0.501742)(0.296167, -0.156794)(0.174216, -0.348432)(0.149826, -0.432056)(0.125436, -0.470383)(0.10453, -0.484321)(0.0557491, -0.480836)(0.0243902, -0.355401)(-0.118467, -0.30662)(-0.195122, -0.358885)(-0.222997, -0.452962)(-0.268293, -0.494774)
descriptor[i][.]=(308, 242)(-0.489011, -0.46831)(0.192308, -0.5)(-0.335165, 0.401408)(0.258242, 0.5)
				 (308, 242)(-0.31338, -0.46831)(0.123239, -0.5)(-0.214789, 0.401408)(0.165493, 0.5)
				 (308, 242)(0.0880282, -0.5)(-0.0492958, -0.327465)(-0.246479, -0.43662)(-0.257042, -0.295775)(-0.028169, -0.190141)(-0.126761, 0.0316901)(-0.169014, 0.274648)(-0.130282, 0.415493)(-0.056338, 0.232394)(0.0598592, 0.197183)(0.084507, 0.43662)(0.183099, 0.380282)(0.193662, 0.126761)(0.306338, -0.0774648)(0.235915, -0.316901)
				 (308, 242)(-0.0246479, -0.18662)(0.0352113, 0.112676)(0.207746, 0.00352113)(0.169014, -0.376761)(-0.0950704, -0.306338)(-0.0387324, -0.028169)(-0.165493, 0.309859)(-0.0528169, 0.161972)(0.0774648, 0.274648)(0.0492958, -0.369718)(-0.193662, -0.34507)(-0.228873, -0.267606)(-0.197183, -0.246479)(-0.0387324, -0.0316901)(-0.056338, -0.0211268)(-0.137324, 0.0352113)(-0.165493, 0.0809859)(-0.21831, 0.330986)(-0.232394, 0.359155)(-0.214789, 0.401408)(-0.144366, 0.419014)(-0.0669014, 0.411972)(0.0669014, 0.264085)(0.0598592, 0.330986)(0.102113, 0.496479)(0.165493, 0.5)(0.267606, -0.0176056)(0.260563, -0.295775)(0.151408, -0.482394)(0.056338, -0.482394)(-0.0915493, -0.309859)(-0.190141, -0.34507)
descriptor[i][.]=(302, 241)(-0.494681, -0.407018)(0.196809, -0.498246)(-0.292553, 0.445614)(0.287234, 0.501754)
				 (302, 241)(-0.326316, -0.407018)(0.129825, -0.498246)(-0.192982, 0.445614)(0.189474, 0.501754)
				 (302, 241)(0.105263, -0.498246)(-0.0210526, -0.322807)(-0.242105, -0.375439)(-0.245614, -0.259649)(-0.00701754, -0.185965)(-0.0947368, 0.0385965)(-0.161404, 0.273684)(-0.157895, 0.445614)(-0.0491228, 0.312281)(0.0631579, 0.164912)(0.0947368, 0.421053)(0.196491, 0.4)(0.203509, 0.150877)(0.308772, -0.0596491)(0.25614, -0.301754)
				 (302, 241)(-0.00701754, -0.189474)(0.045614, 0.133333)(0.217544, 0.00701754)(0.175439, -0.37193)(-0.108772, -0.287719)(-0.0210526, -0.0210526)(-0.161404, 0.347368)(-0.0421053, 0.192982)(0.0631579, -0.361404)(-0.185965, -0.308772)(-0.217544, -0.231579)(-0.0210526, -0.0210526)(-0.147368, 0.0877193)(-0.175439, 0.305263)(-0.207018, 0.438596)(-0.0491228, 0.435088)(-0.0245614, 0.347368)(0.0421053, 0.136842)(0.126316, 0.498246)(0.189474, 0.501754)(0.284211, -0.0210526)(0.291228, -0.252632)(0.192982, -0.364912)(0.178947, -0.403509)(0.105263, -0.498246)(-0.105263, -0.291228)(-0.185965, -0.308772)(-0.249123, -0.389474)
descriptor[i][.]=(295, 241)(-0.497462, -0.34965)(0.192893, -0.5)(-0.279188, 0.468531)(0.304569, 0.493007)
				 (295, 241)(-0.342657, -0.34965)(0.132867, -0.5)(-0.192308, 0.468531)(0.20979, 0.493007)
				 (295, 241)(0.115385, -0.5)(-0.00699301, -0.321678)(-0.237762, -0.328671)(-0.234266, -0.227273)(0, -0.171329)(-0.0734266, 0.0559441)(-0.146853, 0.286713)(-0.167832, 0.465035)(-0.034965, 0.332168)(0.0839161, 0.181818)(0.122378, 0.43007)(0.234266, 0.377622)(0.22028, 0.129371)(0.325175, -0.0769231)(0.262238, -0.311189)
				 (295, 241)(0, -0.181818)(0.0629371, 0.157343)(0.234266, 0.0034965)(0.185315, -0.370629)(-0.0769231, -0.276224)(-0.0104895, 0)(-0.13986, 0.370629)(-0.027972, 0.227273)(0.0734266, -0.356643)(-0.20979, -0.297203)(-0.223776, -0.22028)(-0.0104895, -0.0174825)(-0.041958, 0.020979)(-0.143357, 0.356643)(-0.206294, 0.412587)(-0.20979, 0.454545)(-0.048951, 0.451049)(0.153846, 0.496503)(0.195804, 0.496503)(0.283217, -0.0174825)(0.346154, -0.101399)(0.27972, -0.297203)(0.202797, -0.363636)(0.167832, -0.482517)(0.132867, -0.5)(0.0664336, -0.454545)(0.0734266, -0.356643)(-0.0594406, -0.29021)(-0.202797, -0.297203)(-0.248252, -0.342657)
descriptor[i][.]=(290, 242)(-0.5, -0.309859)(0.219388, -0.496479)(-0.239796, 0.496479)(0.326531, 0.5)
				 (290, 242)(-0.34507, -0.309859)(0.151408, -0.496479)(-0.165493, 0.496479)(0.225352, 0.5)
				 (290, 242)(0.0950704, -0.5)(-0.0176056, -0.309859)(-0.257042, -0.309859)(-0.228873, -0.200704)(0.00352113, -0.165493)(-0.0492958, 0.0633803)(-0.137324, 0.302817)(-0.147887, 0.489437)(-0.0246479, 0.366197)(0.0950704, 0.211268)(0.144366, 0.457746)(0.246479, 0.359155)(0.228873, 0.109155)(0.34507, -0.102113)(0.246479, -0.327465)
				 (290, 242)(0.00352113, -0.176056)(0.0704225, 0.179577)(0.232394, 0.0246479)(0.183099, -0.373239)(-0.0669014, -0.274648)(0.00704225, -0.00352113)(-0.133803, 0.394366)(-0.0140845, 0.285211)(0.0669014, -0.355634)(-0.200704, -0.271127)(-0.221831, -0.197183)(0.00352113, -0.0176056)(-0.0985915, 0.137324)(-0.200704, 0.461268)(-0.165493, 0.496479)(-0.0105634, 0.471831)(-0.0140845, 0.285211)(0.161972, 0.496479)(0.225352, 0.5)(0.299296, -0.264085)(0.207746, -0.362676)(0.190141, -0.40493)(0.165493, -0.485915)(0.0950704, -0.5)(0.0598592, -0.422535)(-0.0669014, -0.274648)(-0.200704, -0.271127)(-0.257042, -0.309859)
descriptor[i][.]=(284, 242)(-0.497436, -0.24735)(0.205128, -0.498233)(-0.230769, 0.501767)(0.379487, 0.498233)
				 (284, 242)(-0.342756, -0.24735)(0.141343, -0.498233)(-0.159011, 0.501767)(0.261484, 0.498233)
				 (284, 242)(0.116608, -0.498233)(0.0106007, -0.314488)(-0.219081, -0.243816)(-0.254417, -0.183746)(-0.0141343, -0.183746)(-0.0106007, 0.0459364)(-0.0989399, 0.279152)(-0.169611, 0.4947)(0, 0.416961)(0.102473, 0.240283)(0.159011, 0.477032)(0.257951, 0.367491)(0.233216, 0.123675)(0.332155, -0.0883392)(0.243816, -0.318021)
				 (284, 242)(0.0106007, -0.144876)(0.0812721, 0.219081)(0.240283, 0.0176678)(0.180212, -0.371025)(-0.0706714, -0.257951)(-0.0176678, -0.187279)(0, 0.374558)(0.0706714, -0.353357)(-0.183746, -0.236749)(-0.339223, -0.219081)(-0.0212014, -0.183746)(0, -0.155477)(-0.169611, 0.480565)(0.0141343, 0.469965)(0, 0.374558)(0.187279, 0.498233)(0.254417, 0.501767)(0.240283, 0.0176678)(0.342756, -0.0954064)(0.279152, -0.289753)(0.190813, -0.367491)(0.180212, -0.45583)(0.14841, -0.4947)(0.0671378, -0.477032)(-0.0706714, -0.257951)(-0.183746, -0.236749)(-0.265018, -0.268551)
descriptor[i][.]=(280, 244)(-0.497326, -0.182143)(0.213904, -0.496429)(-0.224599, 0.5)(0.406417, 0.489286)
				 (280, 244)(-0.332143, -0.182143)(0.142857, -0.496429)(-0.15, 0.5)(0.271429, 0.489286)
				 (280, 244)(0.117857, -0.5)(0.0214286, -0.321429)(-0.192857, -0.210714)(-0.246429, -0.146429)(-0.0107143, -0.171429)(-0.0107143, 0.0607143)(-0.0714286, 0.289286)(-0.153571, 0.496429)(0.0214286, 0.417857)(0.114286, 0.257143)(0.196429, 0.485714)(0.271429, 0.335714)(0.235714, 0.103571)(0.332143, -0.107143)(0.232143, -0.325)
				 (280, 244)(0.0357143, -0.332143)(0.00357143, -0.153571)(0.0928571, 0.228571)(0.242857, -0.0142857)(0.167857, -0.367857)(-0.135714, -0.221429)(0.0214286, 0.378571)(0.0357143, -0.332143)(-0.135714, -0.221429)(-0.282143, -0.217857)(-0.332143, -0.182143)(-0.157143, 0.485714)(0.0178571, 0.478571)(0.0214286, 0.378571)(0.2, 0.496429)(0.264286, 0.492857)(0.335714, -0.15)(0.264286, -0.307143)(0.203571, -0.353571)(0.182143, -0.396429)(0.178571, -0.460714)(0.15, -0.492857)(0.0857143, -0.496429)
descriptor[i][.]=(279, 245)(-0.5, -0.161871)(0.190217, -0.5)(-0.228261, 0.5)(0.418478, 0.496403)
				 (279, 245)(-0.330935, -0.161871)(0.125899, -0.5)(-0.151079, 0.5)(0.276978, 0.496403)
				 (279, 245)(0.0935252, -0.5)(-0.0107914, -0.31295)(-0.226619, -0.179856)(-0.219424, -0.115108)(-0.00719424, -0.140288)(-0.028777, 0.0935252)(-0.0791367, 0.327338)(-0.115108, 0.5)(0.0215827, 0.384892)(0.118705, 0.273381)(0.223022, 0.5)(0.284173, 0.316547)(0.241007, 0.0899281)(0.327338, -0.122302)(0.219424, -0.330935)
				 (279, 245)(-0.00359712, -0.158273)(0.0935252, 0.219424)(0.241007, -0.0179856)(0.165468, -0.374101)(0.028777, -0.327338)(0.0215827, 0.384892)(0.226619, 0.172662)(-0.143885, -0.208633)(-0.327338, -0.136691)(-0.158273, 0.485612)(0.0179856, 0.485612)(0.208633, 0.496403)(0.269784, 0.5)(0.233813, 0.183453)(0.302158, -0.0719424)(0.330935, -0.133094)(0.158273, -0.485612)(0.0467626, -0.467626)(0.028777, -0.327338)(-0.143885, -0.208633)(-0.276978, -0.194245)
descriptor[i][.]=(275, 245)(-0.49711, -0.104317)(0.144509, -0.5)(-0.202312, 0.5)(0.485549, 0.496403)
				 (275, 245)(-0.309353, -0.104317)(0.0899281, -0.5)(-0.125899, 0.5)(0.302158, 0.496403)
				 (275, 245)(0.0755396, -0.5)(-0.00359712, -0.305755)(-0.190647, -0.147482)(-0.226619, -0.0755396)(0, -0.122302)(-0.0323741, 0.104317)(-0.0719424, 0.338129)(-0.0755396, 0.5)(0.0395683, 0.370504)(0.125899, 0.273381)(0.230216, 0.5)(0.280576, 0.330935)(0.241007, 0.0971223)(0.31295, -0.115108)(0.21223, -0.334532)
				 (275, 245)(0.0323741, -0.327338)(0.00359712, -0.115108)(0.0971223, 0.21223)(0.23741, 0.115108)(0.158273, -0.374101)(-0.183453, -0.147482)(-0.0251799, -0.143885)(0.0107914, 0.028777)(-0.0755396, 0.417266)(0.0467626, 0.284173)(0.248201, -0.0431655)(0.0323741, -0.327338)(-0.183453, -0.147482)(-0.258993, -0.143885)(-0.309353, -0.0827338)(-0.028777, -0.140288)(0.0107914, 0.028777)(-0.0863309, 0.366906)(-0.136691, 0.47482)(0.0323741, 0.485612)(0.0467626, 0.284173)(0.215827, 0.485612)(0.294964, 0.5)(0.23741, 0.115108)(0.194245, -0.359712)(0.143885, -0.478417)(0.0899281, -0.5)
descriptor[i][.]=(274, 246)(-0.00598802, -0.315217)(0.107784, -0.5)(-0.221557, 0.5)(0.473054, 0.496377)
				 (274, 246)(-0.00362319, -0.315217)(0.0652174, -0.5)(-0.134058, 0.5)(0.286232, 0.496377)
				 (274, 246)(0.057971, -0.5)(-0.0144928, -0.300725)(-0.199275, -0.112319)(-0.199275, -0.0398551)(0.00362319, -0.076087)(-0.0507246, 0.141304)(-0.0833333, 0.373188)(-0.0652174, 0.496377)(0.0434783, 0.355072)(0.130435, 0.275362)(0.228261, 0.496377)(0.286232, 0.326087)(0.242754, 0.0942029)(0.300725, -0.119565)(0.202899, -0.336957)
				 (274, 246)(0.0289855, -0.336957)(0.00362319, -0.0833333)(0.101449, 0.210145)(0.242754, 0.0833333)(0.148551, -0.376812)(-0.112319, -0.177536)(-0.0253623, -0.123188)(0.0108696, 0.0253623)(-0.076087, 0.423913)(0.0398551, 0.289855)(0.246377, -0.0507246)(-0.112319, -0.177536)(-0.300725, -0.057971)(-0.141304, -0.0543478)(-0.0289855, -0.119565)(0.00362319, -0.0833333)(0.0108696, 0.0253623)(-0.137681, 0.467391)(-0.141304, 0.496377)(0.0289855, 0.485507)(0.057971, 0.413043)(0.0398551, 0.289855)(0.224638, 0.496377)(0.278986, 0.5)(0.300725, 0.40942)(0.242754, 0.0833333)(0.304348, -0.141304)(0.173913, -0.365942)(0.0652174, -0.5)(0.0326087, -0.48913)
descriptor[i][.]=(275, 246)(-0.0121951, -0.414545)(0.146341, -0.498182)(-0.213415, 0.501818)(0.493902, 0.498182)
				 (275, 246)(-0.00727273, -0.414545)(0.0872727, -0.498182)(-0.127273, 0.501818)(0.294545, 0.498182)
				 (275, 246)(0.0436364, -0.498182)(-0.0181818, -0.301818)(-0.174545, -0.109091)(-0.225455, -0.0181818)(-0.0145455, -0.0981818)(-0.0509091, 0.123636)(-0.0836364, 0.352727)(-0.0727273, 0.498182)(0.0327273, 0.36)(0.130909, 0.283636)(0.232727, 0.501818)(0.276364, 0.323636)(0.24, 0.0945455)(0.283636, -0.127273)(0.181818, -0.338182)
				 (275, 246)(0.0181818, -0.334545)(-0.00363636, -0.0872727)(0.0945455, 0.214545)(0.236364, 0.167273)(0.130909, -0.378182)(-0.0436364, -0.109091)(0.0109091, 0.0218182)(-0.0763636, 0.429091)(0.04, 0.283636)(0.236364, -0.0618182)(0.0181818, -0.334545)(-0.290909, -0.0363636)(-0.298182, -0.00363636)(-0.141818, -0.0290909)(-0.0472727, -0.105455)(-0.0909091, 0.2)(-0.145455, 0.476364)(0.0472727, 0.469091)(0.04, 0.283636)(0.218182, 0.498182)(0.287273, 0.501818)(0.24, 0.170909)(0.28, -0.2)(0.170909, -0.36)(0.130909, -0.378182)(0.116364, -0.476364)
descriptor[i][.]=(275, 247)(-0.0122699, -0.481752)(0.134969, -0.5)(-0.233129, 0.5)(0.496933, 0.489051)
				 (275, 247)(-0.00729927, -0.481752)(0.080292, -0.5)(-0.138686, 0.5)(0.29562, 0.489051)
				 (275, 247)(0.0182482, -0.5)(-0.0364964, -0.291971)(-0.186131, -0.0948905)(-0.211679, -0.00729927)(-0.00729927, -0.0839416)(-0.0693431, 0.138686)(-0.0839416, 0.372263)(-0.0620438, 0.489051)(0.040146, 0.350365)(0.131387, 0.284672)(0.229927, 0.5)(0.284672, 0.317518)(0.237226, 0.0839416)(0.277372, -0.138686)(0.164234, -0.354015)
				 (275, 247)(-0.0109489, -0.310219)(-0.00729927, -0.0875912)(0.0948905, 0.211679)(0.233577, 0.149635)(0.120438, -0.383212)(-0.113139, -0.164234)(-0.0474453, -0.105839)(0.00729927, 0.0145985)(-0.0766423, 0.419708)(0.0364964, 0.288321)(0.229927, -0.0693431)(-0.109489, -0.182482)(-0.259124, -0.0656934)(-0.29562, -0.0218978)(-0.135036, -0.0291971)(-0.0510949, -0.0985401)(0.00729927, 0.0145985)(-0.0875912, 0.175182)(-0.145985, 0.485401)(0.0364964, 0.481752)(0.0364964, 0.288321)(0.208029, 0.49635)(0.29927, 0.405109)(0.237226, 0.153285)(0.255474, -0.0912409)(0.251825, -0.244526)(0.156934, -0.368613)(0.120438, -0.383212)(0.10219, -0.485401)(0.0182482, -0.5)
descriptor[i][.]=(273, 246)(-0.00606061, -0.472727)(0.121212, -0.498182)(-0.218182, 0.501818)(0.49697, 0.498182)
				 (273, 246)(-0.00363636, -0.472727)(0.0727273, -0.498182)(-0.130909, 0.501818)(0.298182, 0.498182)
				 (273, 246)(0.0218182, -0.498182)(-0.0327273, -0.287273)(-0.181818, -0.0909091)(-0.218182, -0.0145455)(-0.00727273, -0.0872727)(-0.0545455, 0.141818)(-0.0763636, 0.367273)(-0.0690909, 0.501818)(0.0509091, 0.370909)(0.123636, 0.261818)(0.229091, 0.490909)(0.287273, 0.334545)(0.243636, 0.101818)(0.28, -0.127273)(0.174545, -0.345455)
				 (273, 246)(0.00363636, -0.0654545)(0.101818, 0.210909)(0.24, 0.152727)(0.123636, -0.378182)(0.0109091, -0.334545)(-0.0290909, -0.109091)(0.0109091, 0.0254545)(-0.0654545, 0.425455)(0.0436364, 0.290909)(0.24, -0.0727273)(-0.0327273, -0.105455)(0.00363636, -0.0654545)(0.0109091, 0.0254545)(-0.0727273, 0.163636)(-0.138182, 0.48)(0.0436364, 0.483636)(0.0436364, 0.290909)(0.218182, 0.483636)(0.290909, 0.501818)(0.24, 0.152727)(0.24, -0.0727273)(0.283636, -0.138182)(0.258182, -0.232727)(0.101818, -0.48)(0.0218182, -0.498182)(0.0109091, -0.334545)
descriptor[i][.]=(272, 246)(-0.00595238, -0.425455)(0.107143, -0.498182)(-0.208333, 0.498182)(0.5, 0.490909)
				 (272, 246)(-0.00363636, -0.425455)(0.0654545, -0.498182)(-0.127273, 0.498182)(0.305455, 0.490909)
				 (272, 246)(0.0254545, -0.498182)(-0.0327273, -0.290909)(-0.2, -0.0981818)(-0.207273, -0.0290909)(0, -0.0654545)(-0.0581818, 0.156364)(-0.0763636, 0.385455)(-0.0436364, 0.494545)(0.0472727, 0.352727)(0.134545, 0.290909)(0.225455, 0.501818)(0.294545, 0.334545)(0.247273, 0.101818)(0.28, -0.127273)(0.178182, -0.345455)
				 (272, 246)(0, -0.312727)(0, -0.08)(0.105455, 0.210909)(0.127273, -0.378182)(-0.16, -0.123636)(-0.0327273, -0.109091)(0.0145455, 0.0254545)(-0.0654545, 0.429091)(0.0509091, 0.283636)(0.2, 0.4)(0, -0.312727)(-0.16, -0.123636)(-0.247273, -0.0909091)(-0.305455, -0.0436364)(-0.163636, -0.0327273)(-0.0327273, -0.109091)(0, -0.08)(0.0145455, 0.0254545)(-0.0763636, 0.178182)(-0.0763636, 0.392727)(-0.130909, 0.476364)(0.0509091, 0.487273)(0.0509091, 0.283636)(0.134545, 0.294545)(0.2, 0.4)(0.214545, 0.498182)(0.298182, 0.494545)(0.261818, -0.232727)(0.214545, -0.32)(0.163636, -0.363636)(0.127273, -0.378182)(0.101818, -0.48)(0.0254545, -0.498182)
descriptor[i][.]=(270, 247)(-0.49711, -0.0583942)(0.156069, -0.5)(-0.190751, 0.5)(0.50289, 0.49635)
				 (270, 247)(-0.313869, -0.0583942)(0.0985401, -0.5)(-0.120438, 0.5)(0.317518, 0.49635)
				 (270, 247)(0.0437956, -0.5)(-0.0255474, -0.291971)(-0.20438, -0.113139)(-0.222628, -0.0474453)(0, -0.0948905)(-0.040146, 0.135036)(-0.0656934, 0.368613)(-0.0583942, 0.5)(0.0583942, 0.368613)(0.145985, 0.259124)(0.237226, 0.492701)(0.310219, 0.339416)(0.259124, 0.10219)(0.288321, -0.124088)(0.193431, -0.343066)
				 (270, 247)(0.00729927, -0.317518)(0.00729927, -0.0839416)(0.113139, 0.20438)(0.135036, -0.386861)(-0.178832, -0.120438)(-0.0255474, -0.120438)(0.0218978, 0.0218978)(-0.0510949, 0.427007)(0.0583942, 0.281022)(0.00729927, -0.317518)(-0.0218978, -0.29927)(-0.178832, -0.120438)(-0.259124, -0.113139)(-0.313869, -0.0583942)(-0.0985401, -0.0766423)(-0.0291971, -0.116788)(0.00729927, -0.0839416)(0.0218978, 0.0218978)(-0.127737, 0.481752)(0.0547445, 0.485401)(0.0583942, 0.281022)(0.237226, 0.492701)(0.310219, 0.5)(0.270073, -0.244526)(0.178832, -0.368613)(0.135036, -0.434307)(0.113139, -0.489051)
