taichiDescr8.dat
size1 40
size3 41
beh_type.id 18
sizes[]=46 47 46 40 41 51 47 50 51 47 52 45 46 52 51 52 53 55 52 53 57 58 59 56 59 54 57 52 56 50 53 49 49 52 60 54 47 45 41 39 
thresholds[]=0.16 0.16 0.16 0.16 0.16 0.16 0.16 0.16 0.16 0.16 0.16 0.16 0.16 0.16 0.16 0.16 0.16 0.16 0.16 0.16 0.16 0.16 0.16 0.16 0.16 0.16 0.16 0.16 0.16 0.16 0.16 0.16 0.16 0.16 0.16 0.16 0.16 0.16 0.16 0.16 
map[0][.]=0 1 0 0 0 0 0 0 0 0 0 0 0 0 0 0 0 0 0 0 0 0 0 0 0 0 0 0 0 0 0 0 0 0 0 0 0 0 0 0 0 
map[1][.]=0 0 1 0 0 0 0 0 0 0 0 0 0 0 0 0 0 0 0 0 0 0 0 0 0 0 0 0 0 0 0 0 0 0 0 0 0 0 0 0 0 
map[2][.]=0 0 0 1 0 0 0 0 0 0 0 0 0 0 0 0 0 0 0 0 0 0 0 0 0 0 0 0 0 0 0 0 0 0 0 0 0 0 0 0 0 
map[3][.]=0 0 0 0 1 0 0 0 0 0 0 0 0 0 0 0 0 0 0 0 0 0 0 0 0 0 0 0 0 0 0 0 0 0 0 0 0 0 0 0 0 
map[4][.]=0 0 0 0 0 1 0 0 0 0 0 0 0 0 0 0 0 0 0 0 0 0 0 0 0 0 0 0 0 0 0 0 0 0 0 0 0 0 0 0 0 
map[5][.]=0 0 0 0 0 0 1 0 0 0 0 0 0 0 0 0 0 0 0 0 0 0 0 0 0 0 0 0 0 0 0 0 0 0 0 0 0 0 0 0 0 
map[6][.]=0 0 0 0 0 0 0 1 0 0 0 0 0 0 0 0 0 0 0 0 0 0 0 0 0 0 0 0 0 0 0 0 0 0 0 0 0 0 0 0 0 
map[7][.]=0 0 0 0 0 0 0 0 1 0 0 0 0 0 0 0 0 0 0 0 0 0 0 0 0 0 0 0 0 0 0 0 0 0 0 0 0 0 0 0 0 
map[8][.]=0 0 0 0 0 0 0 0 0 1 0 0 0 0 0 0 0 0 0 0 0 0 0 0 0 0 0 0 0 0 0 0 0 0 0 0 0 0 0 0 0 
map[9][.]=0 0 0 0 0 0 0 0 0 0 1 0 0 0 0 0 0 0 0 0 0 0 0 0 0 0 0 0 0 0 0 0 0 0 0 0 0 0 0 0 0 
map[10][.]=0 0 0 0 0 0 0 0 0 0 0 1 0 0 0 0 0 0 0 0 0 0 0 0 0 0 0 0 0 0 0 0 0 0 0 0 0 0 0 0 0 
map[11][.]=0 0 0 0 0 0 0 0 0 0 0 0 1 0 0 0 0 0 0 0 0 0 0 0 0 0 0 0 0 0 0 0 0 0 0 0 0 0 0 0 0 
map[12][.]=0 0 0 0 0 0 0 0 0 0 0 0 0 1 0 0 0 0 0 0 0 0 0 0 0 0 0 0 0 0 0 0 0 0 0 0 0 0 0 0 0 
map[13][.]=0 0 0 0 0 0 0 0 0 0 0 0 0 0 1 0 0 0 0 0 0 0 0 0 0 0 0 0 0 0 0 0 0 0 0 0 0 0 0 0 0 
map[14][.]=0 0 0 0 0 0 0 0 0 0 0 0 0 0 0 1 0 0 0 0 0 0 0 0 0 0 0 0 0 0 0 0 0 0 0 0 0 0 0 0 0 
map[15][.]=0 0 0 0 0 0 0 0 0 0 0 0 0 0 0 0 1 0 0 0 0 0 0 0 0 0 0 0 0 0 0 0 0 0 0 0 0 0 0 0 0 
map[16][.]=0 0 0 0 0 0 0 0 0 0 0 0 0 0 0 0 0 1 0 0 0 0 0 0 0 0 0 0 0 0 0 0 0 0 0 0 0 0 0 0 0 
map[17][.]=0 0 0 0 0 0 0 0 0 0 0 0 0 0 0 0 0 0 1 0 0 0 0 0 0 0 0 0 0 0 0 0 0 0 0 0 0 0 0 0 0 
map[18][.]=0 0 0 0 0 0 0 0 0 0 0 0 0 0 0 0 0 0 0 1 0 0 0 0 0 0 0 0 0 0 0 0 0 0 0 0 0 0 0 0 0 
map[19][.]=0 0 0 0 0 0 0 0 0 0 0 0 0 0 0 0 0 0 0 0 1 0 0 0 0 0 0 0 0 0 0 0 0 0 0 0 0 0 0 0 0 
map[20][.]=0 0 0 0 0 0 0 0 0 0 0 0 0 0 0 0 0 0 0 0 0 1 0 0 0 0 0 0 0 0 0 0 0 0 0 0 0 0 0 0 0 
map[21][.]=0 0 0 0 0 0 0 0 0 0 0 0 0 0 0 0 0 0 0 0 0 0 1 0 0 0 0 0 0 0 0 0 0 0 0 0 0 0 0 0 0 
map[22][.]=0 0 0 0 0 0 0 0 0 0 0 0 0 0 0 0 0 0 0 0 0 0 0 1 0 0 0 0 0 0 0 0 0 0 0 0 0 0 0 0 0 
map[23][.]=0 0 0 0 0 0 0 0 0 0 0 0 0 0 0 0 0 0 0 0 0 0 0 0 1 0 0 0 0 0 0 0 0 0 0 0 0 0 0 0 0 
map[24][.]=0 0 0 0 0 0 0 0 0 0 0 0 0 0 0 0 0 0 0 0 0 0 0 0 0 1 0 0 0 0 0 0 0 0 0 0 0 0 0 0 0 
map[25][.]=0 0 0 0 0 0 0 0 0 0 0 0 0 0 0 0 0 0 0 0 0 0 0 0 0 0 1 0 0 0 0 0 0 0 0 0 0 0 0 0 0 
map[26][.]=0 0 0 0 0 0 0 0 0 0 0 0 0 0 0 0 0 0 0 0 0 0 0 0 0 0 0 1 0 0 0 0 0 0 0 0 0 0 0 0 0 
map[27][.]=0 0 0 0 0 0 0 0 0 0 0 0 0 0 0 0 0 0 0 0 0 0 0 0 0 0 0 0 1 0 0 0 0 0 0 0 0 0 0 0 0 
map[28][.]=0 0 0 0 0 0 0 0 0 0 0 0 0 0 0 0 0 0 0 0 0 0 0 0 0 0 0 0 0 1 0 0 0 0 0 0 0 0 0 0 0 
map[29][.]=0 0 0 0 0 0 0 0 0 0 0 0 0 0 0 0 0 0 0 0 0 0 0 0 0 0 0 0 0 0 1 0 0 0 0 0 0 0 0 0 0 
map[30][.]=0 0 0 0 0 0 0 0 0 0 0 0 0 0 0 0 0 0 0 0 0 0 0 0 0 0 0 0 0 0 0 1 0 0 0 0 0 0 0 0 0 
map[31][.]=0 0 0 0 0 0 0 0 0 0 0 0 0 0 0 0 0 0 0 0 0 0 0 0 0 0 0 0 0 0 0 0 1 0 0 0 0 0 0 0 0 
map[32][.]=0 0 0 0 0 0 0 0 0 0 0 0 0 0 0 0 0 0 0 0 0 0 0 0 0 0 0 0 0 0 0 0 0 1 0 0 0 0 0 0 0 
map[33][.]=0 0 0 0 0 0 0 0 0 0 0 0 0 0 0 0 0 0 0 0 0 0 0 0 0 0 0 0 0 0 0 0 0 0 1 0 0 0 0 0 0 
map[34][.]=0 0 0 0 0 0 0 0 0 0 0 0 0 0 0 0 0 0 0 0 0 0 0 0 0 0 0 0 0 0 0 0 0 0 0 1 0 0 0 0 0 
map[35][.]=0 0 0 0 0 0 0 0 0 0 0 0 0 0 0 0 0 0 0 0 0 0 0 0 0 0 0 0 0 0 0 0 0 0 0 0 1 0 0 0 0 
map[36][.]=0 0 0 0 0 0 0 0 0 0 0 0 0 0 0 0 0 0 0 0 0 0 0 0 0 0 0 0 0 0 0 0 0 0 0 0 0 1 0 0 0 
map[37][.]=0 0 0 0 0 0 0 0 0 0 0 0 0 0 0 0 0 0 0 0 0 0 0 0 0 0 0 0 0 0 0 0 0 0 0 0 0 0 1 0 0 
map[38][.]=0 0 0 0 0 0 0 0 0 0 0 0 0 0 0 0 0 0 0 0 0 0 0 0 0 0 0 0 0 0 0 0 0 0 0 0 0 0 0 1 0 
map[39][.]=0 0 0 0 0 0 0 0 0 0 0 0 0 0 0 0 0 0 0 0 0 0 0 0 0 0 0 0 0 0 0 0 0 0 0 0 0 0 0 0 1 
map[40][.]=0 0 0 0 0 0 0 0 0 0 0 0 0 0 0 0 0 0 0 0 0 0 0 0 0 0 0 0 0 0 0 0 0 0 0 0 0 0 0 0 0 
isLast[.]=false false false false false false false false false false false false false false false false false false false false false false false false false false false false false false false false false false false false false false false false true 
descriptor[i][.]=(353, 265)(-0.0538462, -0.458065)(0.0769231, -0.5)(-0.484615, 0.474194)(0.215385, 0.5)
				 (353, 265)(-0.0225806, -0.458065)(0.0322581, -0.5)(-0.203226, 0.474194)(0.0903226, 0.5)
				 (353, 265)(0.0193548, -0.5)(-0.0322581, -0.329032)(-0.132258, -0.151613)(-0.119355, 0.0580645)(-0.16129, 0.258065)(-0.209677, 0.458065)(-0.0612903, 0.383871)(-0.0483871, 0.174194)(0.016129, 0.216129)(0.0225806, 0.429032)(0.0967742, 0.458065)(0.116129, 0.248387)(0.148387, 0.0387097)(0.206452, -0.158065)(0.125806, -0.341935)
				 (353, 265)(0.00322581, 0.1)(0.103226, -0.348387)(0, -0.351613)(-0.0645161, 0.212903)(-0.132258, 0.474194)(-0.106452, 0.458065)(-0.0709677, 0.425806)(-0.0516129, 0.332258)(-0.0645161, 0.212903)(0.00645161, 0.496774)(0.0903226, 0.5)(0.209677, -0.190323)(0.174194, -0.309677)(0.145161, -0.33871)(0.109677, -0.387097)(0.0935484, -0.448387)(0.0741935, -0.483871)(0.0322581, -0.5)(-0.0322581, -0.425806)
descriptor[i][.]=(344, 266)(-0.00649351, -0.469055)(0.11039, -0.498371)(-0.5, 0.472313)(0.266234, 0.498371)
				 (344, 266)(-0.00325733, -0.469055)(0.0553746, -0.498371)(-0.250814, 0.472313)(0.13355, 0.498371)
				 (344, 266)(0.0358306, -0.498371)(-0.019544, -0.32899)(-0.0944625, -0.14658)(-0.107492, 0.0618893)(-0.169381, 0.273616)(-0.250814, 0.472313)(-0.0879479, 0.368078)(-0.029316, 0.153094)(0.0521173, 0.201954)(0.0521173, 0.416938)(0.123779, 0.459283)(0.14658, 0.250814)(0.179153, 0.0390879)(0.247557, -0.162866)(0.149837, -0.351792)
				 (344, 266)(-0.0651466, -0.019544)(0.029316, 0.0846906)(0.13355, -0.358306)(0.0228013, -0.358306)(-0.0618893, 0.218241)(-0.0651466, -0.019544)(-0.247557, 0.452769)(-0.14658, 0.459283)(-0.114007, 0.439739)(-0.0586319, 0.286645)(-0.0618893, 0.218241)(0.0488599, 0.498371)(0.120521, 0.501629)(0.205212, -0.315961)(0.172638, -0.345277)(0.123779, -0.452769)(0.0977199, -0.488599)(0.0358306, -0.498371)(0, -0.47557)(0, -0.390879)
descriptor[i][.]=(340, 266)(-0.0496894, -0.321429)(0.111801, -0.5)(-0.440994, 0.487013)(0.279503, 0.5)
				 (340, 266)(-0.025974, -0.321429)(0.0584416, -0.5)(-0.230519, 0.487013)(0.146104, 0.5)
				 (340, 266)(0.0519481, -0.5)(-0.012987, -0.324675)(-0.0811688, -0.149351)(-0.100649, 0.0616883)(-0.178571, 0.275974)(-0.25, 0.470779)(-0.100649, 0.366883)(-0.025974, 0.162338)(0.0616883, 0.191558)(0.0616883, 0.399351)(0.142857, 0.480519)(0.159091, 0.272727)(0.191558, 0.0551948)(0.25974, -0.146104)(0.181818, -0.347403)
				 (340, 266)(-0.0519481, -0.0454545)(0.0422078, 0.0811688)(0.142857, -0.36039)(0.0324675, -0.353896)(-0.0616883, 0.217532)(-0.0519481, -0.0454545)(-0.25974, 0.454545)(-0.237013, 0.483766)(-0.162338, 0.457792)(-0.0584416, 0.256494)(-0.0616883, 0.217532)(0.0519481, 0.493506)(0.146104, 0.5)(0.204545, -0.327922)(0.181818, -0.347403)(0.11039, -0.480519)(0.0584416, -0.5)(0.00649351, -0.38961)(-0.0422078, -0.311688)
descriptor[i][.]=(335, 265)(-0.156977, -0.28479)(0.180233, -0.498382)(-0.494186, 0.472492)(0.284884, 0.501618)
				 (335, 265)(-0.0873786, -0.28479)(0.100324, -0.498382)(-0.275081, 0.472492)(0.158576, 0.501618)
				 (335, 265)(0.0744337, -0.498382)(-0.0453074, -0.326861)(-0.0647249, -0.132686)(-0.0906149, 0.0679612)(-0.194175, 0.271845)(-0.275081, 0.472492)(-0.119741, 0.352751)(-0.012945, 0.161812)(0.0776699, 0.171521)(0.0809061, 0.385113)(0.158576, 0.478964)(0.174757, 0.265372)(0.20712, 0.0517799)(0.278317, -0.148867)(0.190939, -0.346278)
				 (335, 265)(0.0550162, 0.0744337)(0.148867, -0.359223)(-0.0323625, -0.0453074)(-0.139159, 0.414239)(0.0776699, 0.488673)(0.158576, 0.501618)(0.278317, -0.135922)(0.220065, -0.323625)(0.148867, -0.359223)(0.106796, -0.495146)(0.0323625, -0.485437)(-0.106796, -0.23301)(-0.0323625, -0.0453074)
descriptor[i][.]=(333, 265)(-0.0751445, -0.423948)(0.144509, -0.498382)(-0.485549, 0.466019)(0.300578, 0.501618)
				 (333, 265)(-0.0420712, -0.423948)(0.0809061, -0.498382)(-0.271845, 0.466019)(0.168285, 0.501618)
				 (333, 265)(0.0679612, -0.498382)(-0.0744337, -0.33657)(-0.0614887, -0.139159)(-0.0841424, 0.0647249)(-0.187702, 0.268608)(-0.278317, 0.459547)(-0.12945, 0.343042)(-0.00647249, 0.152104)(0.0841424, 0.197411)(0.0841424, 0.411003)(0.165049, 0.482201)(0.18123, 0.268608)(0.20712, 0.0517799)(0.281553, -0.152104)(0.187702, -0.349515)
				 (333, 265)(-0.0291262, -0.0582524)(0.0582524, 0.0809061)(0.145631, -0.355987)(-0.0291262, -0.0582524)(-0.271845, 0.411003)(-0.278317, 0.459547)(-0.252427, 0.475728)(-0.142395, 0.401294)(0.0711974, 0.498382)(0.168285, 0.501618)(0.197411, -0.346278)(0.106796, -0.488673)(0.0809061, -0.498382)(-0.0420712, -0.423948)
descriptor[i][.]=(331, 265)(-0.103448, -0.445161)(0.126437, -0.5)(-0.482759, 0.46129)(0.304598, 0.5)
				 (331, 265)(-0.0580645, -0.445161)(0.0709677, -0.5)(-0.270968, 0.46129)(0.170968, 0.5)
				 (331, 265)(0.0645161, -0.5)(0.00967742, -0.319355)(-0.083871, -0.432258)(-0.109677, -0.203226)(-0.0548387, 0.0193548)(-0.167742, 0.235484)(-0.280645, 0.448387)(-0.109677, 0.319355)(0.0354839, 0.106452)(0.0935484, 0.264516)(0.0774194, 0.496774)(0.180645, 0.358065)(0.187097, 0.122581)(0.277419, -0.106452)(0.206452, -0.335484)
				 (331, 265)(0.0645161, 0.0741935)(0.148387, -0.354839)(0.0322581, -0.325806)(-0.0290323, -0.0322581)(-0.0451613, -0.312903)(-0.0774194, -0.180645)(-0.251613, 0.470968)(-0.206452, 0.451613)(-0.164516, 0.416129)(0.0774194, 0.496774)(0.170968, 0.5)(0.206452, -0.33871)(0.135484, -0.448387)(0.119355, -0.474194)(0.0709677, -0.5)(0.0225806, -0.490323)(0.00645161, -0.425806)(0.0322581, -0.325806)(-0.0225806, -0.393548)(-0.0322581, -0.441935)(-0.0580645, -0.445161)(-0.125806, -0.225806)(-0.0774194, -0.180645)(-0.0290323, -0.0322581)
descriptor[i][.]=(329, 265)(-0.260355, -0.46129)(0.147929, -0.5)(-0.473373, 0.467742)(0.313609, 0.5)
				 (329, 265)(-0.141935, -0.46129)(0.0806452, -0.5)(-0.258065, 0.467742)(0.170968, 0.5)
				 (329, 265)(0.0451613, -0.5)(-0.0129032, -0.316129)(-0.106452, -0.441935)(-0.16129, -0.274194)(-0.0258065, -0.0645161)(-0.129032, 0.167742)(-0.23871, 0.393548)(-0.13871, 0.377419)(-0.0129032, 0.164516)(0.0935484, 0.232258)(0.0935484, 0.474194)(0.187097, 0.370968)(0.187097, 0.129032)(0.274194, -0.109677)(0.187097, -0.33871)
				 (329, 265)(-0.0258065, -0.0612903)(0.0580645, 0.0903226)(0.135484, -0.351613)(-0.0870968, -0.283871)(0.0290323, -0.329032)(-0.151613, -0.229032)(-0.0258065, -0.0612903)(-0.270968, 0.451613)(-0.229032, 0.470968)(0.083871, 0.496774)(0.170968, 0.5)(0.190323, -0.33871)(0.13871, -0.387097)(0.0967742, -0.487097)(0.0451613, -0.5)(0.0129032, -0.474194)(-0.00645161, -0.319355)(-0.083871, -0.287097)(-0.106452, -0.448387)(-0.164516, -0.451613)
descriptor[i][.]=(328, 265)(-0.368098, -0.454839)(0.128834, -0.5)(-0.484663, 0.470968)(0.343558, 0.5)
				 (328, 265)(-0.193548, -0.454839)(0.0677419, -0.5)(-0.254839, 0.470968)(0.180645, 0.5)
				 (328, 265)(0.0354839, -0.5)(-0.0419355, -0.306452)(-0.164516, -0.451613)(-0.174194, -0.251613)(-0.0322581, -0.0419355)(-0.129032, 0.174194)(-0.23871, 0.403226)(-0.135484, 0.367742)(0.00967742, 0.145161)(0.0935484, 0.254839)(0.0935484, 0.487097)(0.187097, 0.354839)(0.193548, 0.112903)(0.26129, -0.122581)(0.174194, -0.345161)
				 (328, 265)(-0.0322581, -0.0258065)(0.0612903, 0.0870968)(0.135484, -0.351613)(-0.0903226, -0.283871)(-0.0354839, -0.083871)(0.0193548, -0.341935)(-0.135484, -0.312903)(-0.164516, -0.222581)(-0.0354839, -0.083871)(-0.0322581, -0.0258065)(-0.26129, 0.458065)(-0.2, 0.467742)(0.1, 0.496774)(0.180645, 0.5)(0.264516, -0.106452)(0.222581, -0.312903)(0.13871, -0.377419)(0.0741935, -0.496774)(0.0354839, -0.5)(-0.00322581, -0.412903)(-0.0870968, -0.287097)(-0.158065, -0.445161)(-0.193548, -0.454839)
descriptor[i][.]=(317, 265)(-0.447059, -0.425806)(0.147059, -0.5)(-0.382353, 0.474194)(0.364706, 0.5)
				 (317, 265)(-0.245161, -0.425806)(0.0806452, -0.5)(-0.209677, 0.474194)(0.2, 0.5)
				 (317, 265)(0.0612903, -0.5)(-0.0129032, -0.309677)(-0.193548, -0.383871)(-0.2, -0.280645)(-0.0225806, -0.0806452)(-0.0774194, 0.154839)(-0.180645, 0.390323)(-0.0806452, 0.4)(0.0193548, 0.174194)(0.122581, 0.219355)(0.13871, 0.464516)(0.219355, 0.383871)(0.216129, 0.141935)(0.274194, -0.1)(0.216129, -0.329032)
				 (317, 265)(-0.00967742, -0.0419355)(0.0935484, 0.0870968)(0.154839, -0.358065)(-0.083871, -0.280645)(0.0354839, -0.332258)(-0.145161, -0.287097)(-0.0129032, -0.0451613)(-0.216129, 0.454839)(-0.154839, 0.474194)(0.122581, 0.496774)(0.235484, -0.316129)(0.206452, -0.341935)(0.154839, -0.396774)(0.135484, -0.448387)(0.119355, -0.477419)(0.0935484, -0.493548)(0.0612903, -0.5)(0.0290323, -0.467742)(0.0354839, -0.332258)(-0.0419355, -0.306452)(-0.0806452, -0.283871)(-0.145161, -0.287097)(-0.206452, -0.419355)(-0.23871, -0.429032)
descriptor[i][.]=(311, 266)(-0.494382, -0.405844)(0.185393, -0.5)(-0.325843, 0.474026)(0.410112, 0.5)
				 (311, 266)(-0.285714, -0.405844)(0.107143, -0.5)(-0.188312, 0.474026)(0.237013, 0.5)
				 (311, 266)(0.103896, -0.5)(0.0227273, -0.324675)(-0.198052, -0.344156)(-0.224026, -0.295455)(-0.0357143, -0.107143)(-0.0487013, 0.12987)(-0.13961, 0.37013)(-0.0681818, 0.428571)(0.0292208, 0.198052)(0.136364, 0.194805)(0.162338, 0.435065)(0.230519, 0.415584)(0.230519, 0.168831)(0.272727, -0.0746753)(0.24026, -0.318182)
				 (311, 266)(0, -0.0422078)(0.11039, 0.0811688)(0.159091, -0.357143)(-0.11039, -0.275974)(0.0487013, -0.337662)(-0.194805, -0.334416)(-0.00324675, -0.0454545)(-0.194805, 0.464286)(-0.126623, 0.474026)(0.142857, 0.496753)(0.237013, 0.5)(0.24026, -0.321429)(0.207792, -0.347403)(0.113636, -0.496753)(0.0681818, -0.496753)(0.025974, -0.467532)(0.0487013, -0.337662)(-0.107143, -0.279221)(-0.194805, -0.334416)(-0.233766, -0.405844)
descriptor[i][.]=(299, 265)(-0.489796, -0.358065)(0.168367, -0.5)(-0.234694, 0.474194)(0.433673, 0.496774)
				 (299, 265)(-0.309677, -0.358065)(0.106452, -0.5)(-0.148387, 0.474194)(0.274194, 0.496774)
				 (299, 265)(0.0967742, -0.5)(0.00645161, -0.306452)(-0.235484, -0.316129)(-0.203226, -0.235484)(-0.00322581, -0.0774194)(-0.0225806, 0.164516)(-0.1, 0.403226)(-0.00322581, 0.432258)(0.0741935, 0.187097)(0.170968, 0.216129)(0.193548, 0.46129)(0.277419, 0.387097)(0.26129, 0.141935)(0.287097, -0.106452)(0.245161, -0.322581)
				 (299, 265)(0.0225806, -0.0193548)(0.135484, 0.0903226)(0.177419, -0.348387)(-0.0516129, -0.277419)(-0.0935484, -0.183871)(0.0548387, -0.332258)(-0.145161, -0.264516)(-0.303226, -0.306452)(-0.193548, -0.225806)(-0.112903, -0.187097)(0.0193548, -0.0225806)(-0.154839, 0.46129)(-0.016129, 0.445161)(0.180645, 0.496774)(0.267742, 0.5)(0.316129, -0.235484)(0.235484, -0.332258)(0.177419, -0.348387)(0.145161, -0.474194)(0.106452, -0.5)(0.0806452, -0.493548)(0.0483871, -0.470968)(-0.0516129, -0.277419)(-0.145161, -0.264516)(-0.277419, -0.358065)
descriptor[i][.]=(295, 265)(-0.5, -0.316129)(0.108911, -0.5)(-0.227723, 0.474194)(0.440594, 0.496774)
				 (295, 265)(-0.325806, -0.316129)(0.0709677, -0.5)(-0.148387, 0.474194)(0.287097, 0.496774)
				 (295, 265)(0.0645161, -0.5)(-0.0129032, -0.3)(-0.251613, -0.296774)(-0.190323, -0.216129)(0.00967742, -0.0548387)(-0.0225806, 0.193548)(-0.0967742, 0.432258)(0.00645161, 0.425806)(0.083871, 0.183871)(0.174194, 0.225806)(0.206452, 0.470968)(0.290323, 0.348387)(0.267742, 0.1)(0.283871, -0.148387)(0.219355, -0.335484)
				 (295, 265)(0.0258065, -0.016129)(0.141935, 0.0870968)(0.174194, -0.348387)(0.0290323, -0.309677)(-0.0935484, -0.180645)(-0.164516, -0.254839)(-0.306452, -0.267742)(-0.112903, -0.183871)(0.0225806, -0.0193548)(-0.154839, 0.46129)(-0.016129, 0.458065)(0.206452, 0.487097)(0.280645, 0.5)(0.129032, -0.483871)(0.0709677, -0.5)(0.0290323, -0.309677)(-0.164516, -0.254839)(-0.283871, -0.316129)
descriptor[i][.]=(291, 266)(-0.5, -0.275974)(0.139423, -0.5)(-0.182692, 0.474026)(0.466346, 0.496753)
				 (291, 266)(-0.337662, -0.275974)(0.0941558, -0.5)(-0.123377, 0.474026)(0.314935, 0.496753)
				 (291, 266)(0.0844156, -0.5)(0.00324675, -0.311688)(-0.243506, -0.262987)(-0.194805, -0.211039)(0.00649351, -0.0584416)(-0.012987, 0.181818)(-0.0779221, 0.428571)(0.0194805, 0.412338)(0.100649, 0.168831)(0.201299, 0.253247)(0.214286, 0.5)(0.305195, 0.350649)(0.275974, 0.103896)(0.282468, -0.146104)(0.237013, -0.334416)
				 (291, 266)(0.0324675, -0.0194805)(0.146104, 0.0974026)(0.168831, -0.350649)(0.038961, -0.318182)(-0.0974026, -0.185065)(-0.155844, -0.25)(-0.136364, -0.191558)(-0.103896, -0.185065)(-0.12987, 0.461039)(0, 0.454545)(0.207792, 0.496753)(0.308442, 0.5)(0.337662, -0.24026)(0.233766, -0.337662)(0.116883, -0.49026)(0.0941558, -0.5)(0.0324675, -0.428571)(0.038961, -0.318182)(-0.152597, -0.253247)
descriptor[i][.]=(286, 266)(-0.5, -0.207792)(0.154206, -0.5)(-0.154206, 0.474026)(0.46729, 0.493506)
				 (286, 266)(-0.347403, -0.207792)(0.107143, -0.5)(-0.107143, 0.474026)(0.324675, 0.493506)
				 (286, 266)(0.0941558, -0.5)(0.00324675, -0.311688)(-0.24026, -0.211039)(-0.211039, -0.175325)(0.00974026, -0.0519481)(-0.012987, 0.204545)(-0.0844156, 0.448052)(0.038961, 0.399351)(0.107143, 0.149351)(0.211039, 0.266234)(0.246753, 0.5)(0.314935, 0.314935)(0.279221, 0.0681818)(0.305195, -0.178571)(0.230519, -0.314935)
				 (286, 266)(0.0292208, -0.321429)(0.0292208, -0.00974026)(0.146104, 0.0876623)(0.256494, -0.12987)(0.159091, -0.347403)(-0.162338, -0.227273)(-0.107143, -0.175325)(-0.0422078, 0.38961)(0.266234, -0.243506)(0.0292208, -0.321429)(-0.162338, -0.227273)(-0.347403, -0.207792)(-0.272727, -0.172078)(0.025974, -0.012987)(-0.0454545, 0.366883)(-0.113636, 0.461039)(0.025974, 0.474026)(0.224026, 0.496753)(0.311688, 0.5)(0.344156, -0.211039)(0.347403, -0.25)(0.311688, -0.266234)(0.227273, -0.327922)(0.113636, -0.496753)(0.0681818, -0.496753)
descriptor[i][.]=(287, 266)(-0.495192, -0.175325)(0.105769, -0.5)(-0.163462, 0.474026)(0.475962, 0.493506)
				 (287, 266)(-0.334416, -0.175325)(0.0714286, -0.5)(-0.11039, 0.474026)(0.321429, 0.493506)
				 (287, 266)(0.0649351, -0.5)(-0.0227273, -0.305195)(-0.269481, -0.188312)(-0.168831, -0.168831)(0.012987, 0.00324675)(-0.0292208, 0.246753)(-0.113636, 0.470779)(0.0487013, 0.353896)(0.113636, 0.103896)(0.217532, 0.298701)(0.285714, 0.5)(0.308442, 0.275974)(0.269481, 0.025974)(0.314935, -0.194805)(0.214286, -0.314935)
				 (287, 266)(0.0162338, -0.012987)(0.13961, 0.0844156)(0.24026, -0.12987)(0.253247, -0.230519)(0.0194805, -0.324675)(-0.126623, -0.165584)(-0.0422078, 0.386364)(0.13961, -0.347403)(0.0162338, -0.012987)(-0.0454545, 0.344156)(-0.0422078, 0.386364)(-0.116883, 0.464286)(0.00974026, 0.474026)(0.0292208, 0.457792)(0.233766, 0.496753)(0.308442, 0.5)(0.327922, -0.204545)(0.334416, -0.256494)(0.220779, -0.308442)(0.126623, -0.451299)(0.0876623, -0.49026)(0.0454545, -0.493506)(0, -0.396104)(0.0194805, -0.324675)
descriptor[i][.]=(285, 268)(-0.0097561, -0.476974)(0.0780488, -0.5)(-0.156098, 0.473684)(0.502439, 0.496711)
				 (285, 268)(-0.00657895, -0.476974)(0.0526316, -0.5)(-0.105263, 0.473684)(0.338816, 0.496711)
				 (285, 268)(0.0526316, -0.5)(-0.0230263, -0.322368)(-0.243421, -0.157895)(-0.180921, -0.134868)(0.00657895, 0.0164474)(-0.0394737, 0.269737)(-0.0822368, 0.473684)(0.0592105, 0.328947)(0.134868, 0.0855263)(0.226974, 0.332237)(0.305921, 0.5)(0.315789, 0.276316)(0.266447, 0.0230263)(0.302632, -0.197368)(0.200658, -0.3125)
				 (285, 268)(0.00328947, -0.332237)(0.00986842, 0.00328947)(0.134868, 0.0855263)(0.226974, -0.125)(0.236842, -0.223684)(-0.144737, -0.151316)(-0.0427632, 0.407895)(0.0592105, 0.220395)(0.256579, 0.407895)(0.118421, -0.355263)(-0.335526, -0.111842)(-0.111842, 0.463816)(0.0164474, 0.473684)(0.0361842, 0.457237)(0.0625, 0.325658)(0.0592105, 0.220395)(0.253289, 0.404605)(0.230263, 0.486842)(0.332237, 0.5)(0.230263, -0.121711)(0.328947, -0.210526)(0.3125, -0.263158)(0.161184, -0.345395)(0.0592105, -0.496711)(0.0296053, -0.496711)
descriptor[i][.]=(290, 268)(-0.00985222, -0.5)(0, -0.5)(-0.172414, 0.473684)(0.46798, 0.496711)
				 (290, 268)(-0.00657895, -0.5)(0, -0.5)(-0.115132, 0.473684)(0.3125, 0.496711)
				 (290, 268)(-0.00657895, -0.5)(-0.0855263, -0.292763)(-0.289474, -0.111842)(-0.148026, -0.131579)(-0.0328947, 0.0789474)(-0.0625, 0.332237)(-0.0328947, 0.473684)(0.0460526, 0.279605)(0.138158, 0.108553)(0.220395, 0.361842)(0.309211, 0.463816)(0.289474, 0.233553)(0.240132, -0.0197368)(0.302632, -0.233553)(0.148026, -0.335526)
				 (290, 268)(-0.0197368, 0.00657895)(0.115132, 0.0789474)(0.203947, -0.131579)(0.210526, -0.217105)(-0.0263158, -0.325658)(-0.151316, -0.134868)(-0.0592105, 0.411184)(0.0361842, 0.230263)(0.0855263, -0.351974)(-0.101974, -0.0723684)(-0.0723684, 0.236842)(-0.121711, 0.460526)(0.0230263, 0.457237)(0.0592105, 0.299342)(0.0361842, 0.230263)(0.226974, 0.496711)(0.305921, 0.5)(0.335526, 0.342105)(0.207237, -0.128289)(0.296053, -0.203947)(0.299342, -0.253289)(0.0855263, -0.417763)(0.0361842, -0.486842)(0, -0.5)(-0.0493421, -0.453947)(-0.0460526, -0.319079)
descriptor[i][.]=(287, 271)(-0.0854271, -0.486577)(0.0150754, -0.5)(-0.170854, 0.473154)(0.497487, 0.493289)
				 (287, 271)(-0.057047, -0.486577)(0.0100671, -0.5)(-0.114094, 0.473154)(0.332215, 0.493289)
				 (287, 271)(0, -0.5)(-0.0872483, -0.305369)(-0.261745, -0.0939597)(-0.187919, -0.090604)(-0.0369128, 0.0671141)(-0.057047, 0.325503)(-0.0369128, 0.473154)(0.0369128, 0.265101)(0.144295, 0.100671)(0.228188, 0.348993)(0.332215, 0.489933)(0.302013, 0.241611)(0.248322, -0.0134228)(0.295302, -0.224832)(0.161074, -0.318792)
				 (287, 271)(-0.0536913, -0.325503)(-0.0268456, 0.00671141)(0.120805, 0.0637584)(0.197987, -0.130872)(0.201342, -0.221477)(-0.151007, -0.114094)(-0.0469799, 0.402685)(0.033557, 0.221477)(0.0671141, -0.362416)(-0.332215, -0.0167785)(-0.305369, -0.0134228)(-0.120805, 0.459732)(-0.0033557, 0.473154)(0.0268456, 0.456376)(0.0469799, 0.399329)(0.033557, 0.221477)(0.228188, 0.496644)(0.318792, 0.5)(0.218121, -0.104027)(0.201342, -0.127517)(0.291946, -0.211409)(0.298658, -0.261745)(0.261745, -0.271812)(0.134228, -0.348993)(0.0671141, -0.419463)(0.0469799, -0.463087)(0.0167785, -0.496644)(-0.057047, -0.486577)
descriptor[i][.]=(290, 271)(-0.107143, -0.5)(0.0255102, -0.463087)(-0.188776, 0.473154)(0.5, 0.496644)
				 (290, 271)(-0.0704698, -0.5)(0.0167785, -0.463087)(-0.124161, 0.473154)(0.328859, 0.496644)
				 (290, 271)(-0.0704698, -0.5)(-0.127517, -0.278523)(-0.288591, -0.0503356)(-0.157718, -0.0872483)(-0.0671141, 0.130872)(-0.0536913, 0.389262)(0.0100671, 0.459732)(0.0234899, 0.218121)(0.151007, 0.154362)(0.234899, 0.402685)(0.308725, 0.449664)(0.278523, 0.201342)(0.221477, -0.0536913)(0.271812, -0.261745)(0.0973154, -0.352349)
				 (290, 271)(-0.0704698, -0.322148)(-0.0436242, 0.00671141)(0.107383, 0.0704698)(0.181208, -0.137584)(0.184564, -0.224832)(-0.171141, -0.0939597)(-0.0536913, 0.392617)(0.0201342, 0.221477)(0.234899, 0.385906)(0.0402685, -0.35906)(-0.127517, -0.285235)(-0.328859, -0.0134228)(-0.171141, -0.0939597)(-0.130872, 0.459732)(0.0201342, 0.459732)(0.0201342, 0.221477)(0.218121, 0.486577)(0.322148, 0.5)(0.184564, -0.134228)(0.275168, -0.211409)(0.278523, -0.258389)(0.248322, -0.265101)(0.110738, -0.348993)(-0.0201342, -0.496644)(-0.0704698, -0.5)
descriptor[i][.]=(290, 272)(-0.138462, -0.5)(0.0102564, -0.445946)(-0.189744, 0.472973)(0.502564, 0.496622)
				 (290, 272)(-0.0912162, -0.5)(0.00675676, -0.445946)(-0.125, 0.472973)(0.331081, 0.496622)
				 (290, 272)(-0.0912162, -0.5)(-0.141892, -0.273649)(-0.260135, -0.0405405)(-0.192568, -0.0506757)(-0.0675676, 0.0878378)(-0.0743243, 0.344595)(-0.0304054, 0.472973)(0.0168919, 0.25)(0.138514, 0.108108)(0.233108, 0.358108)(0.320946, 0.466216)(0.283784, 0.209459)(0.216216, -0.0472973)(0.263514, -0.260135)(0.0810811, -0.35473)
				 (290, 272)(-0.101351, -0.307432)(-0.0439189, 0.027027)(0.101351, 0.0641892)(0.175676, -0.135135)(0.165541, -0.222973)(-0.168919, -0.0777027)(-0.0608108, 0.412162)(0.0168919, 0.222973)(0.0236486, -0.358108)(-0.327703, 0.0472973)(-0.22973, -0.00675676)(-0.121622, 0.452703)(-0.0135135, 0.472973)(0.0135135, 0.452703)(0.0371622, 0.358108)(0.0168919, 0.222973)(0.236486, 0.486486)(0.324324, 0.5)(0.212838, -0.0844595)(0.179054, -0.131757)(0.260135, -0.212838)(0.260135, -0.266892)(0.0878378, -0.351351)(0.0236486, -0.358108)(0.0101351, -0.439189)(-0.0135135, -0.472973)
descriptor[i][.]=(293, 274)(-0.165775, -0.491409)(0, -0.412371)(-0.192513, 0.474227)(0.502674, 0.498282)
				 (293, 274)(-0.106529, -0.491409)(0, -0.412371)(-0.123711, 0.474227)(0.323024, 0.498282)
				 (293, 274)(-0.0652921, -0.498282)(-0.127148, -0.305842)(-0.247423, -0.0756014)(-0.209622, -0.0343643)(-0.0756014, 0.0996564)(-0.0859107, 0.357388)(-0.0171821, 0.474227)(0.00687285, 0.226804)(0.137457, 0.120275)(0.226804, 0.37457)(0.319588, 0.477663)(0.285223, 0.219931)(0.213058, -0.0378007)(0.254296, -0.247423)(0.103093, -0.32646)
				 (293, 274)(-0.0584192, 0.024055)(0.0927835, 0.0584192)(0.161512, -0.151203)(0.151203, -0.230241)(-0.116838, -0.319588)(-0.175258, -0.0687285)(-0.0721649, 0.402062)(0.00687285, 0.206186)(0.223368, 0.33677)(0, -0.371134)(-0.154639, -0.0446735)(-0.137457, 0.460481)(-0.0137457, 0.474227)(0.00687285, 0.206186)(0.219931, 0.333333)(0.213058, 0.487973)(0.316151, 0.501718)(0.206186, -0.0859107)(0.171821, -0.140893)(0.250859, -0.223368)(0.254296, -0.271478)(0.209622, -0.281787)(0.14433, -0.257732)(0.0824742, -0.353952)(0, -0.412371)(-0.0206186, -0.460481)(-0.0515464, -0.494845)(-0.123711, -0.484536)(-0.151203, -0.460481)(-0.195876, -0.230241)
descriptor[i][.]=(295, 274)(-0.215054, -0.498282)(0.38172, -0.278351)(-0.22043, 0.474227)(0.5, 0.498282)
				 (295, 274)(-0.137457, -0.498282)(0.243986, -0.278351)(-0.140893, 0.474227)(0.319588, 0.498282)
				 (295, 274)(-0.137457, -0.498282)(-0.171821, -0.278351)(-0.271478, -0.0274914)(-0.206186, -0.0343643)(-0.0962199, 0.127148)(-0.0790378, 0.371134)(-0.0137457, 0.47079)(0.00343643, 0.216495)(0.134021, 0.127148)(0.226804, 0.38488)(0.309278, 0.467354)(0.271478, 0.206186)(0.199313, -0.0584192)(0.243986, -0.271478)(0.0549828, -0.357388)
				 (295, 274)(-0.130584, -0.316151)(-0.0687285, 0.024055)(0.0824742, 0.0549828)(0.147766, -0.158076)(0.140893, -0.237113)(-0.182131, -0.0584192)(-0.0790378, 0.415808)(-0.00343643, 0.233677)(0.213058, 0.32646)(-0.0103093, -0.364261)(-0.164948, -0.292096)(-0.312715, 0.0756014)(-0.158076, -0.0309278)(-0.123711, 0.250859)(-0.140893, 0.453608)(-0.0171821, 0.474227)(0.00343643, 0.457045)(-0.00343643, 0.233677)(0.209622, 0.323024)(0.206186, 0.498282)(0.312715, 0.501718)(0.199313, -0.0790378)(0.161512, -0.140893)(0.233677, -0.223368)(0.243986, -0.278351)(0.195876, -0.285223)(0.0721649, -0.347079)(-0.00343643, -0.364261)(-0.0309278, -0.436426)(-0.0618557, -0.4811)(-0.137457, -0.498282)
descriptor[i][.]=(293, 276)(-0.203209, -0.498258)(0.385027, -0.292683)(-0.213904, 0.473868)(0.502674, 0.498258)
				 (293, 276)(-0.132404, -0.498258)(0.250871, -0.292683)(-0.139373, 0.473868)(0.327526, 0.498258)
				 (293, 276)(-0.132404, -0.498258)(-0.160279, -0.299652)(-0.254355, -0.0418118)(-0.222997, -0.00696864)(-0.0766551, 0.0905923)(-0.0905923, 0.334495)(-0.0487805, 0.473868)(0.00696864, 0.250871)(0.121951, 0.0905923)(0.222997, 0.351916)(0.320557, 0.466899)(0.278746, 0.202091)(0.209059, -0.0662021)(0.254355, -0.278746)(0.0662021, -0.365854)
				 (293, 276)(-0.118467, -0.33101)(-0.0662021, 0.010453)(0.0905923, 0.0487805)(0.156794, -0.167247)(0.146341, -0.247387)(-0.181185, -0.0592334)(-0.0696864, 0.400697)(0.00348432, 0.229965)(-0.0174216, -0.383275)(-0.1777, -0.372822)(-0.163763, -0.299652)(-0.181185, -0.275261)(-0.324042, 0.0592334)(-0.292683, 0.0766551)(-0.181185, -0.0592334)(-0.156794, -0.0383275)(-0.121951, 0.247387)(-0.146341, 0.45993)(-0.0278746, 0.473868)(0.00348432, 0.456446)(0.00348432, 0.229965)(0.229965, 0.487805)(0.320557, 0.501742)(0.160279, -0.163763)(0.243902, -0.236934)(0.254355, -0.289199)(0.205575, -0.299652)(0.0627178, -0.369338)(-0.0174216, -0.383275)(-0.0209059, -0.432056)(-0.0522648, -0.484321)(-0.156794, -0.487805)
descriptor[i][.]=(294, 274)(-0.143617, -0.498282)(0.37766, -0.281787)(-0.218085, 0.474227)(0.5, 0.498282)
				 (294, 274)(-0.0927835, -0.498282)(0.243986, -0.281787)(-0.140893, 0.474227)(0.323024, 0.498282)
				 (294, 274)(-0.0927835, -0.498282)(-0.147766, -0.305842)(-0.257732, -0.0618557)(-0.237113, -0.00343643)(-0.0824742, 0.0859107)(-0.0893471, 0.350515)(-0.0412371, 0.474227)(0.00343643, 0.261168)(0.123711, 0.0962199)(0.219931, 0.350515)(0.316151, 0.474227)(0.281787, 0.216495)(0.206186, -0.0412371)(0.243986, -0.243986)(0.0824742, -0.329897)
				 (294, 274)(-0.0652921, 0.0274914)(0.0824742, 0.0618557)(0.147766, -0.164948)(0.137457, -0.24055)(-0.14433, -0.312715)(-0.189003, -0.0549828)(-0.0721649, 0.402062)(0.00343643, 0.233677)(0.199313, 0.271478)(-0.0206186, -0.371134)(-0.0790378, 0.0618557)(-0.147766, 0.460481)(0.0137457, 0.460481)(0.00343643, 0.233677)(0.199313, 0.271478)(0.223368, 0.487973)(0.316151, 0.501718)(0.151203, -0.161512)(0.24055, -0.233677)(0.243986, -0.281787)(0.199313, -0.28866)(0.0721649, -0.347079)(-0.0206186, -0.371134)(-0.0274914, -0.42268)(-0.0652921, -0.487973)(-0.164948, -0.474227)(-0.189003, -0.42268)(-0.161512, -0.298969)(-0.202749, -0.226804)
descriptor[i][.]=(291, 275)(-0.185567, -0.496552)(0.376289, -0.293103)(-0.216495, 0.472414)(0.5, 0.496552)
				 (291, 275)(-0.124138, -0.496552)(0.251724, -0.293103)(-0.144828, 0.472414)(0.334483, 0.496552)
				 (291, 275)(-0.103448, -0.5)(-0.151724, -0.296552)(-0.268966, -0.0448276)(-0.22069, -0.0241379)(-0.0758621, 0.0931034)(-0.0758621, 0.358621)(-0.0482759, 0.468966)(0.0172414, 0.255172)(0.134483, 0.0896552)(0.231034, 0.337931)(0.331034, 0.496552)(0.303448, 0.234483)(0.224138, -0.0275862)(0.258621, -0.251724)(0.0862069, -0.348276)
				 (291, 275)(-0.124138, -0.324138)(-0.0586207, 0.0172414)(0.0931034, 0.0551724)(0.162069, -0.168966)(0.155172, -0.244828)(-0.182759, -0.0689655)(-0.062069, 0.4)(0.0172414, 0.22069)(0.227586, 0.306897)(-0.00689655, -0.375862)(-0.172414, -0.37931)(-0.334483, 0.0448276)(-0.306897, 0.062069)(-0.182759, -0.0689655)(-0.158621, -0.0482759)(-0.151724, 0.458621)(0.0172414, 0.455172)(0.0344828, 0.365517)(0.0172414, 0.22069)(0.217241, 0.296552)(0.22069, 0.493103)(0.327586, 0.5)(0.213793, -0.0862069)(0.165517, -0.165517)(0.251724, -0.237931)(0.258621, -0.286207)(0.217241, -0.293103)(0.0689655, -0.368966)(-0.00689655, -0.375862)(-0.0137931, -0.424138)(-0.0448276, -0.482759)(-0.162069, -0.472414)
descriptor[i][.]=(288, 272)(-0.12, -0.498305)(0.015, -0.416949)(-0.175, 0.474576)(0.5, 0.498305)
				 (288, 272)(-0.0813559, -0.498305)(0.0101695, -0.416949)(-0.118644, 0.474576)(0.338983, 0.498305)
				 (288, 272)(-0.0813559, -0.498305)(-0.111864, -0.305085)(-0.261017, -0.0779661)(-0.213559, -0.0508475)(-0.0474576, 0.0610169)(-0.0610169, 0.325424)(-0.0305085, 0.474576)(0.0372881, 0.261017)(0.138983, 0.0915254)(0.233898, 0.352542)(0.328814, 0.477966)(0.298305, 0.220339)(0.230508, -0.040678)(0.267797, -0.250847)(0.101695, -0.335593)
				 (288, 272)(-0.0372881, 0.0271186)(0.108475, 0.0542373)(0.176271, -0.155932)(0.166102, -0.230508)(-0.0881356, -0.325424)(-0.172881, -0.0881356)(-0.0542373, 0.40678)(0.0372881, 0.189831)(0.0135593, -0.366102)(-0.2, -0.0576271)(-0.135593, -0.0372881)(-0.125424, 0.464407)(0.0271186, 0.461017)(0.0372881, 0.189831)(0.240678, 0.488136)(0.332203, 0.501695)(0.179661, -0.152542)(0.264407, -0.220339)(0.267797, -0.271186)(0.220339, -0.277966)(0.159322, -0.254237)(0.0881356, -0.355932)(0.0135593, -0.366102)(-0.0813559, -0.498305)(-0.152542, -0.4)(-0.145763, -0.362712)(-0.135593, -0.291525)
descriptor[i][.]=(285, 272)(-0.0536585, -0.498305)(0.00487805, -0.474576)(-0.156098, 0.474576)(0.502439, 0.498305)
				 (285, 272)(-0.0372881, -0.498305)(0.00338983, -0.474576)(-0.108475, 0.474576)(0.349153, 0.498305)
				 (285, 272)(-0.0372881, -0.498305)(-0.0847458, -0.315254)(-0.247458, -0.105085)(-0.223729, -0.0542373)(-0.0237288, 0.0338983)(-0.0508475, 0.298305)(-0.0508475, 0.474576)(0.0474576, 0.288136)(0.138983, 0.0745763)(0.237288, 0.332203)(0.328814, 0.501695)(0.315254, 0.254237)(0.250847, -0.0101695)(0.281356, -0.223729)(0.135593, -0.318644)
				 (285, 272)(-0.0237288, 0.020339)(0.122034, 0.0576271)(0.19322, -0.149153)(0.186441, -0.230508)(-0.0779661, -0.318644)(-0.159322, -0.0983051)(-0.040678, 0.39322)(0.0508475, 0.2)(0.261017, 0.386441)(0.0338983, -0.366102)(-0.115254, 0.461017)(0.0135593, 0.474576)(0.040678, 0.457627)(0.0542373, 0.40339)(0.0508475, 0.2)(0.254237, 0.376271)(0.237288, 0.488136)(0.342373, 0.501695)(0.230508, -0.0949153)(0.19661, -0.145763)(0.277966, -0.216949)(0.288136, -0.267797)(0.254237, -0.277966)(0.108475, -0.355932)(0.0338983, -0.366102)(0.020339, -0.447458)(-0.0169492, -0.491525)(-0.105085, -0.477966)(-0.122034, -0.359322)(-0.125424, -0.288136)
descriptor[i][.]=(284, 271)(-0.0480769, -0.5)(0.0144231, -0.489933)(-0.168269, 0.469799)(0.5, 0.496644)
				 (284, 271)(-0.033557, -0.5)(0.0100671, -0.489933)(-0.11745, 0.469799)(0.348993, 0.496644)
				 (284, 271)(-0.033557, -0.5)(-0.0838926, -0.305369)(-0.281879, -0.120805)(-0.184564, -0.110738)(-0.0201342, 0.0704698)(-0.0402685, 0.328859)(-0.0436242, 0.473154)(0.0536913, 0.288591)(0.154362, 0.0805369)(0.241611, 0.342282)(0.338926, 0.5)(0.315436, 0.244966)(0.265101, -0.0167785)(0.305369, -0.228188)(0.144295, -0.33557)
				 (284, 271)(-0.0536913, -0.322148)(-0.0167785, 0.0100671)(0.134228, 0.0604027)(0.211409, -0.130872)(0.208054, -0.228188)(-0.157718, -0.110738)(-0.0436242, 0.412752)(0.0671141, 0.177852)(0.057047, -0.362416)(-0.348993, -0.0637584)(-0.124161, 0.456376)(0.0201342, 0.473154)(0.0402685, 0.456376)(0.0671141, 0.177852)(0.238255, 0.496644)(0.342282, 0.5)(0.302013, -0.218121)(0.308725, -0.258389)(0.268456, -0.271812)(0.14094, -0.342282)(0.057047, -0.362416)(0.0369128, -0.456376)(0.0100671, -0.489933)(-0.033557, -0.5)(-0.0838926, -0.463087)
descriptor[i][.]=(283, 270)(-0.0861244, -0.47)(0.0287081, -0.5)(-0.143541, 0.47)(0.502392, 0.493333)
				 (283, 270)(-0.06, -0.47)(0.02, -0.5)(-0.1, 0.47)(0.35, 0.493333)
				 (283, 270)(0.00666667, -0.5)(-0.0533333, -0.31)(-0.256667, -0.143333)(-0.193333, -0.116667)(-0.00666667, 0.0466667)(-0.0333333, 0.296667)(-0.0466667, 0.473333)(0.0633333, 0.296667)(0.153333, 0.0766667)(0.24, 0.33)(0.343333, 0.496667)(0.32, 0.246667)(0.27, -0.01)(0.313333, -0.223333)(0.16, -0.323333)
				 (283, 270)(-0.0366667, -0.32)(0.00333333, 0.0133333)(0.14, 0.0666667)(0.223333, -0.146667)(0.216667, -0.216667)(-0.213333, -0.16)(-0.163333, -0.123333)(-0.0333333, 0.396667)(0.0666667, 0.216667)(0.0733333, -0.36)(-0.103333, -0.28)(-0.213333, -0.16)(-0.346667, -0.116667)(-0.126667, -0.0833333)(-0.0433333, 0.243333)(-0.106667, 0.46)(0.01, 0.473333)(0.0466667, 0.453333)(0.0666667, 0.216667)(0.253333, 0.496667)(0.333333, 0.5)(0.233333, -0.13)(0.31, -0.206667)(0.316667, -0.253333)(0.143333, -0.346667)(0.0733333, -0.36)(0.07, -0.413333)(0.0266667, -0.496667)(-0.06, -0.47)
descriptor[i][.]=(284, 269)(-0.00485437, -0.493377)(0.038835, -0.5)(-0.150485, 0.47351)(0.495146, 0.496689)
				 (284, 269)(-0.00331126, -0.493377)(0.0264901, -0.5)(-0.102649, 0.47351)(0.337748, 0.496689)
				 (284, 269)(0.00662252, -0.5)(-0.0596026, -0.294702)(-0.298013, -0.192053)(-0.139073, -0.135762)(0, 0.0860927)(-0.0331126, 0.324503)(-0.0231788, 0.470199)(0.0662252, 0.284768)(0.178808, 0.10596)(0.241722, 0.360927)(0.34106, 0.483444)(0.31457, 0.231788)(0.281457, -0.0231788)(0.34106, -0.228477)(0.175497, -0.337748)
				 (284, 269)(0.0165563, 0.013245)(0.149007, 0.0794702)(0.238411, -0.139073)(0.238411, -0.211921)(-0.013245, -0.321192)(-0.139073, -0.135762)(-0.0364238, 0.39404)(0.102649, -0.357616)(-0.198675, -0.188742)(-0.145695, -0.135762)(-0.109272, 0.463576)(0.0430464, 0.460265)(0.235099, 0.496689)(0.331126, 0.5)(0.264901, -0.089404)(0.334437, -0.198675)(0.34106, -0.241722)(0.182119, -0.331126)(0.102649, -0.357616)(0.00662252, -0.5)(-0.0397351, -0.443709)(-0.013245, -0.321192)(-0.195364, -0.192053)
descriptor[i][.]=(290, 269)(-0.0196078, -0.483444)(0.0539216, -0.5)(-0.181373, 0.47351)(0.480392, 0.493377)
				 (290, 269)(-0.013245, -0.483444)(0.0364238, -0.5)(-0.122517, 0.47351)(0.324503, 0.493377)
				 (290, 269)(0.0165563, -0.5)(-0.0529801, -0.307947)(-0.291391, -0.221854)(-0.152318, -0.149007)(0, 0.0496689)(-0.0463576, 0.301325)(-0.0761589, 0.47351)(0.0430464, 0.301325)(0.15894, 0.0960265)(0.218543, 0.350993)(0.324503, 0.480132)(0.298013, 0.228477)(0.268212, -0.0264901)(0.337748, -0.235099)(0.175497, -0.327815)
				 (290, 269)(-0.0198675, -0.321192)(0.00662252, 0.00331126)(0.135762, 0.0794702)(0.231788, -0.139073)(0.228477, -0.208609)(-0.192053, -0.208609)(-0.139073, -0.145695)(-0.0596026, 0.403974)(0.102649, -0.354305)(-0.0198675, -0.321192)(-0.188742, -0.211921)(-0.298013, -0.228477)(-0.337748, -0.221854)(-0.268212, -0.172185)(-0.145695, -0.145695)(-0.0629139, 0.350993)(-0.129139, 0.460265)(-0.00331126, 0.470199)(0.228477, 0.496689)(0.324503, 0.493377)(0.327815, -0.198675)(0.337748, -0.245033)(0.301325, -0.254967)(0.182119, -0.324503)(0.102649, -0.354305)(0.0165563, -0.5)
descriptor[i][.]=(298, 266)(-0.0247525, -0.452769)(0.0594059, -0.498371)(-0.222772, 0.47557)(0.445545, 0.498371)
				 (298, 266)(-0.0162866, -0.452769)(0.0390879, -0.498371)(-0.14658, 0.47557)(0.29316, 0.498371)
				 (298, 266)(0.0358306, -0.498371)(-0.0488599, -0.299674)(-0.283388, -0.273616)(-0.143322, -0.153094)(-0.0162866, 0.0618893)(-0.0651466, 0.312704)(-0.0912052, 0.47557)(0.0260586, 0.302932)(0.149837, 0.117264)(0.192182, 0.368078)(0.289902, 0.491857)(0.273616, 0.2443)(0.257329, -0.00977199)(0.32899, -0.221498)(0.18241, -0.322476)
				 (298, 266)(0, 0.0130293)(0.130293, 0.0912052)(0.23127, -0.127036)(0.23127, -0.198697)(-0.00651466, -0.312704)(-0.140065, -0.153094)(-0.0749186, 0.397394)(0.110749, -0.338762)(-0.166124, -0.224756)(-0.159609, -0.156352)(-0.153094, 0.462541)(-0.029316, 0.47557)(0.185668, 0.498371)(0.286645, 0.501629)(0.32899, -0.23127)(0.28013, -0.23127)(0.18241, -0.322476)(0.0846906, -0.465798)(0.0456026, -0.495114)(-0.029316, -0.423453)(-0.00651466, -0.312704)(-0.162866, -0.228013)
descriptor[i][.]=(303, 266)(-0.0149254, -0.467532)(0.0298507, -0.5)(-0.243781, 0.474026)(0.422886, 0.496753)
				 (303, 266)(-0.00974026, -0.467532)(0.0194805, -0.5)(-0.159091, 0.474026)(0.275974, 0.496753)
				 (303, 266)(0.012987, -0.5)(-0.0584416, -0.295455)(-0.298701, -0.311688)(-0.149351, -0.162338)(-0.0162338, 0.0584416)(-0.0779221, 0.305195)(-0.107143, 0.474026)(0.0194805, 0.295455)(0.136364, 0.11039)(0.175325, 0.357143)(0.266234, 0.483766)(0.25974, 0.230519)(0.253247, -0.0227273)(0.314935, -0.233766)(0.159091, -0.331169)
				 (303, 266)(-0.142857, -0.237013)(-0.00649351, 0.012987)(0.12013, 0.0909091)(0.227273, -0.12013)(0.227273, -0.204545)(-0.00649351, -0.318182)(-0.0876623, 0.396104)(0.11039, -0.340909)(-0.0227273, -0.431818)(-0.318182, -0.321429)(-0.288961, -0.256494)(-0.159091, 0.454545)(-0.0454545, 0.474026)(0.181818, 0.496753)(0.269481, 0.5)(0.253247, -0.0292208)(0.327922, -0.224026)(0.285714, -0.237013)(0.227273, -0.204545)(0.175325, -0.327922)(0.0974026, -0.451299)(0.0616883, -0.487013)
descriptor[i][.]=(317, 266)(-0.5, -0.37785)(0.0434783, -0.498371)(-0.347826, 0.47557)(0.375, 0.501629)
				 (317, 266)(-0.299674, -0.37785)(0.0260586, -0.498371)(-0.208469, 0.47557)(0.224756, 0.501629)
				 (317, 266)(0.0130293, -0.498371)(-0.0814332, -0.296417)(-0.286645, -0.381107)(-0.156352, -0.169381)(-0.0456026, 0.0618893)(-0.117264, 0.309446)(-0.159609, 0.47557)(-0.0130293, 0.306189)(0.107492, 0.0977199)(0.136808, 0.351792)(0.224756, 0.501629)(0.228013, 0.254072)(0.228013, 0.00325733)(0.299674, -0.205212)(0.153094, -0.335505)
				 (317, 266)(-0.029316, -0.00325733)(0.0912052, 0.0846906)(0.201954, -0.120521)(0.214984, -0.211726)(-0.117264, -0.263844)(0.100977, -0.34202)(-0.00651466, -0.348534)(-0.185668, -0.267101)(-0.289902, -0.335505)(-0.0325733, -0.00651466)(-0.214984, 0.462541)(-0.0944625, 0.47557)(0.123779, 0.498371)(0.224756, 0.501629)(0.286645, -0.175896)(0.299674, -0.228013)(0.257329, -0.234528)(0.214984, -0.211726)(0.172638, -0.322476)(0.0846906, -0.465798)(0.0553746, -0.491857)(0.0130293, -0.498371)(-0.0390879, -0.442997)(-0.18241, -0.267101)(-0.241042, -0.358306)
descriptor[i][.]=(325, 266)(-0.0114943, -0.498371)(0.0287356, -0.498371)(-0.33908, 0.47557)(0.344828, 0.501629)
				 (325, 266)(-0.00651466, -0.498371)(0.0162866, -0.498371)(-0.192182, 0.47557)(0.19544, 0.501629)
				 (325, 266)(-0.00651466, -0.498371)(-0.100977, -0.29316)(-0.273616, -0.400651)(-0.169381, -0.179153)(-0.0586319, 0.0423453)(-0.123779, 0.289902)(-0.175896, 0.47557)(-0.0260586, 0.312704)(0.0716612, 0.0944625)(0.117264, 0.32899)(0.175896, 0.501629)(0.201954, 0.28013)(0.201954, 0.0325733)(0.267101, -0.185668)(0.136808, -0.332248)
				 (325, 266)(-0.0456026, 0)(0.0684039, 0.0912052)(0.185668, -0.110749)(0.0977199, -0.345277)(-0.13355, -0.263844)(-0.14658, 0.397394)(-0.00325733, 0.228013)(0.201954, -0.228013)(-0.019544, -0.34202)(-0.179153, -0.270358)(-0.0488599, -0.00325733)(-0.14658, 0.381107)(-0.214984, 0.446254)(-0.120521, 0.47557)(-0.0716612, 0.446254)(0.00651466, 0.28013)(-0.00325733, 0.228013)(0.0977199, 0.498371)(0.19544, 0.501629)(0.211726, -0.019544)(0.273616, -0.185668)(0.283388, -0.228013)(0.149837, -0.32899)(0.0977199, -0.345277)(0.0944625, -0.410423)(0.0781759, -0.462541)(0.0586319, -0.488599)(-0.00651466, -0.498371)(-0.0325733, -0.472313)(-0.0423453, -0.429967)(-0.127036, -0.276873)(-0.179153, -0.270358)(-0.260586, -0.400651)
descriptor[i][.]=(338, 265)(-0.473333, -0.448387)(0.04, -0.5)(-0.38, 0.483871)(0.32, 0.5)
				 (338, 265)(-0.229032, -0.448387)(0.0193548, -0.5)(-0.183871, 0.483871)(0.154839, 0.5)
				 (338, 265)(-0.0225806, -0.5)(-0.116129, -0.303226)(-0.222581, -0.451613)(-0.206452, -0.216129)(-0.0806452, 0.00645161)(-0.122581, 0.245161)(-0.209677, 0.464516)(-0.0451613, 0.354839)(0.0225806, 0.109677)(0.0741935, 0.332258)(0.151613, 0.5)(0.158065, 0.270968)(0.170968, 0.0258065)(0.235484, -0.183871)(0.0967742, -0.335484)
				 (338, 265)(-0.0774194, -0.0322581)(0.0322581, 0.106452)(0.158065, -0.116129)(0.0709677, -0.341935)(-0.151613, -0.277419)(0.180645, -0.229032)(-0.0354839, -0.358065)(-0.212903, -0.225806)(-0.0806452, -0.0354839)(-0.212903, 0.451613)(-0.183871, 0.483871)(-0.0806452, 0.458065)(0.0677419, 0.487097)(0.154839, 0.5)(0.235484, -0.180645)(0.241935, -0.232258)(0.141935, -0.316129)(0.0806452, -0.367742)(0.083871, -0.409677)(0.0709677, -0.445161)(0.0516129, -0.480645)(0.0258065, -0.496774)(-0.0225806, -0.5)(-0.0516129, -0.396774)(-0.0354839, -0.358065)(-0.148387, -0.280645)(-0.206452, -0.448387)
descriptor[i][.]=(343, 265)(-0.0147059, -0.5)(0.0514706, -0.5)(-0.389706, 0.483871)(0.301471, 0.5)
				 (343, 265)(-0.00645161, -0.5)(0.0225806, -0.5)(-0.170968, 0.483871)(0.132258, 0.5)
				 (343, 265)(-0.00645161, -0.5)(-0.103226, -0.319355)(-0.167742, -0.458065)(-0.209677, -0.248387)(-0.0967742, -0.0290323)(-0.109677, 0.209677)(-0.16129, 0.435484)(-0.0483871, 0.406452)(-0.00322581, 0.174194)(0.0548387, 0.293548)(0.0903226, 0.5)(0.141935, 0.309677)(0.148387, 0.0774194)(0.180645, -0.151613)(0.122581, -0.325806)
				 (343, 265)(-0.0903226, 0.00645161)(0.0225806, 0.122581)(0.0709677, -0.345161)(-0.145161, -0.287097)(-0.0967742, -0.0548387)(-0.0483871, -0.351613)(-0.206452, -0.219355)(-0.0903226, 0.00645161)(-0.193548, 0.454839)(-0.0677419, 0.46129)(0.0516129, 0.487097)(0.132258, 0.5)(0.112903, -0.332258)(0.0612903, -0.451613)(0.0290323, -0.496774)(-0.0258065, -0.496774)(-0.0580645, -0.46129)(-0.0645161, -0.425806)(-0.125806, -0.309677)(-0.16129, -0.454839)
descriptor[i][.]=(347, 264)(-0.025641, -0.498392)(0, -0.498392)(-0.290598, 0.488746)(0.324786, 0.501608)
				 (347, 264)(-0.0096463, -0.498392)(0, -0.498392)(-0.109325, 0.488746)(0.122186, 0.501608)
				 (347, 264)(-0.0096463, -0.498392)(-0.138264, -0.418006)(-0.186495, -0.221865)(-0.096463, -0.0321543)(-0.0932476, 0.170418)(-0.0996785, 0.369775)(-0.0546624, 0.485531)(0.00321543, 0.334405)(0.0353698, 0.279743)(0.0418006, 0.466238)(0.11254, 0.411576)(0.122186, 0.215434)(0.14791, 0.0128617)(0.189711, -0.18328)(0.0803859, -0.344051)
				 (347, 264)(-0.0932476, -0.0257235)(0.022508, 0.212219)(0.0771704, -0.347267)(0, 0.350482)(0.0418006, 0.29582)(-0.0932476, -0.0257235)(-0.128617, 0.456592)(-0.115756, 0.485531)(-0.0578778, 0.488746)(0, 0.350482)(0.0353698, 0.286174)(0.0418006, 0.488746)(0.122186, 0.501608)(0.138264, -0.308682)(0.0771704, -0.347267)(0.0836013, -0.382637)(0.0289389, -0.491961)(0, -0.498392)
descriptor[i][.]=(348, 265)(-0.0176991, -0.496774)(0.079646, -0.5)(-0.221239, 0.487097)(0.336283, 0.5)
				 (348, 265)(-0.00645161, -0.496774)(0.0290323, -0.5)(-0.0806452, 0.487097)(0.122581, 0.5)
				 (348, 265)(0, -0.5)(-0.109677, -0.377419)(-0.177419, -0.229032)(-0.125806, -0.0677419)(-0.0870968, 0.0903226)(-0.0806452, 0.254839)(-0.0677419, 0.416129)(-0.00645161, 0.467742)(0.0451613, 0.5)(0.106452, 0.419355)(0.125806, 0.254839)(0.132258, 0.0903226)(0.158065, -0.0741935)(0.164516, -0.235484)(0.0870968, -0.380645)
				 (348, 265)(0.0258065, 0.422581)(0.083871, -0.354839)(-0.0935484, 0.474194)(-0.0258065, 0.487097)(0.0225806, 0.496774)(0.122581, 0.5)(0.183871, -0.174194)(0.141935, -0.306452)(0.122581, -0.329032)(0.0870968, -0.374194)(0.083871, -0.448387)(0.0548387, -0.490323)(0, -0.5)(-0.0451613, -0.474194)
descriptor[i][.]=(351, 264)(-0.0275229, -0.488746)(0.0825688, -0.498392)(-0.0917431, 0.501608)(0.321101, 0.501608)
				 (351, 264)(-0.0096463, -0.488746)(0.0289389, -0.498392)(-0.0321543, 0.501608)(0.11254, 0.501608)
				 (351, 264)(0.022508, -0.498392)(-0.0418006, -0.379421)(-0.138264, -0.263666)(-0.160772, -0.118971)(-0.0900322, 0.0289389)(-0.0610932, 0.18328)(-0.0578778, 0.334405)(-0.0353698, 0.485531)(0.102894, 0.501608)(0.115756, 0.363344)(0.11254, 0.209003)(0.131833, 0.0546624)(0.163987, -0.0932476)(0.157556, -0.244373)(0.0868167, -0.376206)
				 (351, 264)(0.0803859, -0.347267)(-0.0546624, -0.337621)(-0.0385852, 0.498392)(0.11254, 0.501608)(0.14791, -0.289389)(0.125402, -0.318328)(0.073955, -0.4791)(0.0289389, -0.498392)(-0.0096463, -0.488746)(-0.0546624, -0.340836)(-0.0836013, -0.327974)(-0.157556, -0.244373)
