taichiDescr6.dat
size1 31
size3 32
beh_type.id 18
sizes[]=43 47 46 44 44 50 48 48 54 48 49 51 48 51 51 50 55 53 50 52 56 57 57 59 56 59 56 53 56 54 59 
thresholds[]=0.16 0.16 0.16 0.16 0.16 0.16 0.16 0.16 0.16 0.16 0.16 0.16 0.16 0.16 0.16 0.16 0.16 0.16 0.16 0.16 0.16 0.16 0.16 0.16 0.16 0.16 0.16 0.16 0.16 0.16 0.16 
map[0][.]=0 1 0 0 0 0 0 0 0 0 0 0 0 0 0 0 0 0 0 0 0 0 0 0 0 0 0 0 0 0 0 0 
map[1][.]=0 0 1 0 0 0 0 0 0 0 0 0 0 0 0 0 0 0 0 0 0 0 0 0 0 0 0 0 0 0 0 0 
map[2][.]=0 0 0 1 0 0 0 0 0 0 0 0 0 0 0 0 0 0 0 0 0 0 0 0 0 0 0 0 0 0 0 0 
map[3][.]=0 0 0 0 1 0 0 0 0 0 0 0 0 0 0 0 0 0 0 0 0 0 0 0 0 0 0 0 0 0 0 0 
map[4][.]=0 0 0 0 0 1 0 0 0 0 0 0 0 0 0 0 0 0 0 0 0 0 0 0 0 0 0 0 0 0 0 0 
map[5][.]=0 0 0 0 0 0 1 0 0 0 0 0 0 0 0 0 0 0 0 0 0 0 0 0 0 0 0 0 0 0 0 0 
map[6][.]=0 0 0 0 0 0 0 1 0 0 0 0 0 0 0 0 0 0 0 0 0 0 0 0 0 0 0 0 0 0 0 0 
map[7][.]=0 0 0 0 0 0 0 0 1 0 0 0 0 0 0 0 0 0 0 0 0 0 0 0 0 0 0 0 0 0 0 0 
map[8][.]=0 0 0 0 0 0 0 0 0 1 0 0 0 0 0 0 0 0 0 0 0 0 0 0 0 0 0 0 0 0 0 0 
map[9][.]=0 0 0 0 0 0 0 0 0 0 1 0 0 0 0 0 0 0 0 0 0 0 0 0 0 0 0 0 0 0 0 0 
map[10][.]=0 0 0 0 0 0 0 0 0 0 0 1 0 0 0 0 0 0 0 0 0 0 0 0 0 0 0 0 0 0 0 0 
map[11][.]=0 0 0 0 0 0 0 0 0 0 0 0 1 0 0 0 0 0 0 0 0 0 0 0 0 0 0 0 0 0 0 0 
map[12][.]=0 0 0 0 0 0 0 0 0 0 0 0 0 1 0 0 0 0 0 0 0 0 0 0 0 0 0 0 0 0 0 0 
map[13][.]=0 0 0 0 0 0 0 0 0 0 0 0 0 0 1 0 0 0 0 0 0 0 0 0 0 0 0 0 0 0 0 0 
map[14][.]=0 0 0 0 0 0 0 0 0 0 0 0 0 0 0 1 0 0 0 0 0 0 0 0 0 0 0 0 0 0 0 0 
map[15][.]=0 0 0 0 0 0 0 0 0 0 0 0 0 0 0 0 1 0 0 0 0 0 0 0 0 0 0 0 0 0 0 0 
map[16][.]=0 0 0 0 0 0 0 0 0 0 0 0 0 0 0 0 0 1 0 0 0 0 0 0 0 0 0 0 0 0 0 0 
map[17][.]=0 0 0 0 0 0 0 0 0 0 0 0 0 0 0 0 0 0 1 0 0 0 0 0 0 0 0 0 0 0 0 0 
map[18][.]=0 0 0 0 0 0 0 0 0 0 0 0 0 0 0 0 0 0 0 1 0 0 0 0 0 0 0 0 0 0 0 0 
map[19][.]=0 0 0 0 0 0 0 0 0 0 0 0 0 0 0 0 0 0 0 0 1 0 0 0 0 0 0 0 0 0 0 0 
map[20][.]=0 0 0 0 0 0 0 0 0 0 0 0 0 0 0 0 0 0 0 0 0 1 0 0 0 0 0 0 0 0 0 0 
map[21][.]=0 0 0 0 0 0 0 0 0 0 0 0 0 0 0 0 0 0 0 0 0 0 1 0 0 0 0 0 0 0 0 0 
map[22][.]=0 0 0 0 0 0 0 0 0 0 0 0 0 0 0 0 0 0 0 0 0 0 0 1 0 0 0 0 0 0 0 0 
map[23][.]=0 0 0 0 0 0 0 0 0 0 0 0 0 0 0 0 0 0 0 0 0 0 0 0 1 0 0 0 0 0 0 0 
map[24][.]=0 0 0 0 0 0 0 0 0 0 0 0 0 0 0 0 0 0 0 0 0 0 0 0 0 1 0 0 0 0 0 0 
map[25][.]=0 0 0 0 0 0 0 0 0 0 0 0 0 0 0 0 0 0 0 0 0 0 0 0 0 0 1 0 0 0 0 0 
map[26][.]=0 0 0 0 0 0 0 0 0 0 0 0 0 0 0 0 0 0 0 0 0 0 0 0 0 0 0 1 0 0 0 0 
map[27][.]=0 0 0 0 0 0 0 0 0 0 0 0 0 0 0 0 0 0 0 0 0 0 0 0 0 0 0 0 1 0 0 0 
map[28][.]=0 0 0 0 0 0 0 0 0 0 0 0 0 0 0 0 0 0 0 0 0 0 0 0 0 0 0 0 0 1 0 0 
map[29][.]=0 0 0 0 0 0 0 0 0 0 0 0 0 0 0 0 0 0 0 0 0 0 0 0 0 0 0 0 0 0 1 0 
map[30][.]=0 0 0 0 0 0 0 0 0 0 0 0 0 0 0 0 0 0 0 0 0 0 0 0 0 0 0 0 0 0 0 1 
map[31][.]=0 0 0 0 0 0 0 0 0 0 0 0 0 0 0 0 0 0 0 0 0 0 0 0 0 0 0 0 0 0 0 0 
isLast[.]=false false false false false false false false false false false false false false false false false false false false false false false false false false false false false false false true 
descriptor[i][.]=(305, 265)(-0.0104167, -0.5)(0.03125, -0.5)(-0.3125, 0.486014)(0.291667, 0.5)
				 (305, 265)(-0.0034965, -0.5)(0.0104895, -0.5)(-0.104895, 0.486014)(0.0979021, 0.5)
				 (305, 265)(-0.0034965, -0.5)(-0.0734266, -0.398601)(-0.146853, -0.265734)(-0.122378, -0.122378)(-0.0944056, 0.00699301)(-0.111888, 0.167832)(-0.0944056, 0.332168)(-0.101399, 0.486014)(0.020979, 0.482517)(0.104895, 0.41958)(0.108392, 0.255245)(0.136364, 0.0909091)(0.13986, -0.0734266)(0.164336, -0.237762)(0.0664336, -0.367133)
				 (305, 265)(-0.0594406, -0.363636)(-0.0769231, -0.104895)(0.00699301, 0.440559)(0.0384615, -0.384615)(-0.0804196, 0.367133)(-0.104895, -0.335664)(-0.167832, -0.20979)(-0.143357, -0.132867)(-0.0804196, 0.367133)(-0.115385, 0.479021)(-0.0524476, 0.472028)(0.0979021, 0.5)(0.132867, -0.328671)(0.101399, -0.356643)(0.0174825, -0.496503)(-0.0769231, -0.479021)
descriptor[i][.]=(304, 266)(-0.14433, -0.496479)(0.0412371, -0.5)(-0.298969, 0.482394)(0.257732, 0.5)
				 (304, 266)(-0.0492958, -0.496479)(0.0140845, -0.5)(-0.102113, 0.482394)(0.0880282, 0.5)
				 (304, 266)(0.00352113, -0.5)(-0.0739437, -0.408451)(-0.140845, -0.271127)(-0.130282, -0.126761)(-0.0915493, -0.00352113)(-0.119718, 0.158451)(-0.0915493, 0.323944)(-0.119718, 0.471831)(0.0211268, 0.46831)(0.105634, 0.422535)(0.116197, 0.257042)(0.140845, 0.0915493)(0.144366, -0.0704225)(0.172535, -0.235915)(0.0809859, -0.369718)
				 (304, 266)(-0.0598592, -0.369718)(-0.0704225, -0.0880282)(0.00352113, 0.43662)(0.0422535, -0.390845)(-0.0809859, 0.380282)(-0.169014, -0.211268)(-0.144366, -0.133803)(-0.123239, 0.172535)(-0.0809859, 0.380282)(-0.123239, 0.447183)(-0.102113, 0.482394)(-0.0492958, 0.471831)(0, 0.440141)(0.0422535, 0.496479)(0.0880282, 0.5)(0.137324, -0.334507)(0.0985915, -0.366197)(0.0422535, -0.478873)(0.0140845, -0.5)(-0.0880282, -0.482394)
descriptor[i][.]=(306, 265)(-0.0104167, -0.498246)(0, -0.498246)(-0.395833, 0.473684)(0.239583, 0.501754)
				 (306, 265)(-0.00350877, -0.498246)(0, -0.498246)(-0.133333, 0.473684)(0.0807018, 0.501754)
				 (306, 265)(-0.00350877, -0.498246)(-0.0877193, -0.407018)(-0.150877, -0.259649)(-0.119298, -0.115789)(-0.115789, 0.0105263)(-0.154386, 0.178947)(-0.105263, 0.340351)(-0.119298, 0.473684)(0.00701754, 0.459649)(0.105263, 0.435088)(0.105263, 0.266667)(0.126316, 0.101754)(0.147368, -0.0666667)(0.161404, -0.231579)(0.0701754, -0.368421)
				 (306, 265)(-0.0701754, -0.361404)(-0.077193, -0.105263)(-0.101754, 0.34386)(-0.00701754, 0.424561)(0.0315789, -0.385965)(-0.112281, -0.333333)(-0.157895, -0.136842)(-0.157895, 0.140351)(-0.105263, 0.340351)(-0.14386, 0.42807)(-0.140351, 0.470175)(-0.0877193, 0.473684)(0.0385965, 0.498246)(0.0807018, 0.501754)(0.168421, -0.192982)(0.140351, -0.308772)(0.122807, -0.336842)(0.0912281, -0.361404)(0, -0.498246)
descriptor[i][.]=(304, 266)(-0.047619, -0.498233)(0.047619, -0.491166)(-0.419048, 0.473498)(0.266667, 0.501767)
				 (304, 266)(-0.0176678, -0.498233)(0.0176678, -0.491166)(-0.155477, 0.473498)(0.0989399, 0.501767)
				 (304, 266)(-0.0176678, -0.498233)(-0.0812721, -0.39576)(-0.155477, -0.24735)(-0.0989399, -0.134276)(-0.120141, 0.00706714)(-0.176678, 0.162544)(-0.144876, 0.335689)(-0.151943, 0.473498)(0.0176678, 0.431095)(0.106007, 0.452297)(0.116608, 0.279152)(0.130742, 0.109541)(0.176678, -0.0636042)(0.169611, -0.233216)(0.0671378, -0.371025)
				 (304, 266)(-0.0671378, -0.0742049)(-0.123675, 0.367491)(-0.00353357, 0.416961)(0.0318021, -0.392226)(-0.0706714, -0.363958)(-0.155477, -0.137809)(-0.0671378, -0.0742049)(-0.183746, 0.137809)(-0.173145, 0.441696)(0.04947, 0.498233)(0.0989399, 0.501767)(0.187279, -0.109541)(0.134276, -0.335689)(0.0989399, -0.363958)(0.0282686, -0.484099)(-0.0106007, -0.498233)(-0.0954064, -0.484099)
descriptor[i][.]=(302, 266)(-0.190909, -0.489437)(0.0272727, -0.5)(-0.445455, 0.471831)(0.2, 0.5)
				 (302, 266)(-0.0739437, -0.489437)(0.0105634, -0.5)(-0.172535, 0.471831)(0.0774648, 0.5)
				 (302, 266)(0.00352113, -0.5)(-0.0809859, -0.408451)(-0.144366, -0.257042)(-0.105634, -0.126761)(-0.102113, -0.0176056)(-0.190141, 0.140845)(-0.147887, 0.31338)(-0.176056, 0.46831)(-0.00352113, 0.411972)(0.119718, 0.475352)(0.126761, 0.302817)(0.137324, 0.130282)(0.183099, -0.0422535)(0.18662, -0.214789)(0.0915493, -0.366197)
				 (302, 266)(-0.0633803, -0.0739437)(-0.140845, 0.355634)(0, 0.408451)(0.0387324, -0.390845)(-0.0633803, -0.362676)(-0.147887, 0.34507)(-0.190141, 0.447183)(-0.00352113, 0.411972)(0.0669014, 0.5)(0.0950704, 0.492958)(0.144366, -0.327465)(0.109155, -0.359155)(0.0387324, -0.390845)(0.028169, -0.485915)(-0.0739437, -0.489437)(-0.105634, -0.464789)(-0.126761, -0.31338)
descriptor[i][.]=(295, 267)(-0.088, -0.5)(0.08, -0.492908)(-0.472, 0.485816)(0.288, 0.5)
				 (295, 267)(-0.0390071, -0.5)(0.035461, -0.492908)(-0.20922, 0.485816)(0.12766, 0.5)
				 (295, 267)(-0.0390071, -0.5)(-0.102837, -0.322695)(-0.120567, -0.12766)(-0.0851064, -0.0248227)(-0.177305, 0.173759)(-0.173759, 0.397163)(-0.0921986, 0.453901)(-0.0638298, 0.255319)(0.0212766, 0.138298)(0.0319149, 0.358156)(0.138298, 0.475177)(0.14539, 0.251773)(0.187943, 0.0283688)(0.216312, -0.195035)(0.102837, -0.375887)
				 (295, 267)(-0.0425532, -0.0851064)(0.0035461, 0.0992908)(0.0567376, -0.393617)(-0.0496454, -0.365248)(-0.0567376, -0.163121)(-0.166667, 0.361702)(-0.0744681, 0.177305)(0.0460993, 0.223404)(-0.141844, -0.138298)(-0.0425532, -0.0851064)(-0.177305, 0.0886525)(-0.166667, 0.361702)(-0.219858, 0.453901)(-0.0425532, 0.429078)(0.035461, 0.212766)(0.0815603, 0.496454)(0.12766, 0.5)(0.131206, -0.368794)(0.0567376, -0.393617)(0.0425532, -0.489362)(-0.0390071, -0.5)(-0.0815603, -0.475177)(-0.106383, -0.322695)
descriptor[i][.]=(291, 267)(-0.156716, -0.48227)(0.0447761, -0.5)(-0.485075, 0.485816)(0.291045, 0.5)
				 (291, 267)(-0.0744681, -0.48227)(0.0212766, -0.5)(-0.230496, 0.485816)(0.138298, 0.5)
				 (291, 267)(0.0035461, -0.5)(-0.0602837, -0.351064)(-0.156028, -0.170213)(-0.0425532, -0.0673759)(-0.177305, 0.124113)(-0.184397, 0.347518)(-0.159574, 0.475177)(-0.0567376, 0.312057)(0, 0.102837)(0.0460993, 0.297872)(0.109929, 0.492908)(0.159574, 0.304965)(0.173759, 0.0780142)(0.234043, -0.14539)(0.152482, -0.358156)
				 (291, 267)(-0.0319149, -0.113475)(0.0177305, 0.0957447)(0.0602837, -0.400709)(-0.0390071, -0.368794)(-0.184397, 0.407801)(-0.070922, 0.184397)(-0.14539, -0.138298)(-0.0319149, -0.113475)(-0.191489, 0.375887)(-0.205674, 0.425532)(-0.237589, 0.464539)(-0.0531915, 0.432624)(0.12766, 0.5)(0.237589, -0.117021)(0.230496, -0.22695)(0.14539, -0.368794)(0.0602837, -0.400709)(0.0425532, -0.492908)(-0.0744681, -0.48227)(-0.0638298, -0.351064)(-0.159574, -0.262411)
descriptor[i][.]=(283, 267)(-0.0979021, -0.485816)(0.0979021, -0.5)(-0.496503, 0.48227)(0.34965, 0.5)
				 (283, 267)(-0.0496454, -0.485816)(0.0496454, -0.5)(-0.251773, 0.48227)(0.177305, 0.5)
				 (283, 267)(0.0319149, -0.5)(-0.0390071, -0.351064)(-0.180851, -0.20922)(-0.0212766, -0.14539)(-0.117021, 0.0638298)(-0.180851, 0.29078)(-0.219858, 0.485816)(-0.0780142, 0.358156)(-0.0070922, 0.138298)(0.070922, 0.276596)(0.120567, 0.489362)(0.184397, 0.326241)(0.187943, 0.0921986)(0.255319, -0.138298)(0.177305, -0.358156)
				 (283, 267)(-0.0106383, -0.0886525)(0.0390071, 0.102837)(0.0744681, -0.397163)(-0.0390071, -0.347518)(-0.0248227, -0.177305)(-0.184397, 0.35461)(-0.0673759, 0.230496)(-0.173759, -0.187943)(-0.106383, -0.12766)(-0.0106383, -0.0886525)(-0.191489, 0.308511)(-0.184397, 0.35461)(-0.251773, 0.471631)(-0.113475, 0.464539)(-0.0744681, 0.443262)(-0.0673759, 0.230496)(0.177305, 0.5)(0.177305, -0.365248)(0.0638298, -0.489362)(-0.0496454, -0.485816)(-0.177305, -0.276596)
descriptor[i][.]=(281, 266)(-0.109589, -0.473498)(0.0342466, -0.498233)(-0.5, 0.480565)(0.349315, 0.501767)
				 (281, 266)(-0.0565371, -0.473498)(0.0176678, -0.498233)(-0.257951, 0.480565)(0.180212, 0.501767)
				 (281, 266)(0.0106007, -0.498233)(-0.0636042, -0.335689)(-0.19788, -0.222615)(-0.0212014, -0.173145)(-0.0954064, 0.04947)(-0.169611, 0.275618)(-0.250883, 0.484099)(-0.0848057, 0.378092)(-0.0141343, 0.155477)(0.0777385, 0.279152)(0.130742, 0.501767)(0.183746, 0.318021)(0.19788, 0.0812721)(0.254417, -0.14841)(0.169611, -0.367491)
				 (281, 266)(-0.0141343, -0.0706714)(0.0388693, 0.116608)(0.0742049, -0.39576)(-0.0318021, -0.349823)(-0.024735, -0.176678)(-0.0530035, 0.208481)(0.0812721, 0.236749)(-0.106007, -0.257951)(-0.155477, -0.151943)(-0.0141343, -0.0706714)(-0.0636042, -0.00353357)(-0.257951, 0.473498)(-0.166078, 0.487633)(-0.127208, 0.473498)(-0.0918728, 0.452297)(-0.0530035, 0.208481)(0.0777385, 0.233216)(0.0706714, 0.374558)(0.120141, 0.498233)(0.180212, 0.501767)(0.187279, -0.349823)(0.0636042, -0.480565)(0.0176678, -0.498233)(-0.0706714, -0.466431)(-0.0318021, -0.349823)(-0.0636042, -0.335689)(-0.180212, -0.282686)
descriptor[i][.]=(280, 266)(-0.143885, -0.485816)(0.0647482, -0.5)(-0.482014, 0.489362)(0.345324, 0.5)
				 (280, 266)(-0.070922, -0.485816)(0.0319149, -0.5)(-0.237589, 0.489362)(0.170213, 0.5)
				 (280, 266)(0.0212766, -0.5)(-0.0567376, -0.347518)(-0.173759, -0.262411)(-0.159574, -0.141844)(-0.0248227, -0.0851064)(-0.152482, 0.14539)(-0.195035, 0.390071)(-0.113475, 0.471631)(-0.0638298, 0.248227)(0.0567376, 0.195035)(0.0992908, 0.43617)(0.187943, 0.37234)(0.180851, 0.12766)(0.248227, -0.113475)(0.177305, -0.343972)
				 (280, 266)(-0.0248227, -0.0851064)(0.0283688, 0.117021)(0.0638298, -0.393617)(-0.134752, -0.20922)(-0.035461, -0.184397)(-0.0602837, 0.223404)(-0.0460993, -0.358156)(-0.102837, -0.12766)(-0.0319149, -0.0992908)(-0.148936, 0.131206)(-0.244681, 0.475177)(-0.0957447, 0.471631)(-0.0602837, 0.223404)(0.109929, 0.485816)(0.170213, 0.5)(0.180851, -0.343972)(0.0638298, -0.393617)(0.0496454, -0.489362)(-0.070922, -0.485816)(-0.0957447, -0.319149)(-0.134752, -0.212766)
descriptor[i][.]=(271, 266)(-0.0733333, -0.484099)(0.0866667, -0.498233)(-0.36, 0.484099)(0.413333, 0.501767)
				 (271, 266)(-0.0388693, -0.484099)(0.0459364, -0.498233)(-0.190813, 0.484099)(0.219081, 0.501767)
				 (271, 266)(0.0282686, -0.498233)(-0.04947, -0.335689)(-0.190813, -0.24735)(-0.173145, -0.151943)(-0.00706714, -0.113074)(-0.120141, 0.120141)(-0.159011, 0.360424)(-0.0848057, 0.473498)(-0.0424028, 0.254417)(0.0918728, 0.212014)(0.141343, 0.45583)(0.215548, 0.367491)(0.204947, 0.123675)(0.257951, -0.116608)(0.190813, -0.34629)
				 (271, 266)(-0.127208, -0.194346)(-0.0106007, -0.162544)(0.0459364, 0.120141)(0.0706714, -0.39576)(-0.0318021, -0.353357)(-0.00706714, -0.0706714)(-0.0424028, 0.254417)(0.0954064, 0.219081)(-0.240283, -0.289753)(-0.233216, -0.19788)(-0.155477, -0.137809)(-0.00706714, -0.0706714)(-0.201413, 0.469965)(-0.0565371, 0.469965)(-0.0424028, 0.254417)(0.0954064, 0.219081)(0.0989399, 0.381625)(0.159011, 0.498233)(0.219081, 0.501767)(0.151943, -0.374558)(0.0530035, -0.4947)(-0.0388693, -0.484099)
descriptor[i][.]=(267, 266)(-0.0653595, -0.473498)(0.0849673, -0.498233)(-0.339869, 0.484099)(0.431373, 0.501767)
				 (267, 266)(-0.0353357, -0.473498)(0.0459364, -0.498233)(-0.183746, 0.484099)(0.233216, 0.501767)
				 (267, 266)(0.0424028, -0.498233)(-0.0565371, -0.332155)(-0.204947, -0.250883)(-0.176678, -0.155477)(0, -0.106007)(-0.106007, 0.116608)(-0.144876, 0.353357)(-0.0848057, 0.477032)(-0.0282686, 0.265018)(0.0918728, 0.190813)(0.144876, 0.431095)(0.229682, 0.381625)(0.215548, 0.134276)(0.265018, -0.106007)(0.201413, -0.332155)
				 (267, 266)(-0.00353357, -0.159011)(0.0565371, 0.120141)(0.0812721, -0.392226)(-0.127208, -0.194346)(0.00353357, -0.0742049)(-0.0318021, 0.243816)(-0.0282686, -0.35689)(-0.243816, -0.201413)(-0.0106007, -0.141343)(0.00353357, -0.0742049)(-0.190813, 0.469965)(-0.04947, 0.473498)(-0.024735, 0.363958)(-0.0318021, 0.243816)(0.123675, 0.392226)(0.173145, 0.487633)(0.233216, 0.501767)(0.272085, -0.201413)(0.257951, -0.265018)(0.166078, -0.371025)(0.0883392, -0.392226)(0.0530035, -0.4947)(-0.0636042, -0.459364)(-0.222615, -0.286219)
descriptor[i][.]=(259, 267)(-0.00613497, -0.492908)(0.0920245, -0.5)(-0.239264, 0.485816)(0.466258, 0.496454)
				 (259, 267)(-0.0035461, -0.492908)(0.0531915, -0.5)(-0.138298, 0.485816)(0.269504, 0.496454)
				 (259, 267)(0.0460993, -0.5)(-0.0460993, -0.326241)(-0.20922, -0.230496)(-0.177305, -0.159574)(0.0106383, -0.124113)(-0.0886525, 0.106383)(-0.117021, 0.35461)(-0.0283688, 0.471631)(-0.0070922, 0.237589)(0.117021, 0.187943)(0.173759, 0.432624)(0.27305, 0.386525)(0.234043, 0.141844)(0.283688, -0.106383)(0.219858, -0.340426)
				 (259, 267)(0.0106383, -0.159574)(0.0886525, 0.106383)(0.0921986, -0.393617)(-0.117021, -0.191489)(0.0212766, -0.0780142)(-0.0070922, 0.22695)(-0.0212766, -0.351064)(-0.166667, -0.14539)(0.0106383, -0.159574)(0.0212766, -0.0780142)(-0.152482, 0.464539)(-0.0141844, 0.468085)(-0.0070922, 0.22695)(0.205674, 0.496454)(0.262411, 0.5)(0.202128, -0.361702)(0.0673759, -0.489362)(0.0035461, -0.496454)(-0.0460993, -0.464539)(-0.0567376, -0.439716)(-0.0567376, -0.322695)
descriptor[i][.]=(252, 266)(-0.0988372, -0.461268)(0.0813953, -0.5)(-0.203488, 0.482394)(0.465116, 0.496479)
				 (252, 266)(-0.0598592, -0.461268)(0.0492958, -0.5)(-0.123239, 0.482394)(0.28169, 0.496479)
				 (252, 266)(0.0457746, -0.5)(-0.0105634, -0.338028)(-0.183099, -0.200704)(-0.228873, -0.172535)(0.00352113, -0.183099)(-0.0387324, 0.0598592)(-0.0950704, 0.302817)(-0.0598592, 0.485915)(0.0211268, 0.288732)(0.126761, 0.172535)(0.18662, 0.415493)(0.292254, 0.394366)(0.25, 0.147887)(0.295775, -0.105634)(0.214789, -0.34507)
				 (252, 266)(0.0246479, -0.15493)(0.0985915, 0.119718)(0.0950704, -0.387324)(-0.109155, -0.183099)(0.0316901, -0.0492958)(0.0140845, 0.228873)(0.15493, 0.232394)(-0.00704225, -0.34507)(-0.207746, -0.207746)(-0.169014, -0.140845)(0.0246479, -0.15493)(0.0316901, -0.0492958)(-0.0809859, 0.140845)(-0.130282, 0.471831)(0.0176056, 0.464789)(0.0176056, 0.242958)(0.15493, 0.232394)(0.228873, 0.496479)(0.274648, 0.5)(0.161972, -0.383803)(0.056338, -0.496479)(-0.0598592, -0.461268)(-0.0422535, -0.320423)(-0.207746, -0.207746)
descriptor[i][.]=(250, 267)(-0.017341, -0.480427)(0.0924855, -0.498221)(-0.190751, 0.487544)(0.479769, 0.498221)
				 (250, 267)(-0.0106762, -0.480427)(0.0569395, -0.498221)(-0.117438, 0.487544)(0.295374, 0.498221)
				 (250, 267)(0.0462633, -0.498221)(-0.0213523, -0.33452)(-0.199288, -0.206406)(-0.224199, -0.170819)(0.0142349, -0.177936)(-0.0320285, 0.0569395)(-0.0818505, 0.302491)(-0.0640569, 0.480427)(0.0284698, 0.298932)(0.128114, 0.153025)(0.188612, 0.409253)(0.298932, 0.405694)(0.259786, 0.149466)(0.302491, -0.103203)(0.224199, -0.345196)
				 (250, 267)(0.0284698, -0.156584)(0.11032, 0.113879)(0.0960854, -0.395018)(-0.11032, -0.188612)(0.0284698, -0.0391459)(-0.0818505, 0.41637)(0.0213523, 0.227758)(-0.00711744, -0.348754)(-0.213523, -0.209964)(-0.238434, -0.174377)(0.0284698, -0.0391459)(-0.124555, 0.469751)(0.0177936, 0.469751)(0.0355872, 0.33452)(0.024911, 0.241993)(0.238434, 0.498221)(0.288256, 0.501779)(0.309609, -0.128114)(0.220641, -0.355872)(0.16726, -0.391459)(0.0818505, -0.47331)(-0.0569395, -0.459075)(-0.11032, -0.192171)(-0.213523, -0.209964)
descriptor[i][.]=(245, 268)(-0.0722222, -0.469534)(0.105556, -0.498208)(-0.133333, 0.487455)(0.483333, 0.498208)
				 (245, 268)(-0.046595, -0.469534)(0.0681004, -0.498208)(-0.0860215, 0.487455)(0.311828, 0.498208)
				 (245, 268)(0.0609319, -0.498208)(-0.00716846, -0.336918)(-0.189964, -0.200717)(-0.240143, -0.172043)(0.0107527, -0.182796)(-0.0143369, 0.0501792)(-0.0645161, 0.297491)(-0.0573477, 0.487455)(0.0501792, 0.315412)(0.143369, 0.146953)(0.207885, 0.401434)(0.322581, 0.405018)(0.275986, 0.146953)(0.315412, -0.107527)(0.240143, -0.34767)
				 (245, 268)(0.0501792, -0.132616)(0.121864, 0.114695)(0.107527, -0.397849)(-0.100358, -0.193548)(0.00716846, -0.18638)(-0.0609319, 0.405018)(0.0394265, 0.225806)(-0.00358423, -0.344086)(-0.207885, -0.204301)(-0.243728, -0.172043)(-0.0967742, -0.125448)(0.00358423, -0.182796)(0.046595, -0.136201)(-0.0609319, 0.405018)(-0.114695, 0.469534)(0.0430108, 0.46595)(0.258065, 0.498208)(0.304659, 0.501792)(0.315412, -0.243728)(0.189964, -0.390681)(0.0824373, -0.491039)(-0.046595, -0.469534)(-0.207885, -0.204301)
descriptor[i][.]=(244, 268)(-0.0607735, -0.494624)(0.0828729, -0.498208)(-0.149171, 0.487455)(0.480663, 0.494624)
				 (244, 268)(-0.0394265, -0.494624)(0.0537634, -0.498208)(-0.0967742, 0.487455)(0.311828, 0.494624)
				 (244, 268)(0.0537634, -0.498208)(-0.00716846, -0.354839)(-0.179211, -0.193548)(-0.25448, -0.179211)(-0.00358423, -0.179211)(-0.00716846, 0.0358423)(-0.0645161, 0.283154)(-0.078853, 0.483871)(0.0573477, 0.344086)(0.139785, 0.129032)(0.197133, 0.383513)(0.318996, 0.408602)(0.27957, 0.150538)(0.315412, -0.107527)(0.240143, -0.34767)
				 (244, 268)(-0.0967742, -0.193548)(0.0537634, -0.111111)(0.125448, 0.121864)(0.107527, -0.397849)(-0.00358423, -0.344086)(-0.21147, -0.200717)(0.0107527, -0.182796)(-0.0609319, 0.422939)(0.0430108, 0.225806)(0.189964, 0.265233)(-0.00358423, -0.344086)(-0.0358423, -0.318996)(-0.21147, -0.200717)(-0.293907, -0.265233)(-0.322581, -0.243728)(-0.240143, -0.168459)(0.0501792, -0.114695)(-0.0681004, 0.286738)(-0.11828, 0.473118)(0.00716846, 0.487455)(0.046595, 0.469534)(0.189964, 0.265233)(0.265233, 0.498208)(0.311828, 0.494624)(0.318996, -0.243728)(0.189964, -0.394265)(0.0824373, -0.473118)(-0.0394265, -0.494624)
descriptor[i][.]=(243, 270)(-0.0597826, -0.490909)(0.0923913, -0.498182)(-0.146739, 0.487273)(0.478261, 0.498182)
				 (243, 270)(-0.04, -0.490909)(0.0618182, -0.498182)(-0.0981818, 0.487273)(0.32, 0.498182)
				 (243, 270)(0.0581818, -0.498182)(-0.00727273, -0.36)(-0.192727, -0.2)(-0.254545, -0.170909)(-0.00363636, -0.192727)(-0.00363636, 0.0327273)(-0.0654545, 0.283636)(-0.0618182, 0.48)(0.0581818, 0.345455)(0.138182, 0.12)(0.207273, 0.381818)(0.334545, 0.425455)(0.283636, 0.163636)(0.32, -0.0981818)(0.250909, -0.345455)
				 (243, 270)(-0.116364, -0.196364)(0.0545455, -0.134545)(0.127273, 0.116364)(0.101818, -0.407273)(-0.00727273, -0.352727)(-0.24, -0.210909)(0, -0.196364)(0.0472727, -0.0436364)(-0.0581818, 0.429091)(0.0472727, 0.225455)(0.2, 0.265455)(-0.232727, -0.210909)(-0.323636, -0.265455)(-0.323636, -0.218182)(-0.254545, -0.170909)(-0.0945455, -0.130909)(-0.0618182, -0.145455)(0.0509091, -0.138182)(0.0472727, -0.0436364)(-0.105455, 0.469091)(0.0545455, 0.487273)(0.196364, 0.261818)(0.272727, 0.498182)(0.312727, 0.501818)(0.301818, -0.294545)(0.0690909, -0.494545)
descriptor[i][.]=(240, 268)(-0.0842105, -0.439286)(0.0736842, -0.5)(-0.131579, 0.482143)(0.478947, 0.492857)
				 (240, 268)(-0.0571429, -0.439286)(0.05, -0.5)(-0.0892857, 0.482143)(0.325, 0.492857)
				 (240, 268)(0.0392857, -0.5)(-0.0321429, -0.310714)(-0.221429, -0.192857)(-0.228571, -0.153571)(0.0142857, -0.182143)(-0.00357143, 0.0571429)(-0.05, 0.303571)(-0.0321429, 0.485714)(0.0714286, 0.317857)(0.164286, 0.160714)(0.225, 0.407143)(0.328571, 0.392857)(0.289286, 0.135714)(0.325, -0.121429)(0.232143, -0.353571)
				 (240, 268)(-0.1, -0.189286)(0.05, -0.128571)(0.135714, 0.125)(0.1, -0.392857)(-0.0107143, -0.332143)(-0.217857, -0.189286)(0.00714286, -0.182143)(0.0642857, -0.0571429)(-0.0464286, 0.421429)(0.0571429, 0.232143)(0.203571, 0.264286)(-0.217857, -0.189286)(-0.339286, -0.246429)(0.00357143, -0.178571)(0.05, -0.128571)(0.0642857, -0.0571429)(-0.0928571, 0.464286)(0.0535714, 0.485714)(0.192857, 0.25)(0.196429, 0.360714)(0.271429, 0.496429)(0.325, 0.492857)(0.0571429, -0.496429)
descriptor[i][.]=(241, 268)(-0.00529101, -0.496429)(0.031746, -0.5)(-0.148148, 0.485714)(0.492063, 0.482143)
				 (241, 268)(-0.00357143, -0.496429)(0.0214286, -0.5)(-0.1, 0.485714)(0.332143, 0.482143)
				 (241, 268)(0.00357143, -0.5)(-0.0464286, -0.292857)(-0.260714, -0.207143)(-0.185714, -0.135714)(0.0392857, -0.139286)(-0.0285714, 0.1)(-0.05, 0.346429)(-0.0107143, 0.485714)(0.0607143, 0.3)(0.160714, 0.175)(0.232143, 0.432143)(0.325, 0.364286)(0.282143, 0.107143)(0.321429, -0.146429)(0.207143, -0.367857)
				 (241, 268)(0.0607143, -0.0892857)(0.135714, 0.128571)(0.1, -0.389286)(-0.114286, -0.185714)(0.00357143, -0.182143)(-0.0464286, 0.421429)(0.0535714, 0.232143)(0.2, 0.260714)(-0.0142857, -0.328571)(-0.228571, -0.185714)(-0.107143, -0.117857)(0, -0.178571)(0.0464286, -0.107143)(-0.107143, 0.475)(0.0571429, 0.485714)(0.189286, 0.242857)(0.275, 0.496429)(0.339286, 0.414286)(0.0642857, -0.467857)(0.0214286, -0.5)(-0.0642857, -0.396429)(-0.0142857, -0.328571)(-0.2, -0.189286)(-0.228571, -0.185714)(-0.264286, -0.210714)
descriptor[i][.]=(241, 269)(-0.111111, -0.458484)(0.0529101, -0.498195)(-0.137566, 0.483755)(0.502646, 0.498195)
				 (241, 269)(-0.0758123, -0.458484)(0.0361011, -0.498195)(-0.0938628, 0.483755)(0.34296, 0.498195)
				 (241, 269)(0.0180505, -0.498195)(-0.0144404, -0.33574)(-0.216606, -0.184116)(-0.245487, -0.151625)(0.00361011, -0.187726)(-0.00722022, 0.0505415)(-0.0469314, 0.303249)(-0.0361011, 0.487365)(0.0685921, 0.31769)(0.162455, 0.173285)(0.234657, 0.422383)(0.32852, 0.382671)(0.285199, 0.122744)(0.3213, -0.133574)(0.223827, -0.368231)
				 (241, 269)(-0.115523, -0.194946)(0.0577617, -0.101083)(0.133574, 0.126354)(0.0938628, -0.397112)(-0.0144404, -0.33574)(-0.220217, -0.184116)(0.00361011, -0.187726)(-0.0469314, 0.415162)(0.0541516, 0.231047)(0.202166, 0.263538)(-0.115523, -0.194946)(-0.220217, -0.184116)(-0.32491, -0.238267)(-0.33935, -0.205776)(-0.281588, -0.158845)(0.0469314, -0.115523)(-0.0541516, 0.148014)(-0.0469314, 0.415162)(-0.101083, 0.472924)(0.0541516, 0.487365)(0.202166, 0.263538)(0.194946, 0.303249)(0.212996, 0.397112)(0.277978, 0.494585)(0.33574, 0.501805)(0.31769, -0.249097)(0.205776, -0.379061)(0.0505415, -0.490975)(-0.0758123, -0.458484)
descriptor[i][.]=(245, 270)(-0.00555556, -0.5)(0.0277778, -0.5)(-0.144444, 0.485507)(0.488889, 0.496377)
				 (245, 270)(-0.00362319, -0.5)(0.0181159, -0.5)(-0.0942029, 0.485507)(0.318841, 0.496377)
				 (245, 270)(-0.00362319, -0.5)(-0.0362319, -0.333333)(-0.224638, -0.188406)(-0.184783, -0.126812)(0.0326087, -0.112319)(-0.0507246, 0.123188)(-0.0615942, 0.373188)(0.00724638, 0.485507)(0.0434783, 0.271739)(0.166667, 0.210145)(0.224638, 0.463768)(0.315217, 0.347826)(0.271739, 0.0942029)(0.311594, -0.15942)(0.195652, -0.376812)
				 (245, 270)(0.0507246, -0.0724638)(0.119565, 0.126812)(0.0724638, -0.402174)(-0.108696, -0.221014)(-0.0181159, -0.181159)(-0.0652174, 0.434783)(0.0434783, 0.224638)(0.188406, 0.275362)(-0.0362319, -0.333333)(-0.177536, -0.181159)(-0.101449, -0.126812)(-0.0217391, -0.177536)(0.0398551, -0.0869565)(-0.0724638, 0.166667)(-0.115942, 0.467391)(0.0362319, 0.485507)(0.0615942, 0.315217)(0.184783, 0.271739)(0.264493, 0.496377)(0.311594, 0.5)(0.286232, -0.293478)(0.202899, -0.373188)(0.152174, -0.394928)(0.0797101, -0.402174)(0.0652174, -0.445652)(0.0289855, -0.492754)(-0.0833333, -0.474638)(-0.0978261, -0.416667)(-0.108696, -0.224638)(-0.177536, -0.181159)
descriptor[i][.]=(235, 270)(-0.0707071, -0.460145)(0.0606061, -0.5)(-0.111111, 0.485507)(0.489899, 0.496377)
				 (235, 270)(-0.0507246, -0.460145)(0.0434783, -0.5)(-0.0797101, 0.485507)(0.351449, 0.496377)
				 (235, 270)(0.0398551, -0.5)(-0.0108696, -0.322464)(-0.213768, -0.173913)(-0.26087, -0.141304)(0, -0.17029)(0.0398551, 0.0108696)(-0.0253623, 0.26087)(-0.0688406, 0.485507)(0.0869565, 0.362319)(0.155797, 0.123188)(0.231884, 0.380435)(0.358696, 0.416667)(0.311594, 0.148551)(0.347826, -0.115942)(0.253623, -0.351449)
				 (235, 270)(-0.105072, -0.188406)(0.0724638, -0.105072)(0.155797, 0.123188)(0.101449, -0.398551)(-0.00362319, -0.32971)(-0.213768, -0.173913)(0.0217391, -0.199275)(0.0688406, -0.0289855)(-0.0253623, 0.423913)(0.076087, 0.228261)(-0.105072, -0.188406)(-0.213768, -0.173913)(-0.336957, -0.231884)(-0.293478, -0.155797)(-0.0724638, -0.123188)(-0.0108696, -0.155797)(0.0688406, -0.108696)(0.0688406, -0.0289855)(-0.0289855, 0.413043)(-0.0833333, 0.467391)(0.0724638, 0.485507)(0.231884, 0.387681)(0.293478, 0.496377)(0.344203, 0.5)(0.322464, -0.286232)(0.231884, -0.373188)(0.199275, -0.391304)(0.108696, -0.398551)(0.0688406, -0.481884)(-0.0507246, -0.460145)
descriptor[i][.]=(236, 271)(-0.0913706, -0.454212)(0.0609137, -0.498168)(-0.111675, 0.487179)(0.48731, 0.498168)
				 (236, 271)(-0.0659341, -0.454212)(0.043956, -0.498168)(-0.0805861, 0.487179)(0.351648, 0.498168)
				 (236, 271)(0.040293, -0.498168)(-0.025641, -0.315018)(-0.230769, -0.179487)(-0.245421, -0.139194)(0, -0.190476)(0.021978, 0.032967)(-0.032967, 0.282051)(-0.043956, 0.47619)(0.0879121, 0.340659)(0.175824, 0.14652)(0.238095, 0.399267)(0.358974, 0.406593)(0.311355, 0.142857)(0.347985, -0.120879)(0.249084, -0.358974)
				 (236, 271)(-0.10989, -0.194139)(0.0659341, -0.10989)(0.153846, 0.124542)(0.0952381, -0.406593)(-0.014652, -0.32967)(-0.21978, -0.175824)(0.014652, -0.197802)(0.0622711, -0.032967)(-0.032967, 0.413919)(0.0732601, 0.227106)(0.21978, 0.263736)(-0.03663, -0.311355)(-0.10989, -0.194139)(-0.21978, -0.175824)(-0.351648, -0.223443)(-0.0769231, -0.128205)(-0.014652, -0.161172)(0.0512821, -0.128205)(0.0622711, -0.032967)(-0.032967, 0.128205)(-0.032967, 0.413919)(-0.0879121, 0.472527)(0.0659341, 0.487179)(0.0915751, 0.336996)(0.208791, 0.245421)(0.212454, 0.362637)(0.300366, 0.498168)(0.351648, 0.498168)(0.318681, -0.296703)(0.227106, -0.380952)(0.0989011, -0.406593)(0.0586081, -0.490842)
descriptor[i][.]=(235, 271)(-0.119403, -0.441606)(0.039801, -0.5)(-0.0696517, 0.485401)(0.502488, 0.49635)
				 (235, 271)(-0.0875912, -0.441606)(0.0291971, -0.5)(-0.0510949, 0.485401)(0.368613, 0.49635)
				 (235, 271)(0.0218978, -0.5)(-0.00729927, -0.328467)(-0.211679, -0.167883)(-0.284672, -0.142336)(-0.0218978, -0.156934)(0.0328467, 0.0218978)(-0.0291971, 0.281022)(-0.0291971, 0.481752)(0.0912409, 0.332117)(0.182482, 0.149635)(0.248175, 0.408759)(0.357664, 0.394161)(0.310219, 0.127737)(0.350365, -0.127737)(0.240876, -0.361314)
				 (235, 271)(-0.105839, -0.193431)(0.0729927, -0.105839)(0.156934, 0.120438)(0.10219, -0.39781)(-0.00729927, -0.328467)(-0.240876, -0.167883)(0.0145985, -0.178832)(-0.0291971, 0.423358)(0.0766423, 0.226277)(0.226277, 0.270073)(-0.105839, -0.193431)(-0.240876, -0.167883)(-0.273723, -0.193431)(-0.350365, -0.222628)(-0.339416, -0.167883)(-0.138686, -0.116788)(-0.0729927, -0.124088)(0.0693431, -0.109489)(-0.0364964, 0.20073)(-0.080292, 0.467153)(0.0766423, 0.485401)(0.222628, 0.266423)(0.226277, 0.368613)(0.29927, 0.49635)(0.361314, 0.5)(0.321168, -0.288321)(0.277372, -0.339416)(0.208029, -0.390511)(0.0547445, -0.489051)
descriptor[i][.]=(235, 271)(-0.0646766, -0.472527)(0.039801, -0.498168)(-0.109453, 0.483516)(0.502488, 0.498168)
				 (235, 271)(-0.047619, -0.472527)(0.029304, -0.498168)(-0.0805861, 0.483516)(0.369963, 0.498168)
				 (235, 271)(0.021978, -0.498168)(-0.029304, -0.315018)(-0.230769, -0.168498)(-0.260073, -0.131868)(-0.003663, -0.175824)(0.021978, 0.040293)(-0.021978, 0.304029)(-0.018315, 0.487179)(0.0879121, 0.326007)(0.186813, 0.157509)(0.245421, 0.406593)(0.3663, 0.40293)(0.315018, 0.135531)(0.351648, -0.131868)(0.238095, -0.3663)
				 (235, 271)(-0.106227, -0.190476)(0.0695971, -0.10989)(0.161172, 0.120879)(0.311355, 0.128205)(0.0952381, -0.40293)(-0.014652, -0.326007)(-0.245421, -0.168498)(0.010989, -0.186813)(-0.029304, 0.417582)(0.0805861, 0.223443)(0.227106, 0.278388)(-0.0879121, -0.413919)(-0.040293, -0.311355)(-0.106227, -0.190476)(-0.245421, -0.168498)(-0.267399, -0.186813)(-0.3663, -0.208791)(-0.311355, -0.14652)(-0.0732601, -0.124542)(-0.010989, -0.161172)(0.0586081, -0.120879)(-0.0879121, 0.472527)(0.0769231, 0.487179)(0.216117, 0.260073)(0.212454, 0.32967)(0.362637, 0.501832)(0.315018, 0.131868)(0.336996, -0.238095)(0.278388, -0.340659)(0.0989011, -0.40293)(0.0622711, -0.47619)(0.029304, -0.498168)
descriptor[i][.]=(233, 272)(-0.0837438, -0.464945)(0.0246305, -0.498155)(-0.0837438, 0.483395)(0.502463, 0.498155)
				 (233, 272)(-0.0627306, -0.464945)(0.0184502, -0.498155)(-0.0627306, 0.483395)(0.376384, 0.498155)
				 (233, 272)(0.0184502, -0.498155)(-0.0332103, -0.309963)(-0.243542, -0.166052)(-0.265683, -0.132841)(-0.00369004, -0.166052)(0.0516605, 0.0110701)(-0.0184502, 0.265683)(-0.0369004, 0.479705)(0.095941, 0.346863)(0.188192, 0.136531)(0.250923, 0.402214)(0.369004, 0.394834)(0.324723, 0.125461)(0.365314, -0.136531)(0.243542, -0.372694)
				 (233, 272)(-0.114391, -0.180812)(0.0922509, -0.0811808)(0.169742, 0.121771)(0.321033, 0.118081)(0.107011, -0.405904)(-0.0147601, -0.332103)(-0.243542, -0.166052)(0.0221402, -0.195572)(-0.0184502, 0.413284)(0.0848708, 0.228782)(-0.0701107, -0.402214)(-0.114391, -0.180812)(-0.243542, -0.166052)(-0.269373, -0.184502)(-0.350554, -0.214022)(-0.321033, -0.147601)(-0.114391, -0.118081)(0.0738007, -0.103321)(-0.0184502, 0.413284)(-0.0701107, 0.468635)(0.0885609, 0.487085)(0.0848708, 0.228782)(0.243542, 0.391144)(0.306273, 0.487085)(0.350554, 0.501845)(0.324723, 0.121771)(0.217712, -0.394834)(0.0701107, -0.476015)(-0.0627306, -0.464945)
descriptor[i][.]=(233, 271)(-0.00490196, -0.5)(0.0245098, -0.5)(-0.0686275, 0.488971)(0.490196, 0.492647)
				 (233, 271)(-0.00367647, -0.5)(0.0183824, -0.5)(-0.0514706, 0.488971)(0.367647, 0.492647)
				 (233, 271)(-0.00367647, -0.5)(-0.0294118, -0.308824)(-0.235294, -0.158088)(-0.264706, -0.125)(-0.00735294, -0.165441)(0.0404412, 0.0183824)(-0.0294118, 0.283088)(-0.0257353, 0.488971)(0.102941, 0.338235)(0.191176, 0.150735)(0.25, 0.411765)(0.363971, 0.371324)(0.319853, 0.102941)(0.363971, -0.154412)(0.220588, -0.386029)
				 (233, 271)(-0.113971, -0.172794)(0.0772059, -0.110294)(0.169118, 0.125)(0.102941, -0.400735)(-0.0147059, -0.323529)(0.0257353, -0.191176)(-0.0220588, 0.4375)(0.0845588, 0.231618)(0.231618, 0.264706)(-0.106618, -0.1875)(-0.338235, -0.194853)(-0.375, -0.1875)(-0.334559, -0.147059)(-0.0882353, -0.113971)(0.0661765, -0.121324)(-0.0220588, 0.147059)(-0.0294118, 0.283088)(-0.0735294, 0.481618)(0.0882353, 0.488971)(0.0845588, 0.231618)(0.224265, 0.253676)(0.3125, 0.496324)(0.367647, 0.492647)(0.198529, -0.397059)(0.0477941, -0.488971)(-0.00367647, -0.5)
descriptor[i][.]=(234, 272)(-0.0097561, -0.5)(0.0243902, -0.5)(-0.0926829, 0.485294)(0.497561, 0.496324)
				 (234, 272)(-0.00735294, -0.5)(0.0183824, -0.5)(-0.0698529, 0.485294)(0.375, 0.496324)
				 (234, 272)(-0.00735294, -0.5)(-0.0367647, -0.305147)(-0.246324, -0.158088)(-0.253676, -0.121324)(0, -0.1875)(0.0220588, 0.0441176)(-0.0330882, 0.301471)(-0.0110294, 0.485294)(0.0919118, 0.3125)(0.194853, 0.172794)(0.272059, 0.4375)(0.363971, 0.360294)(0.319853, 0.0919118)(0.363971, -0.158088)(0.216912, -0.386029)
				 (234, 272)(-0.121324, -0.176471)(0.0698529, -0.113971)(0.165441, 0.117647)(0.316176, 0.0955882)(0.0955882, -0.400735)(-0.0183824, -0.323529)(-0.25, -0.158088)(0.0147059, -0.191176)(0.0735294, -0.0367647)(-0.0257353, 0.433824)(0.0808824, 0.227941)(-0.121324, -0.176471)(-0.25, -0.158088)(-0.286765, -0.180147)(-0.367647, -0.198529)(-0.330882, -0.143382)(0.0661765, -0.117647)(0.0735294, -0.0367647)(-0.0772059, 0.470588)(0.0845588, 0.485294)(0.0808824, 0.227941)(0.3125, 0.496324)(0.367647, 0.5)(0.316176, 0.0955882)(0.371324, -0.0367647)(0.323529, -0.286765)(0.220588, -0.386029)(0.0257353, -0.496324)(-0.00735294, -0.5)
descriptor[i][.]=(235, 272)(-0.00478469, -0.494465)(0.0191388, -0.498155)(-0.105263, 0.487085)(0.464115, 0.498155)
				 (235, 272)(-0.00369004, -0.494465)(0.0147601, -0.498155)(-0.0811808, 0.487085)(0.357934, 0.498155)
				 (235, 272)(0.00738007, -0.498155)(-0.0442804, -0.306273)(-0.258303, -0.158672)(-0.269373, -0.118081)(-0.0110701, -0.177122)(0.0295203, 0.0332103)(-0.0369004, 0.295203)(-0.0295203, 0.483395)(0.0922509, 0.328413)(0.184502, 0.154982)(0.254613, 0.420664)(0.357934, 0.376384)(0.313653, 0.103321)(0.361624, -0.143911)(0.225092, -0.380074)
				 (235, 272)(-0.125461, -0.177122)(0.0848708, -0.0811808)(0.162362, 0.121771)(0.313653, 0.0922509)(0.0774908, -0.402214)(-0.0295203, -0.321033)(-0.250923, -0.154982)(0.00738007, -0.188192)(-0.0258303, 0.428044)(0.0774908, 0.228782)(-0.125461, -0.177122)(-0.250923, -0.154982)(-0.369004, -0.199262)(-0.361624, -0.151292)(-0.313653, -0.121771)(-0.107011, -0.114391)(-0.0738007, -0.125461)(-0.0885609, 0.476015)(0.0811808, 0.487085)(0.0774908, 0.228782)(0.350554, 0.501845)(0.313653, 0.0922509)(0.387454, -0.0774908)(0.335793, -0.258303)(0.217712, -0.387454)(0.140221, -0.405904)(0.0516605, -0.479705)
descriptor[i][.]=(234, 272)(-0.00947867, -0.5)(0.00947867, -0.5)(-0.07109, 0.485294)(0.459716, 0.492647)
				 (234, 272)(-0.00735294, -0.5)(0.00735294, -0.5)(-0.0551471, 0.485294)(0.356618, 0.492647)
				 (234, 272)(-0.00735294, -0.5)(-0.0294118, -0.308824)(-0.246324, -0.154412)(-0.272059, -0.117647)(-0.0110294, -0.161765)(0.0294118, 0.0367647)(-0.0294118, 0.294118)(-0.0110294, 0.485294)(0.0919118, 0.316176)(0.191176, 0.169118)(0.272059, 0.430147)(0.356618, 0.349265)(0.319853, 0.0772059)(0.360294, -0.161765)(0.209559, -0.389706)
				 (234, 272)(-0.121324, -0.176471)(0.0698529, -0.113971)(0.165441, 0.117647)(0.316176, 0.0992647)(0.0735294, -0.404412)(-0.0220588, -0.319853)(-0.253676, -0.154412)(0.0110294, -0.183824)(0.0808824, -0.0514706)(-0.0220588, 0.393382)(0.0808824, 0.227941)(-0.121324, -0.176471)(-0.253676, -0.154412)(-0.378676, -0.194853)(-0.349265, -0.143382)(-0.161765, -0.102941)(-0.102941, -0.110294)(0.0588235, -0.125)(0.0808824, -0.0514706)(-0.0220588, 0.393382)(-0.0772059, 0.466912)(0.0882353, 0.485294)(0.0808824, 0.227941)(0.319853, 0.5)(0.349265, 0.496324)(0.375, 0.419118)(0.316176, 0.0992647)(0.389706, -0.0735294)(0.3125, -0.305147)(0.0808824, -0.404412)(0.0588235, -0.470588)(0.00735294, -0.5)
